23710.9845345035
2563.6066064767574
11937.586988971081
5067.3593160043365
26913.024115137123
1788.8534482425532
10719.553270013852
7425.354492973341
6585.175386149971
5232.93576986185
5057.53563703137
3785.0157217938117
8139.580423607514
3354.924863166376
5426.189364545545
17190.498555979466
7545.45108850846
5964.446033429419
4752.393060366503
21519.49419606052
11002.10907925407
6910.626570322293
13471.548821086179
5477.540557460598
4979.54728770185
7704.684428934142
1415.1502608658711
2633.69752325271
2397.7676944845393
16337.5245252064
9262.494015996781
5000.360314387415
3367.076847745916
4296.643763148903
3787.49887231629
3423.8243252530765
5012.769410258575
3741.6237813576563
11179.293111838244
18517.230294712397
8251.363836129703
3507.097263123234
3152.6907351533605
2218.696205377718
6332.373608721156
2946.5234034208884
1379.157333269866
3885.9643380998896
3005.0688756566465
2641.2409786817047
1237.8284409600808
4384.889787258061
4292.033435893312
4367.056985866148
3163.344235683778
4288.226725448818
11034.915345005607
5774.6432959050535
10435.62464396982
9357.49377418457
4338.466194648739
15962.741471503638
1624.3820548722779
7568.056573815031
9590.25626354407
2873.486664233283
7093.904226157672
7632.330400160047
3961.400028628751
7679.729171665932
7528.444901811466
4590.821912626143
7267.694161505288
4019.675380885816
2451.497455833913
6534.793054648627
7145.716887586631
6455.470437719417
16518.08838741541
14230.753196122298
7065.453451683116
6147.735853553745
8870.420481951349
15523.071871522105
14594.283085453082
15459.072731757442
9490.82143407519
29369.12311049441
8729.143905956113
6561.958929362683
21748.41173851221
7760.7675932636
9026.234801358962
14750.39975217212
8612.099256089256
5093.859186092544
8364.939652280036
7842.378412187146
7662.510418107642
4117.973887453602
9421.41803606779
1249.9150801922144
1609.0564292008514
10658.43830355336
4812.059080235402
14162.12851219512
12195.293377314008
14146.675450667137
10354.217102809767
16384.66074355364
10448.38512241042
9351.821139433467
6136.048784552389
10765.46898152049
9822.228645456342
20423.73724627281
296.1391951359946
4867.625883284241
3627.238910583431
5720.096043031345
15130.530114005303
8851.106626179602
5405.706813228261
3378.5840203799116
19436.329944353398
6207.198010735871
8137.377152267636
19007.545345146897
3516.2489723357794
7761.855850880884
6549.814942240662
9465.620649626393
8958.40274787252
23429.451634049303
7384.5235622723985
10505.434821891411
7512.026828714839
10203.276955984757
4247.197365544331
5624.468728929079
4627.237136458366
2326.5822332297653
22514.029797464187
9206.770360158464
13553.317554519122
13773.937278472578
8123.913563197784
10540.271622072469
8461.400222562117
6259.020936112861
2583.427299764043
17029.926632232455
12979.173721366327
8611.665769184967
8990.747302532325
12042.42439583201
8112.204970589432
9995.435541395578
11389.979411855253
10511.640170311954
18585.54306677558
12245.217748482422
45558.447085270964
20503.713519439578
23340.849118986716
16223.45816986157
20706.727987134353
18518.572678679036
9602.724706587802
19375.579843277053
2348.677993792182
6655.565445083136
32357.4292740182
28433.600739439815
27048.728144025783
28442.294166348966
12996.453949663743
50941.848102689735
6514.524459323441
18427.306548274755
10127.952773007
15308.839437381368
11232.49334477659
6312.871262603826
16683.287549393972
12122.81246084029
12346.287906298054
12080.53960195991
12965.192962339399
8829.166157164898
27422.132100603165
4973.999148262582
19106.371852234566
27324.213003531448
31165.55819633746
32313.225043756924
7217.152664615587
6115.763364635175
1421.4300043411386
16205.320048861353
13011.530565194824
5533.66884858015
6791.40332438596
11016.54398471703
30353.395820332727
12115.730406853634
8243.39305736851
10949.647249375908
12676.192957186247
12453.435447493994
5621.787664147785
10629.125411624282
5451.197601662529
7246.970366101106
4804.121969430933
1426.7692054663949
1866.5923202020474
3012.6929871175357
1090.2533841984798
4293.855049542564
1427.9997209830678
31198.816208135504
20939.75993030203
7851.1491268743675
15197.184898541622
34837.59839306674
5722.913352987842
4279.725117063515
5701.322214563498
6771.795698753578
511.48772435845245
3742.113649734988
6345.332295805936
6050.729372685997
4531.240038524542
4559.547791229985
7840.036146156866
5876.867571347419
4100.297488277657
6567.7827798980425
5128.889934288251
22409.013554900655
1077.9928413936036
9769.196723676034
6881.622297352786
8644.890111109513
9781.305716009407
8076.745800100118
6145.744940818705
4720.5674012607315
8470.732778356412
24401.371896668043
3707.469235403036
7205.6259286384975
6403.049413995415
3909.5644833514893
9623.13810955191
6477.527945259626
1582.88287576238
2239.8811651153906
1043.7382277962513
6374.277621961364
1609.6765118002977
12079.69114214159
4981.222277566654
19068.9590482029
11613.241283027217
7489.956558604138
12747.69917446482
10656.066743898824
11716.485481145577
4724.0171395205625
12466.00333747023
4522.074502907264
550.9250421696639
4800.913694912496
3961.917622827123
2666.923862145558
5069.552347567957
3297.13102296161
1421.889186256803
5818.732105051705
5062.050019841721
3775.2546234085216
22211.414724413662
4296.1688219417065
7532.23484147908
3052.849065302278
7063.2576648378135
34812.13867098042
8526.360331949283
14431.362191728234
9272.383423984766
8657.663258321307
3163.536802591982
634.4657709527422
5970.157367244211
6686.549701459522
7899.576020794735
8998.639439742841
11026.589744411707
7407.016999561191
8756.20806084648
28840.054179284863
6749.1595121062155
8323.201256491084
12434.34355675929
987.8351191796023
6260.980222102225
4785.48980624836
14380.588614537372
7961.096937431498
13532.621305653343
2722.2160660808745
10960.665482428798
8552.377382503028
5417.964537501289
9963.32435533618
7532.322195538449
6981.509953603614
7956.900717859075
20965.988353367145
4677.441564838591
5345.082827653309
8300.256739936338
5559.744044690848
4948.342016457524
10834.340374359217
7420.759728138917
6344.717765213066
6404.200299965007
12661.622166945173
13066.99684361631
7609.343117155537
6912.062679849285
6350.688181651349
7535.609900013497
5011.201102326479
11016.651751382336
4882.834522638094
13478.610140381865
2016.1661240681233
9440.065921004021
5698.809557146029
13084.711535654424
20344.44725572098
15751.885987412683
5329.296475793507
7999.346699170921
15192.745099083153
13789.248898248297
15280.77403963282
10204.285037644815
7781.776485568324
11009.014149524399
11712.845641911355
12995.938085376732
7643.879715957008
8323.681599641091
13236.796139142136
10062.555157260476
11307.081565326374
9185.01808035591
5388.279626671012
2645.0440879489747
5370.714903190652
7533.779945051695
5769.689532372656
4943.247227277066
5705.269474195378
5665.107923988272
5357.223808961562
5569.62163114
10269.442847273414
10143.601856627094
14060.837239998938
4332.05245734296
5112.645161529885
3812.12897997301
7242.616340053954
5892.207776856717
4833.946746184037
6704.445100803835
1896.4091088851853
8183.105427903023
19898.480079670506
7980.920945216281
5112.861212012125
5728.9029413599255
4966.244772285976
6423.162816360043
11504.481725054733
5569.164127942969
10978.28693603636
10696.087536134637
8038.213158455692
6739.664235937201
8967.622562469862
7721.216373478861
8528.53641306419
4098.725506875211
6453.780919613071
12973.901322989972
5724.9437209315965
9255.314640634946
5560.498875594783
16101.129517687767
21869.26910515573
3445.510886227698
3566.801211661095
14694.850106002985
22432.252426229563
3559.163015545896
10367.200691532584
1307.1852233486256
8260.928125003828
12374.885493759635
11633.155559086352
18907.22531332548
5202.730156425614
7653.888454610407
15692.640775416901
4658.429007362257
7491.57291645236
9762.687657985432
7287.525571782115
13816.551705410233
8724.827156579955
19354.17550669439
7803.301031341797
3476.4887071454705
5120.493147167627
7072.528114638762
1079.9842503158523
17002.412240673915
3284.2741952273136
634.4657709527422
11055.630923396224
979.2459317225325
4601.126024563639
4366.8578856178565
10656.10084928342
6070.0516649221745
8066.948846812453
10233.816597327426
10579.909578092338
6678.042779553734
8459.19569741642
13067.325910424981
13895.648177463489
5686.097415110347
7461.232135897131
5572.817251179264
10377.813462661086
8632.841965803145
3150.0844496616032
4380.666764887454
12405.80221841957
4265.369772520589
4541.714379998986
3645.2492184326147
26285.68152128606
14289.457378272204
3307.985085767097
4761.636212854091
3458.0702777632355
4435.642382535116
10737.774334711734
7514.210117687953
11646.547300558495
7750.002964702439
2206.442698144111
3133.9802849352086
6298.888402798687
1597.7881546248286
4036.0476115290185
2403.070514396357
1326.9687298040176
5759.579936023281
13253.991721863298
3192.093974886763
21726.44275265973
17620.628701033915
11335.420456602935
25794.47288035493
4312.769452745849
9652.250388700148
9016.322625074894
3374.8290473013562
5832.3646306185665
7487.514904984657
15002.852614620693
10474.18935776793
9532.086602518013
14869.550765097465
12481.121290430023
8897.347643447316
3446.422003177031
9473.14257687508
7106.5076823417685
10638.021666165514
14269.954707233901
8333.828135744609
4626.023050523434
8819.39149549655
10645.242591633403
5828.84218936973
19531.483391737595
6521.082729780082
905.1461373898434
5126.691053348763
16446.123291637894
11515.783819231297
787.5968789965146
5962.742594055081
5754.623413590408
8465.904832351483
6623.241270693255
7272.067755556556
6061.7038133221
9027.953668791515
18738.81703385288
10737.484509802167
14679.15496457386
11333.83118045363
6290.939835848188
1567.4765469797194
2409.7910546864273
11832.175456024443
11020.449508409929
14050.24945113901
10903.597949088304
8307.255029963902
9233.516575635478
10386.95547312398
5804.538372549785
7704.657099039508
6140.0525411960625
3975.4344403190694
4581.105273216347
15034.756624321088
7245.196604766676
9093.320152451839
6073.400203425226
2371.992152980839
7529.362367798152
581.7314133569989
11102.348366755768
3810.9497056117907
7454.447182841203
4189.311013811475
6688.001015628018
4056.127033772509
6953.740582277293
5278.216022722667
6498.199737674876
13407.755095462371
9558.649334299293
15263.781057201853
23213.35375783954
4464.66342198246
9203.44398213761
7676.849202785552
6395.230163002977
10318.334738387957
8812.402648782554
5445.957195201895
5703.413389531748
10568.994078471822
10358.214985736771
1406.8431357822853
5904.908232446511
5401.095045496066
6002.272914319974
27938.76184921404
5361.672883657192
11311.368014341007
6164.059765924533
5664.761755143273
10430.066139106855
4748.425790057542
4739.093755366822
5989.657258577667
3726.682199884568
10226.663594863108
5482.1715523064995
8019.541784408899
4081.062324319474
4598.944291420259
6819.428642677979
677.8810646424836
20117.782392797748
4517.319620049564
4630.308480089242
5660.983602017693
10401.53761709898
21779.789966152995
11192.064683453214
18764.606426644965
3533.102072671863
6121.4830992938705
4147.418033676943
5018.756342864941
4363.587261811109
7310.8007405359485
4007.3923368364594
4693.613424931518
1785.1082440079115
4858.313324610321
3364.611446035224
8196.079752695356
1093.4687570119343
3654.820985958104
2964.2820132777806
8128.877718525423
4204.38628560959
5823.233883194779
6341.803421064863
6496.214350821462
4102.889917663725
9064.831249411218
6864.014511818147
5521.035819524701
9414.817647387523
1053.8517438830563
43143.632044188256
5572.955611622952
5633.641460074173
7088.253255124778
6154.999272196913
5608.5552227617445
2137.1245935494767
8839.225037704267
10681.063684085908
5082.368391631506
5191.049134678141
8034.7921302220875
2335.8919193033576
1316.9299681124178
8789.846262582647
3438.762197223522
4682.717466377903
7232.903913248157
4834.5547390314505
5926.107642819897
1190.9818842802645
9066.608055828332
6504.049694841428
4406.495079240095
7758.233696301475
9058.289324777286
6821.178886668716
5961.020169051986
2297.8777022858253
4342.684267279059
304.7319004532494
1775.8392297847497
2632.582023297855
17960.280895760723
8440.329740144509
11761.205072889197
13434.526518051582
10194.148513407363
3836.9330071921886
9778.322454441046
3482.1620193115396
12009.409927900233
10849.622808442593
10912.15033372811
14260.967114014044
8918.592186020398
10782.262576439436
10961.232819463396
4201.702776195366
8030.731620353682
13573.278462712015
11228.031432836717
15038.100151381555
2075.605020806621
11589.244434251717
296.1391951359946
3081.19018755777
20386.038923494718
3581.1064063235217
3890.973228456192
5914.175397117447
7936.031398378323
5267.68774407832
5744.319216113376
14866.684777440034
11114.259264612441
5897.25711054917
26164.275864625328
10797.974736940016
15227.652867365165
12560.789269674824
20233.764273128265
6839.499357437723
5718.183318658506
6108.728797835589
4894.049550592052
6271.212593396356
13325.925946661342
11865.423214861008
8721.238855102647
18133.632923977028
10736.097097731943
17614.78822515555
20465.547784180373
527.5517700262903
6753.23310042713
11061.79410851875
11277.821369376077
4312.561820269264
10180.061719324596
16341.519814708223
11187.865177690637
15392.492385210813
8541.790392845192
8673.561013053804
296.1391951359946
14565.6032057466
6462.415425573733
7709.750619355971
10294.858844547027
14992.01013701884
10857.535555617387
12004.452702890607
16897.748189692087
21472.050609128204
2667.051186524329
15091.755709696414
6983.287247879179
8790.949415531779
3617.246232400193
1401.5077534613774
1584.3455496792546
4363.341260767243
9332.900886091553
297.25031074271516
1401.415814537248
2397.7676944845393
2279.846604294809
6583.99960131002
5195.979802347095
7295.575996678733
14362.537714049939
4320.682499116045
6375.859473836134
4059.6640637876294
7225.511427668116
11122.366818434104
5420.688895755386
7325.827562359633
32474.866085040358
13234.581083143406
9312.39383641126
8897.327944560033
10101.731593954924
9725.25633294781
8445.572223059009
12321.272654845188
9279.835911322383
6094.964076097581
6701.766627494517
8879.298109361187
8525.322833774462
2955.8681614283496
9367.059313826298
4992.437108297692
6431.6985840823745
10488.96769700582
2079.192030569975
4887.742904928432
296.1391951359946
17644.716692098264
4777.110551673976
26868.517632031704
5711.27090480689
15965.619902065502
7104.7612939890505
9726.884928168809
8340.132654654271
9532.739878072773
12180.225334544632
6222.908497625943
15269.737388242225
5792.261432358524
4618.87043610896
13748.850061383615
1620.1004558916559
1830.4613313023156
3247.2117129635985
9776.775188731435
11269.689985309857
8943.864098198035
2748.442332765496
2749.1079875582614
2748.442332765496
2749.1079875582614
12790.4272588115
16811.80191810619
8307.843651320996
42486.846860231926
21612.615004440086
11359.238032106432
14983.663643482672
14852.747610530552
11704.311359141766
14082.271988889506
7281.286177573176
12539.748555299127
20377.49886823602
11937.020143470663
7393.064307770599
9924.623963336435
14135.63934562913
26469.303753725384
8789.99968872192
15506.438665065716
4924.09243485617
14615.558085659699
4952.111992616542
7121.468486799608
10147.34374766155
5364.2841198969245
9096.502055000463
9606.082019741089
5214.544556458551
7764.545909457116
5381.25147929847
7700.336433203033
37387.76679528914
18418.956395569177
527.5517700262903
11192.411920252596
7017.8359638595075
7205.959005580053
46203.225698053284
6246.340982623708
7723.52783856181
7922.8930117395
25755.702529692964
10541.41445840219
6427.5458400152
9046.775967474896
3791.799480016068
2339.698010402205
5127.392392368749
4564.708743442008
3835.658040096849
4043.8168978776594
9893.507082947053
4511.5814339613835
19965.709391405537
753.3247330214217
7168.307369063176
6919.955825479926
11833.884982972362
13815.866877800705
14695.271090918939
1401.4250095153984
510.38178833662266
8493.96672489368
18831.57983341114
13296.30860668507
19059.06472810075
12345.80935658476
1222.122841900431
34667.77416056436
6291.840904895806
13214.71170184526
12285.608972530634
9793.286907773134
9809.991866251736
7768.584451434484
9779.022967649787
18490.90934193986
12485.441654049504
23678.619296271398
14396.791329486032
5933.556998384834
13434.533015844861
12912.03492285444
10167.979105133007
20172.25554297633
16928.044793698864
11489.927361246278
10472.524961096191
19387.654062440783
3064.983785316119
8023.377442093092
7307.546511414682
8208.61978416944
11430.91017152265
4474.383019273424
13709.925446459441
5196.909405889965
14171.467065358258
16080.427039990513
8285.011844618593
296.1391951359946
9503.902793998805
23640.610703523173
22550.091138674215
14126.475771419822
11033.03073672678
12052.031650653202
11631.768543875714
16214.130996408836
26456.727331806374
9433.709217507641
6674.469833209455
7712.7618576193645
11490.894350889786
4789.11878719876
4913.28105447907
6656.895739844059
6111.056631936008
634.4657709527422
4732.368926409579
4590.456057279596
12911.18375071954
17343.558927811155
24634.492763232396
30863.863555345026
23095.833633898357
2903.3000853261447
2105.928034139557
3245.330552717873
3258.4644531705026
4716.490035436992
4059.971461056282
3466.8926433867955
5307.347313110746
6657.70536010757
5842.528613983947
4891.683194920392
3193.5263164041553
1550.0542179894385
2568.0691493662375
5822.281260709064
1386.4695974265055
2127.5129860645748
4548.507871436743
3860.493025422898
666.3723075258367
6066.6649787961915
3325.9475422751248
5244.8595161586
4771.7078134007415
1936.3060927591569
2808.519311667954
7860.3250914061555
12555.631655317142
6232.5630824938235
2121.392848575979
2252.166665239194
779.9559863885403
1503.3926470368697
1721.9530560544608
1034.9347665136665
2408.1827648683097
4989.675769682655
2794.283830012614
13215.139603690825
3161.048547238534
3324.502050069197
3387.3540540450126
4754.3334396726905
4533.2790378885975
6377.4928968744225
10546.753682313232
6365.518797186482
7305.7893955694535
1659.586099048967
1946.1980296055983
8899.130398807985
10416.963376920561
2935.253750090104
5155.856479329486
2097.8779343614065
12067.191165284683
581.7314133569989
5978.021870902387
6695.693381626397
30531.155499334574
13434.484630391202
11611.925331234459
9046.844330914375
8166.129718760456
5350.313701096895
3999.5810615517307
11131.257547829762
1368.9020383822876
3903.674384517355
1414.735164328708
2993.323209128341
1095.9322150933308
16104.343550682295
6815.214922635967
6494.673688004794
12530.052970866278
9007.844737775556
7296.103164155583
5507.218314264966
6976.02926999428
9478.816219460887
10892.480444322488
5983.106312432739
3696.910528419782
20066.160310370942
6592.042520635376
6658.029775910644
5618.684219268846
8560.920836758702
15005.309459928894
8506.128340917065
8294.149002277263
32874.27733558598
10176.181030352569
10007.463030764195
9701.083414074401
8035.406052661398
7967.303994443583
5234.833637124783
6623.1476143783475
12764.73663673823
25817.914879896107
9285.241094720417
13247.73768845165
9548.676551420109
12293.709093413663
7347.217550354264
8830.610919917359
5177.549036472661
3348.8727202011773
8379.738831962803
10769.150183983716
8803.617406417732
11515.421440420612
12387.784975484967
12218.720740467956
4200.6172593721685
4222.364819494287
7151.40784154491
7211.911061085679
7478.2743955536935
5040.669983460314
12628.897581704772
5215.06583268482
11053.425840160558
7079.463889758231
5619.260566258104
10388.823653930456
609.1629175898493
6400.193170321178
9758.638365304669
3869.1059660523983
1950.9233982610622
7593.803213518414
7072.6754742789
7845.658733691178
6672.945407538989
12606.602863724294
1164.3580040259446
9366.018586963091
12074.744559674504
5358.738847232762
6435.277810047455
2220.4854795838232
6798.5524775521835
11538.266992535711
19086.412280455377
4946.952975857352
6386.125005248051
6091.893472505299
5298.573803160972
4465.338860174891
4517.724016595612
8262.046540854988
10802.105189556529
7688.424625527363
12364.672670781558
13848.68464108052
6914.321551679046
10265.105962802732
7371.470804490614
15742.470964010245
8048.831057369397
7168.930208146146
5954.124114409815
13156.885064467628
3992.026626516559
11738.666097398585
634.4657709527422
5812.893726844769
4900.504947631619
4003.207258903482
17743.266408757125
6189.385080962747
7595.177224113892
10398.06127657744
6217.063492518159
8433.24687642093
7148.319559738026
8416.126324009641
10904.117967341792
4949.47419358612
8981.616068444066
15154.591618736287
11451.234015527083
3025.2992850353016
2783.6105173024303
3545.2751293786396
2340.539421566202
2661.010485291327
7017.66053542956
12388.84313289337
8852.740806120268
15595.28482342676
6314.611531588095
8975.358819241836
5137.294283115123
9870.58518909767
1444.0291254295905
3613.4489170351303
13741.092780051436
1054.2593060174222
8677.116170229303
6208.424417912527
5967.688810638748
5427.403629652134
10142.676857389255
9545.385172297973
3650.594370638143
2756.3908698530986
4318.062233514176
5748.408788166195
2821.7414953535013
3496.7013524609642
24297.365116197965
19605.13522621469
7399.889132801913
9500.690459768124
11812.448143532712
16097.551547666566
6661.816349461575
2591.386816192338
1326.9687298040176
4325.7439895130465
45497.720866755706
6360.871421649707
11750.884980313636
13710.420100438008
21275.618929239576
12519.789157889147
2789.598732143313
5820.692065481073
542.8231850744163
3720.1826122288394
1644.587292075319
2098.5434863273094
2325.708744754521
2524.1803109631114
6113.4840723534
10768.464831388712
2692.9948289842305
6000.987299633701
7929.595276327278
11815.83805028005
8885.616895445992
6870.157545524146
2673.7317478743557
1646.9048274097102
3338.8313466822074
29159.744797533876
5242.267181450133
10130.559697456247
3919.9255632564955
2856.1918720519384
4012.271258317472
1765.2924288545544
9270.813760729317
2584.686835020289
1892.024159757168
1512.926431187602
5516.929386861037
3658.7654495129186
13188.11473907887
5537.249992898926
5154.792314187981
7208.069786653403
6988.619836641046
6832.291461843397
8791.355881719643
3394.9595379831103
14031.266631998278
10011.778490237413
10708.822678695604
10973.056496539994
12851.121845769438
18375.540011073088
15899.647027785748
6431.392877448332
19817.39683395176
23770.247765498836
7376.021233108787
11246.224256772579
16745.552708065967
7782.822417005275
15139.072137229572
9081.739600125784
9415.171007435221
13513.638598272897
3078.004267327914
6659.339262735982
5057.374118906041
3723.457339919525
8509.434115827287
3244.809602231012
6404.426105564828
5532.674604400046
6976.03500763851
4847.734977307313
3774.426219733879
3742.0383317612686
407.1081079122409
11745.895566509751
10420.055644300357
9918.95264463561
7225.346738617747
1804.5356752401735
8500.781675431484
10898.976613294082
13264.156130385994
8544.728780716527
5942.343309249725
6665.610667337334
33081.746780275935
8833.367458621076
10715.935433412958
20656.303351259397
7611.19808094284
10765.978011713512
1927.1524204580091
7230.9602370693865
3215.4842554918228
4260.46371661267
9406.804188332253
8390.336478470068
19160.414933696055
5793.24270089945
2935.708488948612
3553.1711105342147
5222.24895717597
4240.324376085071
14781.257418602034
14705.402358478585
4289.185125819391
4175.951992361102
8962.594236204177
2815.5260225503503
5338.13076497028
3215.7966934644387
4429.979063260445
22992.424094962465
5651.238285834092
5010.2025555771725
5724.991014883123
10358.827579174847
3179.268994058984
3879.1764367154124
8933.096047038815
9031.68127943996
5716.3132056501945
7957.76158490443
4549.897046296004
7886.98312765243
37364.21723813081
5450.287806832348
5343.294889347931
1277.0172608863552
3955.6096873836714
1502.2134037736707
6112.262442078774
3708.056294163565
5725.2677114574035
22769.629621163884
9877.82146504197
4799.536218148238
2084.033816698398
8700.321541815958
6220.721226374317
4553.905812435195
6021.943747660134
7776.069764777529
18516.134492807658
3785.895940444295
7926.165075726838
5410.021676741867
5626.13502553768
9515.354421484033
4147.32379693746
4085.7092818670294
6390.561933460997
7752.846659299584
5847.2309272200855
5362.3014176595325
4245.912486997236
623.7514096567473
16387.18822472562
5196.045699827373
2952.900737763116
4911.63896688527
8455.309355128811
19588.514139781415
8904.856615459717
5606.219494506979
15977.223175523019
8274.779499316575
5236.681002285307
6725.812300149699
8685.471695255468
21691.78065658234
4556.3546501074825
7952.898933025351
3969.9592638427125
8206.011824348237
11442.802704438547
8248.712386548317
5941.389179093064
5105.47332028738
7054.613976693486
4863.110924126429
2824.765212369854
21552.152630616536
5196.651124205929
11080.059710084317
8522.330816347623
26591.178597840004
4921.35708478529
5544.6010544818
6107.258199678937
6167.564063315594
6842.49605287317
4991.718227178918
634.4657709527422
5457.646467271958
8655.753264148594
21721.060543444324
3334.632510985398
9866.089430439
3708.525095394882
8182.573956705363
3878.056116504488
4948.810509874537
6984.051158508195
14441.749446860727
6955.0300467197285
9626.493578525531
10972.548266983487
14144.120846198099
2700.1084666414736
8052.535749590549
17970.58550317067
8426.23349358816
10164.54661978471
8763.168842702822
4934.568678894151
21264.343968627247
7718.421549701242
2880.9118886319284
19107.5201585901
9814.611632575816
18013.46949541363
7822.734011857608
8204.177469339676
9298.836528269701
9099.43302105199
20862.533363825347
8601.711359049556
3489.3156160582084
5548.5136749788435
21016.986244170912
6512.302625289904
9109.502457818935
11144.266015856749
19972.43140370705
8508.387512742314
9653.525279982396
7586.55939362887
10129.50878535697
16094.714588692712
17406.00007717177
9203.078243137697
3793.173834643548
10755.419268149377
11535.876361802912
4114.385007149786
7843.637593472237
13584.28119516201
15021.12625190826
10879.355847370682
3930.7858529353493
4063.5283624081667
1414.6112542209892
6958.863209491461
298.18696790078207
7214.988994140065
7432.654208453354
30587.16266434073
20256.78736186426
19835.306108208995
7909.355741750937
11317.053136319348
7130.428288258158
8393.872606476505
12268.323868592479
5382.512204186562
8318.088801057214
10578.196695483783
1239.1599048987284
903.8690830556643
4196.510640100153
5423.415578543221
7235.291921565827
10132.952535894485
2747.388048930716
10031.26251687647
9253.695010706859
7700.120149047407
11186.705065400007
10736.414178377798
9050.332646152083
2752.1159909849453
10021.4258701239
13659.10666866019
8076.492568874017
7159.678872380641
6481.093672410247
4257.820847568141
5774.175337035868
9839.638073942833
6455.638281347104
7796.775230260608
10059.548700112004
9762.002261129559
11599.817723393551
2967.718245836796
8525.958609825375
10759.08630928558
4377.756794149773
6294.76791098102
3987.853108884849
10773.066131225352
8097.412956320242
13285.103721345957
17051.626049023853
8535.106936529812
13390.357476690837
17771.71068968716
9015.240107571424
296.1391951359946
4690.058152156538
1171.7301100722761
10802.184984321495
2193.3701217386238
6697.352399137161
5518.674711780426
6355.438575699843
8319.33700927155
7129.309503983911
2678.3727931715116
4041.396709241305
5892.9203424334055
4609.212328456256
2534.593715192052
1033.884298310118
5904.1051738603655
8358.816616514781
16363.706109392446
6849.032200044063
18604.037958623634
7060.486143138337
10518.539529994561
9125.636077369947
24643.59602486732
12938.216957132776
8353.075137794465
6206.4743086341305
3176.717468534504
36844.3489666896
2965.7370229790504
6587.707373989065
4690.945102929576
21558.003460783704
3435.9611366815175
7069.18069260871
7371.509397760016
6989.321368704758
296.1391951359946
2688.8882770040555
4425.6406117757
5354.074574353216
9461.66841583032
438.556079731607
4376.848725089073
7945.1291797516415
576.6812120161268
4307.32624331152
8132.306763850786
4596.588002278774
6909.56342900218
7445.976666100883
4013.837133841353
4013.770534210264
1626.3755008272904
2787.6556410381572
3800.3613450690127
8143.93743240099
2809.8025069262403
2635.9225960974486
3022.109941174374
3497.7314949662405
4420.949159127023
1861.669884663708
2351.1154349465487
2219.566111988721
2903.7141021985476
4532.054547611953
5659.200708849786
2277.576251998001
4840.6618007073985
1460.9450762148006
4054.782829602455
4345.549553168102
3985.5441746237298
2780.7011592051545
14475.512534863381
2839.93725628009
5170.75151481534
2845.0404299433335
8013.012161808497
1768.1040594557703
7916.156195518737
8513.60074639264
2236.0607052153464
3183.313570368099
3306.8690789017105
14453.996496320808
4623.207621753747
3012.4961507462194
4733.146789669866
4943.700217617394
3142.624688838352
7450.277157470808
6320.345727739354
3236.3342111552006
3056.9935168486
5300.644421928399
3770.6536353482334
3280.5142462738563
3292.509774993332
11434.320084155628
2599.0598012748324
5435.136377031994
16876.202441975434
3129.0044754995906
1781.6427619691099
4430.493514940403
6407.598182903346
4144.704543145845
7929.876418951167
7620.012143097557
6310.271632887235
9409.19089268631
11909.041693175908
4331.668117762869
2895.0164775973763
7962.174547361602
5163.349698267228
5730.755207549878
3813.7897787776324
3279.890837924692
1878.8172157677445
11333.904235226322
5124.823356648717
6587.427933362175
5815.940647802645
6883.221682843171
7873.938248000841
3554.538053341415
7180.503854436525
13102.48407893463
5224.765204111543
4772.059400384222
4330.520761840894
6516.265806397166
12039.846366255557
11635.556189177043
14210.457505741348
6225.550714220803
11004.80642412097
14864.25571638815
5205.665624883132
15361.258231707698
7301.562624528843
10214.18411208151
1515.9694204407751
7016.135898197317
11295.21767180846
7363.435838108376
7171.105672853065
17917.2999999416
4810.011734743723
8418.537704817916
5645.194215867945
8350.698757329246
8347.108227513134
8005.933808006704
4607.887771203748
8333.894721561177
2997.4989442743963
10643.037487085083
3615.3721853884795
8885.25694926075
3918.2277174073897
6632.936562008722
4282.371081855129
17544.25119680187
7773.23537017243
6907.256012539746
6425.828061309162
6749.7586006598185
10711.564694533674
7282.289179353635
17047.96491577014
4977.454847671819
8559.749647899982
4849.807639729442
7463.825015296319
8745.137600754893
9618.341534720614
7537.295628534409
7585.227198123007
17405.497909474492
9300.299841041886
8811.196546231491
12098.874172386422
8775.137379898037
8471.016257254147
8863.169918516578
11999.831957175142
8148.93300716115
5928.406373886663
14001.683782522348
7138.815906617671
2803.83062258802
7073.218771265605
5272.124963040162
8839.663055433723
6894.018406038619
1396.0447060028216
9895.870876210649
5498.770764273628
11044.358164088704
12554.930183581824
44968.56197068799
18662.45775885532
2302.825404943741
6616.350394303065
11973.87136183284
17442.377051162915
19190.760471870813
17297.066796037205
21996.266585433837
27360.091771856245
44169.744929358414
16796.371677985302
4696.957185844597
5268.7029609415285
4327.69336307866
5192.125206072345
19681.920009410336
11412.682088152455
16403.132670199146
12642.519916237583
16181.707800128925
30642.086893819345
20206.684254740452
20169.97249016486
39425.75078616898
9106.519656253888
25987.016702423098
25330.695523813887
23751.32639207269
12532.134815102847
27875.969318873184
9529.19872899509
15304.586080806868
13251.925396333885
4897.168175267607
4230.400829352848
8258.582035674654
8798.147670929966
10291.033201815251
7434.803738576441
13382.192726329997
7975.019441358896
15994.773115814225
22309.54023601695
14383.68552986153
14177.625785297145
13513.760872727118
22217.229497091666
4942.938409353715
1186.3815508929956
1424.5349848331027
513.3713829711643
2228.207861375224
1924.0980141300552
5862.442396408079
3428.187244562616
1214.1948450754505
2036.313483112173
1407.2411318124396
2903.4149943871657
918.3934648408283
2729.048926681131
5834.5025780551205
4752.103655922081
296.1391951359946
2208.3978465344126
513.3713829711643
677.7312219515833
694.1064342087086
1848.4587290173092
1091.0223086177461
2588.84668719758
4964.224981047441
2187.1052095185496
2328.6436526337357
1459.8948801060167
3095.705453696812
2737.059985273336
1336.4746605022983
999.4726125458196
6364.43064831481
31166.07369810062
2653.9523712413
12745.60194611015
10395.281193714529
11640.73572221982
1963.3049965387445
11928.427275386788
8371.671108565968
10795.269900382054
6645.82686443433
12049.873188558491
1560.2150966408317
803.531881281115
14640.372408587606
6318.18253378415
8154.848409690231
1768.83471776077
17170.5208985473
5883.710126485948
11349.2543707983
4562.858732619497
5067.4794970697485
5506.751202899137
2403.1553381476588
1326.9687298040176
5789.644149425524
634.4657709527422
5828.788882755105
6110.3055331074975
618.1091315147588
6936.1528494286995
7813.1901106755695
3742.1788502971663
3679.9121244384037
3702.381020663954
3875.795967470915
4288.524499691628
3837.129701631671
4246.7174031210325
4307.504387921478
2698.0412240353844
3082.715837870422
2422.7372053584522
3572.804397059781
7117.554653197322
21172.056077115325
6558.837956074298
6589.036504347872
2593.3826850127275
4344.7212798099945
3989.038324624683
3712.9523335698154
11581.872179628563
15013.40161969856
10279.807992317765
8378.143373526009
6550.744025099487
2900.5991522205677
3005.8096787907302
6474.140309532251
4068.501016350226
1003.2221106823652
3249.9553964360252
19881.9795451007
3646.478212879362
10177.9977250692
4049.524769247744
9099.244348693914
7745.219371159872
8574.821966332347
4213.393470995716
6366.418489799298
11134.895571686913
21633.27463026555
9627.29564258036
4791.517001060821
3488.9653691922776
4866.905563846868
4323.368264530199
2678.0723588730093
13849.924006135048
4973.009535046425
3929.4897337327943
3999.0646507758975
11356.260569380518
1797.5024245156462
2436.0181059450374
10717.414325790853
6887.722772567819
8942.83622268472
7048.6226851588735
7132.668324368208
5728.118135328228
8286.586096679752
296.1391951359946
3109.237144727036
16821.984336811787
7769.187011827264
10020.840243333647
11268.905248365905
7395.555787136097
5070.4847707209465
7092.595389778706
3531.2890290091286
5616.412742024844
9632.826309055781
4206.81353636486
4743.284947243279
8537.250616539312
3235.8808895032803
2932.8179797772686
2942.4172610495884
7929.217241302076
464.1036163803382
27023.37727554529
1126.7925070858503
8295.899633814473
8017.408203468185
14326.556933279246
5990.400307655177
17245.495459310765
5641.921462079352
20051.555934604054
2842.817174242743
3498.9744039946377
2044.6949678744322
4719.730049455138
14223.577489759957
17602.347674612833
15657.022637747163
11984.164671780356
3532.1712411703884
15380.713673320099
16830.527051199686
11867.005003163793
7194.412939376004
9902.639892519772
21733.98588629877
4649.365399526899
9156.44240616714
24115.290462575256
4690.9075241140135
5635.703391180217
9537.923592859363
4132.597774131555
6818.677373202861
4874.767571736617
4810.259950850103
5969.771823001053
3334.8119971516057
3528.2164312280747
4180.011891485335
5933.5129619125955
8133.358348330077
2137.1037833781693
6035.092650110048
7034.994393087231
4990.328295206732
26774.39374161573
6964.128945256374
4523.107982703064
3481.6788792627935
14230.109527494511
3917.4952048278988
5775.363061962707
5849.056116367433
4784.908809059899
634.4657709527422
9138.539625087902
561.7128801425051
7077.215652591605
8401.805583847745
1406.9524666146926
3147.5745153690555
3521.4931343115304
5911.698317653294
8199.486914794152
12763.760403147988
8215.318328990343
5635.938987620588
13189.200986520353
3734.5156737624925
7275.878407642073
296.1391951359946
4116.9096148545805
14038.733422470357
6937.262269526958
4626.004323746217
8721.94028795091
9559.367348628106
9424.867966253883
31040.975126957128
2428.6542853218793
6029.756225679382
12721.871235256021
10604.685042108778
6321.697425727233
10978.804724909825
11972.23014911555
11564.311891957228
12676.865245342113
7382.098459532616
7210.004040036827
10431.567506325438
11611.152368735407
10100.210908578554
6885.195122533795
8239.652226537346
5255.905921708734
2933.519141224094
5292.7799080017885
9908.732547859472
11843.418976770796
17497.65259694167
1819.8194134558628
8917.793852163293
12469.594196411343
9251.66274316969
8487.981394124452
296.1391951359946
2452.7370110344646
1013.4237181950471
10612.338284270501
10474.936680426177
7891.894083700564
7647.720333664105
21575.160973268743
8310.359762325425
14900.052739453564
13327.959921034146
1809.3544572971794
20044.74533972184
2457.21350643762
8622.539424443607
11163.854445407585
8366.381005534151
7017.942946458914
7701.247200661727
10715.45655514932
6280.820910521155
6695.462326286765
3562.711459689395
7069.462942322207
12424.343220264689
7175.675867015806
5074.454448368089
6900.2331574083155
14771.641674168764
4156.0481840894445
6386.353339843947
16927.676725305053
2562.9274600845247
6524.293604556666
4785.192238890568
2449.0956554327195
1326.9687298040176
6072.15634357362
2347.1842482804655
7257.221709502031
7788.616213722995
4445.897317348103
11222.062071017324
979.3382218004393
11888.710904915826
5834.620930831513
17711.72463485121
9046.80854221779
7205.094105123427
8101.565923487786
10691.756813077838
10010.465437068427
8002.009850114098
24992.10731516642
7917.332136839059
11384.793199212701
19459.21744249151
3229.2110404668965
7354.999704957109
11301.602571620935
11058.308912742998
5243.527996391443
3371.568313378759
11356.924410014108
12012.327509241422
16966.927146982613
30591.869457744924
3497.5890324650577
4029.772512346402
10478.01660553017
3861.964573900994
1372.0863907526077
8112.6199755002335
9485.401410528128
8149.462427960413
7781.7043981680035
21612.788413172442
5285.796454861851
4613.420243514693
4020.729333890578
4708.452735436488
2363.246909791699
3481.7558338112303
3479.890532434384
4639.602200275807
9570.826203471726
7326.725535274392
5051.840730358852
6062.135458762758
3505.2387224893896
4067.8554043703775
4976.170650804398
6297.63945726852
11360.777490709661
1793.578358837125
22592.46044773445
7692.029873869731
10029.224298773692
5848.271482518178
4714.302870280764
1169.0639461610476
2145.4806519421204
2937.9583214805853
5925.373160127148
523.9071141828935
25266.150440282116
5037.766489286482
16331.28301558901
3685.3899399544916
13702.242951573353
5914.719568387662
8090.495351917283
10184.333574557862
2829.6420218759795
4310.362774381367
5299.794341877385
6605.902908161761
2001.3722684144582
4159.2309257545385
7985.598647800109
15974.28462048505
16709.250306828537
11688.981759863618
18651.691575031302
17195.07412918382
7069.801440006975
3486.566177896514
2703.0112043777804
3564.012329422217
8004.1459652748945
6536.028148924826
20420.42448225898
4457.46974278126
2944.616833326483
3006.264210063262
3828.520358310435
5377.317075985235
9103.515506988711
10658.386785506887
15246.170041390533
13482.09436101103
17485.38724834712
4855.352460794055
8653.323423411735
7025.655497613249
10934.636021517848
17774.496867416052
7914.671569202514
11417.357896021573
13487.200626374908
5645.474987377658
19210.512987452636
6342.938576640297
8375.673466200762
16007.648280113168
11381.664252183917
11585.616945320911
7203.826995318144
13636.362428882627
24099.081149107056
15255.95731276374
8215.900899432392
19183.11415922176
26582.60868984894
13702.390259421
2743.1491178764336
9063.212759657088
7948.416265695249
7848.842663524844
19078.487763607045
7556.181042383798
12222.303110535777
12854.670880958909
16884.61735861202
6699.540581172245
7033.280431293138
10211.187576122527
8644.252835289182
7369.009779632209
5523.035171007958
13930.884268172062
8717.0442406772
7601.168872299
14621.162154011627
11219.995646920861
8891.616685908384
11708.791844124426
8458.423075230301
3059.7935371541143
6821.685306961361
10858.492530836205
24106.382026290346
15576.168065352862
8895.848556761714
12899.261144620485
13551.103208800694
11158.68426043506
9865.226726578141
10051.286019013352
21197.487232988824
14299.198285812217
19777.293287127242
15536.778442071383
17007.321117455765
16595.340090273832
9183.31224927193
5636.059436111422
3780.7490371521426
2504.964667692356
31132.66355935653
4468.129622312997
11061.379185872596
5927.92821648635
6218.882464464718
2798.405873592689
15156.604166750318
1255.8032588800706
8637.8564978835
7815.290716881051
9464.399925977514
10027.162746755072
6789.666059030433
9139.931148406624
11667.174578254107
3450.295483009415
6446.473882669878
3555.5262495475204
7731.460856551419
27416.471746574538
13197.884964315735
9727.034785666596
5585.701768973554
6584.052153455949
15621.914647218084
7605.757278830943
26374.24047033462
6677.505303125845
13059.026320748902
13900.111875606459
10907.531199845236
6195.091992621125
3279.1278032218756
9231.041960306182
8871.084258068262
9543.527449977584
15994.933901633334
5704.383013784562
11826.790032704745
5001.072903628896
5657.511728594635
7969.109286179917
22674.932714071794
9220.093475032889
6886.1581245113985
9054.553018380473
1312.5852868554623
10638.192922849836
467.553418801859
3671.997978697922
7522.471156289462
6466.551933613584
12684.188465880925
30536.607031937998
3181.7391312259
5191.85564237763
5114.47464183261
15479.807395215405
14705.802064345944
21454.801747480375
6969.709573926365
9021.897677344306
10374.39261210259
6836.423744406725
3898.548551413921
4325.085356954503
3838.11300764578
4056.753364585611
5112.257686277383
10922.761297121993
18466.34288020104
2726.6123834301548
7272.375148593771
2512.01583080278
13692.017603193492
6401.703933736152
8569.6311598804
8975.673282251315
9242.069550918233
6370.472981285218
11639.190160067825
6255.9638233019
1161.6851488232244
10673.57700780304
1414.3875955542317
27197.38235118449
9201.910943531995
11362.145512465924
21897.035022043412
19175.517850848137
12978.00511995952
2449.1820645365315
1326.9687298040176
5947.275287453193
7200.7681046852
2545.1184324283713
2602.2463133387305
6879.132170219855
2737.2799385798116
2434.317055610518
379.6046577496792
25235.35768568732
6409.670649253108
15317.552438666275
8748.402235529436
8049.353693139071
2471.757013724843
4559.926744620223
9184.893998878886
11076.19348211297
12292.897304426446
11431.520252000244
15769.60247432283
8460.978543175326
11652.71708384888
10091.379236474138
4663.29603555289
9827.944024798273
3038.060999545135
8615.730121290224
8302.882300118117
6947.773326858637
6884.255576919941
2882.998075498642
5940.258898160599
7816.865667981648
3485.4986082310575
4233.827659436401
3139.200141933223
6907.018193500049
8587.028476064594
5562.909087438972
2897.7602601332355
2995.8784289578007
2989.9058624537497
18658.63819603571
12506.828963162181
9406.138041693002
7496.697609323128
1338.5980418355825
2886.131634988513
4168.840694320716
5609.6682583850925
3178.104802729769
1583.4771201197063
1921.799413102522
17899.700490560168
24757.590517998724
23617.126702528105
11665.34969457378
6951.81651287316
379.6046577496792
296.1391951359946
46160.364280612324
31278.10583722464
5090.7297389109635
4793.968643509294
8163.651009200533
5971.36946079254
8515.185797237864
6275.657096771057
6366.627155977494
8034.924380639976
6129.316278735406
10883.430572326377
5896.683777682379
8701.020216310937
8983.247753542979
5268.316332751449
10829.8269945423
5138.680273497104
3455.056803745049
4142.751905315605
8495.258179522029
5190.833784474328
10230.589508230303
19800.369433678352
11186.666920972195
20396.18100708324
21017.677515776268
18643.297825632453
5734.407815648501
4263.369796321081
12924.361018861204
4238.01922732719
16327.102360778894
10054.433297667874
7011.438931506078
10074.177675291154
1314.021951368669
1421.4300043411386
1244.707887906165
1946.4842104598313
8480.681564142438
1421.4300043411386
1584.0754087053542
3143.4331919107003
2583.3595315150683
2198.4562602888973
2584.138404677677
1567.4765469797194
1421.4300043411386
2198.4562602888973
6676.307985290683
5592.783263055731
2557.9622849192
943.0708757511196
7232.168775674407
5591.28265222994
4935.2208559450255
1281.2994327566855
10399.16305116184
11746.303014246269
27507.602430016974
8263.090632962392
16166.034131112852
20028.774181518627
10585.073717505224
11645.664781739637
8951.465689196795
9951.310798647915
11833.883588927367
14406.493666698387
9703.884615113186
11725.345052155788
511.48772435845245
9492.796162562005
9651.890872364422
5720.860831298363
7966.277443039846
1069.2641622126187
8689.957986307674
4564.860010984706
8514.525831098857
13537.393016521497
7431.042514030996
6816.459361218218
6220.634954015723
8014.600530057832
3535.1230770025218
23454.43419299766
9292.103265850725
9386.137808625323
12568.438651476872
10538.703705374277
9870.489549545975
5558.164614914415
5560.535056039624
7578.025091754541
8244.340260289251
8841.197234007695
7233.771623719207
17835.671503290938
5239.557021728897
2693.567232890488
7326.460639640076
2155.577953021761
16499.8587940385
24707.878572029404
13060.614640773572
11937.221967374753
634.4657709527422
5942.398531948072
2197.7124577556015
7376.140153456905
15365.826516159746
7077.512600554383
4453.083360832043
4734.444394067566
26423.290095094744
5415.879231289966
9672.423472319335
21321.81332700163
7812.557730460117
5602.974313277124
6474.67056438565
16616.093055748675
22051.27971649506
1013.4237181950471
6295.998195475817
7344.240344256713
9349.741519738513
6131.82234489812
9641.335738570879
10235.0883912747
15978.820313189497
634.4657709527422
3491.4475977712077
3774.9080454652044
2775.791564477452
1326.9687298040176
5121.647761642928
987.8351191796023
10229.963312704851
11380.603783748575
6658.590146437705
6125.539426881663
10733.277883341194
5745.065927539835
7826.698987561254
10580.240233273798
5185.962007523278
31959.554902611097
4451.068608316113
18809.51284727764
10176.290480222675
14661.292011247466
4322.323893533531
7433.370173430791
9864.415305487728
6823.072360656724
14432.149477583782
9211.601941920913
9842.034663251314
3563.850114658173
12627.848863532314
1781.5932298673902
10339.939078294568
17093.78946603386
13881.444930077432
11784.525375280231
11622.043140868953
8047.390233761494
7821.826279640322
5489.112890176074
22646.15783172185
15295.080087765447
20864.48434136425
13964.850941150902
28371.10682704235
39950.54007254229
5567.67420387478
7417.103487608874
3938.433117542289
5783.283886549445
9315.727760364765
7189.541376325482
7520.654876983781
5290.579857307291
5695.918172879686
10795.103442748074
4675.6426220258245
4047.8234680584665
4391.230146311899
3687.10921961915
3937.8137774787638
3876.632746058488
3325.088214916033
4882.227203263901
27813.12241640079
6179.393323295223
3614.698825544373
4327.083936975709
1878.4108825840137
7994.496269549332
634.4657709527422
8488.466340414483
321.151559573689
6484.20554957832
31185.300580662173
4530.547777322818
4893.445514119757
7674.320501033751
6445.9499875739675
7888.088311370605
3448.913909681136
4027.4135931698074
4119.553074629156
4984.1432382771345
5909.9243505375625
2404.738234619844
6898.607887035261
3624.7378152664546
23172.812375760233
8228.15525394591
5283.6823933295345
3624.1064099850573
18117.057638881597
12271.26105369196
4609.1841082868195
5745.547215616711
15059.025098164117
8007.916596913812
8936.86938079385
14508.359786263301
9285.707263037246
3532.1712411703884
13922.399301698635
5688.779706856477
5029.022084359914
8026.786276124611
7507.63580003967
5455.662439510214
17303.749996870316
2084.033816698398
5069.242020520069
12480.815168324409
11697.01475367538
12982.113322677083
13017.63832566358
6331.740692079389
3640.583684346698
6042.865969532936
7583.255654187983
2547.2691484309553
6171.514239171977
3890.2455209891436
6970.391589209427
6369.877132568632
2701.3761082864276
10257.885758636727
11580.280487211792
9996.398765611877
10401.474711750701
12964.322683008873
6164.30484951142
2903.4065877427884
3462.7594386212195
2419.179760887929
2429.5712021745517
6405.976613632866
21978.563534170986
11681.678142231332
7092.106816811667
12181.194334895747
18430.4584276253
12337.483442211109
7401.546197643504
13542.223523611397
9991.126080267186
11121.674701216494
18769.472331690537
13823.999626259543
12598.997397445815
16144.828209306439
19841.291287574826
3422.497665218318
12571.103157061603
11237.914318595227
8612.33774366058
5101.964820906952
6891.8248717809665
15785.017720579954
14882.787757025388
19144.01182485052
32702.309891577766
30136.456742382143
5661.846033905911
8787.411761011394
8910.14620825013
21052.03879878141
27171.7095239445
35411.76325878803
33467.86465256727
4832.354978307218
20178.055575704937
5219.632899104655
7418.284329647444
14067.824404409024
16343.865256431405
26367.545692092513
33864.860582345114
13133.983218638698
11917.330479122149
17426.8105649746
5843.9033351353655
1470.102279279441
8556.769318952931
11835.70370075483
14055.163754678704
20206.70530270053
16388.686511792464
15427.33338492352
20781.724515573365
18101.033907334895
18025.232606737394
2344.766402076939
13879.88148103889
18959.322814575513
17050.210056571224
16494.059642362055
15482.451706638498
2581.88246207637
7775.77190613237
11166.413332392713
9198.078102494905
6631.80282497497
10554.709889840537
5264.973843813105
3398.298030011756
1049.0156926125721
7202.188076298381
1947.8586325294157
1911.6459278276693
2584.121482477612
4908.233598933633
2618.354072303101
37555.22348968812
8570.993530349684
39080.44506324449
6575.9810642005195
31874.463619511902
18930.308491736476
28485.808672225452
7036.674119777029
15230.426011260375
1414.9556467328994
10367.090901381602
5753.19390917513
33128.62983794064
9146.856882713448
29553.102001449846
15468.47542166849
36287.241842871794
11226.74609568449
bigram, add-0.6 smoothing, average word perplexity: 6914.252874378626