22415.13115196531
2297.566281924145
11146.01606916079
4646.130778979968
25411.056021235552
1539.7092027996898
9922.884981588237
6632.355681910194
6012.807410096747
4739.078533583483
4627.522017775927
3395.2210558398633
7531.032140596411
3019.980939373803
4982.040052555408
15919.929696972224
6982.475494353349
5433.755239289505
4327.619942947482
19959.03133112966
10334.993201226434
6316.914709476031
12674.305520503141
5002.915908267649
4590.809202486123
7166.82627789256
1287.1094096857266
2384.7885231640985
2191.401780174988
15076.79020779786
8612.279223049141
4610.955325510375
3021.783312308277
3871.4603478514214
3399.336505168004
3066.750161352378
4560.532341501235
3407.2373530482137
10504.170321102205
17254.825724814447
7665.039540810781
3155.319296964554
2714.3223791830187
1961.1295204303372
5806.63665406375
2656.308704442507
1204.1391006216115
3517.357867192523
2677.4099671436275
2343.360156730558
1080.0439533058247
3969.1675531972387
3871.270522247296
3864.8506077326097
2824.430688807273
3843.0465463887645
10395.057196713811
5269.499997778704
9774.105292817943
8630.010756567306
3921.4800955777428
15007.167865901642
1439.0302675401495
7011.616437751171
8878.461285849693
2584.627237367628
6526.680449466115
7075.403369216828
3581.646104052605
6944.836951561559
6966.512502610369
4154.925385797569
6697.878620438097
3622.7057983154327
2182.430759155044
6003.812020276559
6537.4834114399655
5905.405189456641
15282.781015416087
13380.09142627926
6515.841087562663
5660.499745845832
8139.585454271711
14955.123508560364
13900.13749811041
14686.603036125283
8751.118691147352
28265.111067636066
8006.431477753088
5986.760336293118
20448.718772066266
7082.354212775117
8440.871959104725
14059.22228049507
7958.963243419692
4608.7507195421795
7763.882732210689
7193.509492042174
7162.325396714556
3803.847238941328
8758.950530780412
1111.6904914675436
1431.1057181157526
9953.441114345576
4464.794874481521
13496.392666056709
11365.528679276487
13461.14309582936
9670.442011483008
15820.14297360521
9846.672977913646
8707.553225810103
5641.6990873716995
10111.965058825332
9249.34301620596
20125.6087586019
254.88035037985802
4531.126667120238
3262.7362643136803
5261.4285862159395
14289.171655853479
8231.609787228672
4928.804018072558
3058.8840875131214
18679.0440647501
5698.005795698022
7487.347494024454
17432.033964894938
3106.352490608432
7274.867689763644
6069.47917222407
8838.442721855163
8302.348945181315
21872.814776632003
6802.59595142956
9800.703694418784
6993.806027403243
9512.26743803048
3862.7318622848397
5110.256960801999
4180.990648564433
2030.7396225004404
20531.507114451615
8694.563501352373
12891.7507741029
13149.65670932957
7561.636331658714
9953.187726189588
7970.559227040741
5710.002000716435
2401.7592793102945
16484.189785204846
12342.989259677484
8072.014749959308
8406.099862398287
11437.064686308211
7612.572128511159
9514.810775705835
11114.742990141667
9695.616997001187
17678.262610318627
11376.569578430712
45200.106351444054
20085.19482753737
23110.963518474517
15224.136087256407
19719.894583753965
17460.83750470612
8843.546107895902
18579.241531836666
2068.833594913556
6185.908019148272
31597.9086316268
27500.237576423424
26255.170185238647
28029.90148359682
12038.997735387959
51182.45133254188
6029.78555440936
17500.85443629153
9725.074786647949
15159.544170744237
10375.272718498709
5935.557495957813
16005.136697072134
11457.974071387476
11735.664231171335
11464.983794769478
12339.489695567452
8254.162561581517
26176.537703368696
4594.17576178579
18027.035409282398
25989.490083695087
29751.451358512793
31190.589426428352
6465.465470057666
5713.341509495906
1306.717515535784
15392.495465239812
12330.136384603476
5109.655747340542
6276.163810427777
10438.832427539566
29801.787074699838
11470.701007838223
7683.645640602497
10399.645883780388
11801.499195265835
11826.977551258484
5163.639978889462
10013.273225599793
4994.651698048719
6416.950742100739
4245.018894743866
1244.129239131792
1628.0977384430957
2646.830555459374
948.8469455117324
3817.397163212694
1253.7125924842906
29609.80138802614
19672.256515211775
7245.474909088113
14341.01060590219
33731.859261158184
5194.912228219163
3808.411016825903
5158.365441567437
6233.933522746357
441.7719677453241
3382.8461804320423
5802.362758745296
5497.505688851868
4093.296681196431
4087.669323746201
7172.540780461804
5274.870790545179
3675.687765901579
5971.499363264789
4606.119089081935
21888.147564584342
958.4672982099061
9063.187360957318
6369.000284930867
8068.765949339147
9144.332991728079
7420.269997708129
5597.702825124773
4311.078233401364
7870.706574526819
23101.556976096814
3276.6877296006123
6628.652487256137
5826.976402144248
3679.536039469561
9150.96151182469
5794.140941975449
1390.6631676871114
1968.3646164820825
904.7493969292228
5822.899478505127
1417.265260164929
11364.50996445832
4556.684233998823
18085.12382305474
10391.75489845818
6951.467327771669
12030.379314285747
10006.870938236778
11022.148382565425
4342.539360045178
11623.920536913518
4080.3311457846257
473.8538962027891
4380.466681530979
3538.6415116848143
2378.298859243647
4584.468127163123
2947.414455899664
1247.6564498234304
5342.1424033496305
4615.345870903884
3496.3256156419097
21182.005224055283
3831.2556013854705
6860.612634445495
2740.3587439612597
6509.446114677542
33740.27092525016
7915.097991909056
13696.00112235467
8623.066596078004
8017.536363410391
2854.354336952906
544.0790044263847
5528.379344986249
6141.519003355586
7343.280852985605
8414.361045717093
10492.53749912498
6905.924418271154
8125.610489682812
27584.62206192687
6258.135523105123
7698.98899371736
11301.035651950984
875.8569152007691
5818.605807735533
4507.059517173519
13817.086503316914
7426.324581548352
12668.49277433458
2489.082262115401
10065.786369860592
7946.583959043619
4965.211748703299
9359.837513584642
7061.050054199326
6459.011688311875
7329.971186885024
19756.528034520044
4334.413567343257
4828.862040974949
7687.345584427313
5171.086410480692
4490.488726433246
10175.431684334371
6811.085943769838
5750.87656684392
6010.748322396727
12137.702247541416
12420.701985215424
7029.047455148228
6485.9574045085865
5812.935727020959
7049.903284920899
4527.481895452005
10497.478794439381
4435.202173005249
12738.36691971024
1771.6761738783189
8804.562601862035
5255.83777839137
12264.775216394915
19638.79932051418
15060.052386368112
5020.131596207027
7488.783403339243
14425.096005551111
13091.442134825735
14486.289220313669
9662.390478973735
7287.196016828011
10314.617030152056
10837.416854583716
12143.374759934693
7069.352357236133
7834.274136813067
12549.514662325078
9402.008631507113
10582.884180284029
8446.632962485977
4877.715076558819
2363.9896662273045
4963.403186185701
6975.85514437412
5230.970849041315
4592.791842713015
5243.555525137229
5204.5976677664885
4923.272944546446
5166.977128789523
9603.107851738268
9680.578219704028
13459.375439945958
3980.9019503204154
4655.8578869461335
3469.946625798057
6732.523383179894
5396.366197516261
4391.338397264274
6199.412654454637
1686.2573106694254
7660.312334503823
19166.086395736776
7464.988643821893
4718.408652744108
5308.128631436732
4534.79070702399
5976.413734988377
11030.180119199207
5091.641931172749
10290.256584327883
10080.132354156573
7556.237379295919
6191.682394661332
8414.50586362018
7322.823391948005
7847.485255247252
3701.73664606057
5829.330587841946
12117.789486587282
5218.314829571961
8482.96050996905
5229.415946248785
15134.28878817622
21132.272654174267
3155.0170607793984
3234.526594892829
13933.230772677225
21587.83875941811
3257.0111651459797
9758.760478394744
1192.1113601065103
7763.702016605078
11724.943729628425
11297.303146196133
18208.98998680714
4775.663696961323
7256.271759451117
14749.025288049052
4291.357589661572
6863.7904870728335
9181.830672530476
6746.406991475054
12699.626433874973
8002.629609823688
18470.85464305744
7164.6117890486685
3218.5242021556614
4582.298542538052
6494.060836650034
969.7617021989324
15794.451302280084
2912.3327545545953
544.0790044263847
10295.916279229841
889.026544871458
4203.890001831157
4025.759493316871
9836.05476837988
5765.589929433114
7469.022791290563
9572.05962971617
9905.641527249003
6335.2359114227875
7875.9631445969335
12610.596135834989
13007.4875249876
5256.972702979104
6888.529452848057
5123.992129754148
9749.188955474672
7634.053199370998
2808.279608874209
3938.2046637968087
11660.279066242125
3871.646011400037
4185.732052666531
3334.77381802989
25126.923858336428
13146.696640133312
2973.4341177991955
4317.474286081135
3131.817096127955
4025.8381679706376
9971.923289849175
6887.885572256823
11057.144633255512
7136.035329090372
1947.7224721618772
2827.617692217377
5745.044936841512
1416.5537508514046
3610.3365708915067
2101.1550375062384
1131.78975174384
5194.230922467182
12187.45128367168
2849.639583444216
20958.747731536067
16681.08084730925
10275.108202932828
25067.221907796567
3929.3802621994846
9007.355218352945
8508.696990154138
3115.9466634126943
5369.042020649951
6975.694357255758
14211.268514472149
9817.340779104192
8906.063267060772
14063.29023298638
11827.913413413195
8301.416846957669
3108.041609799708
8838.348508895755
6587.665480532428
10052.852671187611
13480.977716048941
7685.395648875012
4223.600656102037
8290.807333044228
9897.946501006976
5340.338560728227
18388.938078420935
5992.1822384623565
791.0097559394776
4566.16223540243
15608.911297233704
10665.288641372674
675.9274288751915
5389.683932418709
5246.425046650371
7843.327674233697
6089.650863952185
6699.472277458781
5606.793790598848
8399.203508702769
17843.1779206137
10062.793986391718
14040.453897331903
10588.796302799405
5779.406891608248
1473.6451109019617
2186.699007045224
11090.363748341068
10325.924279260527
13345.089632137891
10244.811396090216
7689.541707907952
8585.012312430305
9726.064679803394
5336.960067203349
7176.0667579842775
5677.634668168014
3706.9802037363515
4192.311392977124
14381.60504783297
6641.322601141178
8410.501479179327
5421.777019964076
2144.12263893644
6887.79161409674
502.74508080064226
10207.776408495252
3403.8909679949847
6910.647183372808
3812.069609248586
6139.062497574151
3649.388074765561
6488.7956984400025
4810.018739844165
5992.62345428597
12604.120023355676
8902.611166436953
14456.774516465714
22176.515352344348
4006.2462828451594
8657.784636972772
7088.755497741906
5938.376350227002
9508.580516982654
8223.566387381243
4735.848886919862
5218.968740013139
9866.27369444564
9882.216291750388
1256.4312147027924
5384.356725775971
4956.0805371455335
5532.788642657115
26962.935971880997
4856.929530074356
10664.118568741122
5659.3088814036055
5195.643421390308
9715.578749885677
4272.097929670315
4305.591097843796
5435.404462150698
3401.779131805023
9471.51318001073
4925.063381842489
7347.686960594331
3707.731972675713
4269.778580372905
6313.070188267643
588.8358729583825
18651.59092571889
4087.4664167861183
4321.098812916373
5291.218891149332
9690.762479752713
20703.30718032502
10598.330125813842
17584.959015386972
3152.479936299475
5613.710048123858
3746.448144571322
4579.378411309589
3914.660432061173
6801.507082656952
3615.177136294933
4161.204120278603
1563.5988339601145
4385.843584034161
3005.2027413595683
7473.199974730081
956.6896350439205
3293.4134534660557
2639.8615116948763
7546.268331803463
3760.373336446311
5339.918981341197
5856.754947314295
5986.9153096601685
3800.3159572558266
8422.110501790674
6257.619354601982
5051.826271075733
8826.525754976186
923.2713969868757
42528.97708073718
5086.947129621931
5119.261959647021
6512.594698538276
5630.454867503395
5140.024827465691
1936.3113931516136
8221.363536496165
9988.657658327416
4635.087362903557
4709.786177246383
7414.35373161714
2092.0175703838254
1196.5149067598534
8102.573559509786
3078.1036551598304
4227.096984457375
6648.842757987205
4399.873835405351
5406.409208116054
1053.1509312560997
8402.691221571391
5946.174767161964
4004.3275230864774
7138.599904856682
8364.929640749453
6245.616755479769
5437.884962379047
2032.818290063229
3944.7960928411912
259.0064408513435
1560.432945716457
2346.7510525644725
16699.769163213306
7690.596279045978
10925.881781860813
12336.102782982947
9335.258828893955
3536.1591977887056
8986.245904131802
3128.3324082014387
11256.168800632264
10291.560296791036
10199.944967757063
13264.414895734586
8334.230697322128
10170.344895403548
10251.532024060532
3819.2557675605262
7333.649600996512
12817.294434851961
10382.702972174131
14327.576274765255
1855.2402916730218
10623.559149232477
254.88035037985802
2807.272679334097
18992.44323139608
3267.8903111840173
3518.9063997500884
5568.087853487367
7299.32961572399
4854.530083112682
5251.614742529124
14217.23713465091
10451.779024935175
5352.051505930663
24787.833741777285
10234.017605050478
14567.439631257059
11878.321885787756
19200.6967221278
6265.9129659694345
5325.078035362202
5671.932741209722
4535.640044585933
5717.072579404431
12615.545727128847
11195.729051692315
8274.1010810342
17490.810755721242
10105.580731802285
16671.739304844723
19415.22916655778
451.4888682131811
6229.0344729590915
10251.146054004168
10494.412650195412
3991.9495939958633
9777.588552578572
15751.018013484929
10578.354330171667
14699.205920632698
8024.247398980732
8105.4472011928665
254.88035037985802
13541.29017512175
5693.56450641957
6884.752150829518
9613.520558680353
14133.503126748743
10227.498315163768
11220.026952716444
15752.606212273284
20652.34711328098
2389.2936829326395
14333.919360739439
6412.073339366673
8164.688025724898
3284.1567928631603
1287.420329739302
1456.1006426863446
3986.1676552913477
8743.097085011921
253.33296423633539
1287.3189879822849
2191.401780174988
2021.8389092301527
5997.210125568517
4701.236228471106
6713.295922472437
13626.15487293429
3944.400265126167
5845.38737881668
3678.736944049258
6790.342582157841
10451.393393175435
4957.203198546842
6755.442133545839
31480.801768778427
12457.54628894174
8591.256089192912
8265.062521902812
9453.616732779257
9045.034601313211
7858.874925867127
11654.236846477039
8778.526868229175
5631.2742186998075
6244.120530142608
8305.170096857526
8029.205546766452
2641.2605122969226
8762.88200392904
4595.286144315059
5968.756020984367
9851.25722555062
1910.568503367133
4456.438709629001
254.88035037985802
16666.840836722415
4317.045219948292
25256.75253708867
5235.656464140624
14533.49286688056
6578.6249467761645
8984.344674065154
7635.085629098593
8448.653254723951
11336.061548973887
5615.327662365421
14204.180837595939
5296.909713207892
4136.492683800073
12793.12218605751
1414.184268831427
1601.1797568665452
2815.3000538027936
8550.38430930699
9814.566831195614
7761.275969903006
2358.870379677085
2359.5556191372516
2358.870379677085
2359.5556191372516
11751.42936869694
15638.60983139636
7652.2494626683465
42059.49214214182
20530.091876549355
10731.963327947342
14097.643526367048
13993.565171303773
11089.493851220546
13812.777100268266
6782.049759793872
11798.071366624245
19569.954509025414
11333.275723210194
6867.426654484488
9288.940170989632
13500.42112779385
26642.679392642145
8252.11173175126
14665.483813486877
4613.643480017302
13626.54107884394
4556.195215818656
6702.352711615884
9556.077647614537
4886.734727964521
8570.914041545959
9016.564455870914
4778.165962623868
7242.69545630579
4969.184298463833
7185.337507950234
37472.28888369951
17667.025554152904
451.4888682131811
10694.365794915606
6557.8788852505695
6602.077991494966
45835.879196532456
5798.684871320904
7106.884862357986
7323.308661983348
24904.475162348703
9922.724592972434
5885.0321586071705
8390.112176216144
3414.166497464072
2102.1887127185464
4712.116896764265
4128.058917819276
3480.4153446997866
3703.657399112647
9239.441625567099
4197.467622020537
19448.71917385383
646.5024256332607
6685.555615902916
6325.422682226735
11074.972712999233
13187.937123445534
14161.805736443364
1287.3291235940958
440.20458301485615
7922.556107872292
18038.91085736663
12665.043423569614
18496.253116243326
11655.055968275803
1072.6973013303727
33743.00955275964
5935.353893511901
12348.544571696944
11614.540748534862
9011.466400387584
9094.437974443506
7226.827949539776
9138.108434056914
17755.00150433858
11783.349023681187
22834.631329792854
13632.79466355582
5427.439257320464
12731.761217447496
12225.064061271281
9643.903487008147
19292.63605290508
15833.778275735865
10842.918791693066
9740.744722010906
18826.361901582677
2798.653221764382
7411.95645842037
6749.1000266086285
7641.20551760175
10716.717719553375
4058.238596365583
12892.757987614823
4777.368020125813
13455.684241416835
15446.016510716057
7528.576745468569
254.88035037985802
8801.64798898028
22418.01943957115
21627.456065949922
13495.385559516859
10315.858472051663
11375.657625777061
10793.088526453885
15445.806439801427
25178.990237982718
8924.798944758033
6139.4726273015385
7171.624322897204
10534.608202402884
4415.521655863322
4446.840746828787
6122.69694835289
5608.447958527283
544.0790044263847
4339.163226191897
4270.87538890802
12403.919377248541
16459.32843307274
24272.693734686138
29898.686700255617
21976.32478467912
2544.293258473859
1842.263450166069
2889.072366669716
2938.483132283925
4254.487625144583
3667.815157111054
3098.294718103282
4818.583470719152
6030.98965713356
5223.312822823481
4383.000725805011
2835.2284869535924
1366.5504670652922
2269.5918629121365
5316.997556059302
1222.9214600960686
1906.0672732233047
4117.161547950949
3451.1635152646736
577.1440386557243
5518.514797267085
2968.8089333542407
4727.968264494071
4276.556732185185
1674.9262604229841
2517.4569433792904
7217.527188532145
11541.34333158764
5668.270316676013
1868.0452716369048
1988.4702648660746
682.2524538507259
1325.5768157044872
1525.1669298177558
903.7569468391009
2116.0691793507385
4482.183713433361
2511.649074798018
12331.041081107458
2801.535773032029
2938.0625963094
3037.6294958419203
4317.708062681153
4088.7956936320797
5901.656847940017
9967.796921854662
5801.809854168822
6539.590708609748
1441.6195882379368
1713.7179971578162
8281.33416823421
9744.382814083137
2583.514487804219
4673.141489346292
1866.3293349819544
11385.582271784437
502.74508080064226
5536.847991574817
6187.093303188362
29440.98204525638
12809.291569533043
10843.905022369285
8504.609392370967
7585.55306517299
4914.87798441731
3657.2287526407767
10462.83171794478
1192.2125106986282
3573.912593661823
1286.656956900029
2687.3517478375707
988.7728852167909
14987.504037041204
6333.41779025272
6038.98834278506
11903.687112595217
8380.813444940939
6702.934418131325
5071.960934614078
6666.327701150985
8784.473428172185
10359.36000221434
5623.996843284965
3321.3811036898123
19053.086621536262
6059.744017603409
6163.416036122636
5201.70165211341
8004.116012136227
13994.280329565352
7873.406108575668
7672.080543658874
32051.011287010333
9559.036045643184
9386.326363558594
9059.68012948339
7426.48853560511
7557.446479053435
4944.852911332669
6115.604919852339
12059.235006629355
24673.111808658323
8687.975992472819
12284.320010485464
8909.450765909754
11806.094728434718
6804.536280487241
8314.7178735691
4729.857303951002
3021.740794210757
7689.253777385541
10014.501346963734
8119.047105006103
10953.066695508347
11780.801341817167
11434.707628814198
3793.260298150718
3789.604438321163
6609.887450066602
6648.071751751957
6958.26232793261
4634.802154124065
11971.127588021835
4755.3442380224615
10277.068945996714
6642.589780870692
5163.402766815009
9727.314806222852
528.1055653764113
5891.937726603529
9208.860045793794
3307.981972884372
1694.583908172982
7019.975244141621
6543.266903800416
7201.738861816888
6100.6139170713495
11210.204118632451
1003.6910466581992
8660.616791345567
11972.464050694998
4829.474547559346
5983.266610709724
1993.552636386374
6263.914997903188
10805.21161608305
17248.048259174622
4525.253136300692
5950.829166530711
5631.031383718781
4857.341821431029
4085.7380867143233
4074.5581696235427
7618.093000658687
10043.044636355857
7100.117486582894
11638.086125769854
13100.410716194378
6329.007489311994
9694.16968193594
6988.944534685074
14542.81163758176
7465.348013991348
6551.417740191797
5467.727118075854
12675.719072589127
3645.0954518811213
11055.172917621978
544.0790044263847
5302.117907230415
4493.077148547924
3679.9864900401208
16087.23910230767
5736.904829665375
6966.71215928826
9698.099686068243
5727.230854595327
7837.103006673743
6613.912060948667
7801.922225793562
10177.565716311845
4666.738868087958
8331.551882827132
14221.869489697221
10324.99803243627
2667.452219669063
2440.8720215008707
3193.2313724104247
2070.4981844168956
2349.5422821241386
6484.658428529136
11381.162783369908
8264.286674544128
14890.991319135916
5853.7373154391935
8374.256093925189
4690.868169612111
9291.957772927934
1303.655992578264
3243.8007690106533
12981.649028635782
936.8182687599342
8018.62317830356
5726.363500549597
5474.0053690801615
5053.923036095653
9384.545505400536
8583.683190716083
3259.9179942510114
2470.7602643248515
3934.9188736522756
5250.37773038025
2501.9060240898116
3129.6727293838226
22521.06435912144
18786.350166695556
6856.748715251525
8944.998565279306
11116.938198728818
15415.402771021889
6171.538944802877
2286.4326836280134
1131.78975174384
3848.0066926638096
45214.517077142285
5811.670989602629
10981.098228691973
12934.392926794362
20229.827793552868
11810.279280593697
2557.882215028808
5384.250184017857
482.19095845734205
3225.020559761143
1425.4529240754762
1849.32338789152
2004.2094793834704
2267.9268966426207
5583.730888794598
9831.65083160795
2366.6380883041425
5509.146121412228
7299.991564887119
10949.028908141476
8354.35985639217
6359.0512782478545
2364.3014574507215
1462.2960416119276
2970.0514724695818
28064.102268003637
4768.205177739909
9479.935126723452
3517.28275510547
2551.1503851730918
3615.4957309934475
1513.7513974965555
8162.930515578199
2246.3208445356727
1624.2243398316577
1301.9280973329926
5001.2249657190605
3333.2640239156162
12639.368033136938
5045.444474360748
4708.984100811818
6817.636211360553
6373.093603383594
6342.567919898689
8075.755709763135
3058.3005439086237
13433.047460398571
9354.517566164015
10016.396951324139
10311.586492826771
12299.988230732411
17569.960122536733
15028.636736963621
6029.862692852398
19001.17323903938
22905.01731185771
6735.016381260831
10346.183537192765
15794.977487040738
7167.650815980791
14333.704709562782
8448.01175263607
8738.694276224158
12589.909464671025
2775.680528382852
6075.784858411375
4522.405578689659
3420.1409576850992
7954.513682392878
3042.1436703338695
5812.584298032306
4991.987733642865
6370.104198554082
4345.02963356465
3372.208213636793
3282.6571470129943
346.8578571816503
10993.569810429533
9736.227500365607
9244.946431979217
6775.784855112228
1613.225807252735
8128.904030427297
10307.426061687685
12500.816923302731
7947.287124802647
5511.821382266575
6140.558231884671
31989.70074864485
8231.809694178019
10041.797973856745
19344.55255002908
7015.907189111099
9962.141778579176
1670.1003772605327
6548.803559370154
2884.7209487755676
3835.785877570672
8755.953803162367
7719.4737169188475
18060.4061499968
5216.030372736609
2625.996654222659
3176.563612868292
4694.751813436515
3868.935111808617
13890.647523833011
13776.509800316166
3847.1769684571887
3724.969493529234
8322.13084648307
2502.4247110984365
4793.928338715995
2871.498220508951
4009.839816207249
22309.246917513905
5119.583647421355
4555.167160278122
5121.7672066109035
9710.085518953952
2861.439462646659
3496.614399090369
8205.635785474831
8415.811271701692
5207.6461382960815
7283.990477211068
4107.342220227552
7248.9224092991235
36297.68975799615
5004.137261794205
4892.946790236229
1153.2343623880865
3566.5179740425383
1325.9311017846233
5518.183387374613
3391.3655402014283
5192.326306936905
21785.753891838252
9152.554860102598
4411.194811103261
1786.3406028140605
8019.391521834211
5722.773145182365
4110.510836973013
5533.012492665851
7168.719908754888
17326.789917210957
3381.7215916520163
7265.05610517741
4961.8909813947685
5156.587236988141
8807.31622419661
3637.875381208024
3666.3183980709528
5808.004827575999
7112.302846746528
5305.119037149389
4893.096062212193
3809.497630415302
535.1628490333259
14874.673078883128
4695.860235547367
2668.725119689828
4420.550118402129
7792.353177256603
18894.00824456024
8278.984152434832
5135.238983518519
15235.304537659278
7755.200846469151
4760.012780171024
6117.54625814981
8180.146786385134
20467.702487600745
4137.542762520067
7320.121350623756
3564.1694105446218
7625.14074198572
10766.821857485766
7683.2299549090985
5441.869154440113
4642.542433279894
6527.841760805315
4431.942559715056
2529.77069940071
20301.68709812665
4746.820162692589
10335.86376487315
7882.278332356864
26110.821155481583
4472.818436833154
5070.669639569235
5652.964451634097
5673.030470684441
6325.29507301637
4562.690958895376
544.0790044263847
5011.926050069771
8019.033745134048
20755.871627145836
3012.1393630829666
9166.301846966653
3342.1047452018274
7518.969226237399
3482.170191948731
4481.621529887531
6493.678473255319
13696.783726069867
6475.63476921941
8922.205548220638
10231.481643987428
13508.32350168457
2414.860436971359
7537.643660766233
17569.59373435729
7917.754175876794
9556.90787683719
8278.457061042165
4435.102239806787
20404.64360853935
7278.00659796134
2629.3810866592917
18331.443140833657
9227.137813777177
17248.554541766312
7285.934663186759
7664.64786733131
8663.446875696769
8503.102860602969
19624.09553762454
7889.475439726087
3210.235638705737
5022.665651782445
19774.936432902476
6048.605070292976
8502.076942602558
10437.299067267191
18875.796106524147
7983.260785585811
9017.05746374218
7044.78922177646
9560.799541681745
15236.622459022377
16693.261665120146
8392.183550647547
3397.802366843588
10184.787688333863
10758.06498056998
3763.8849394875374
7244.205229808012
12766.183511838139
14082.907646174697
10231.107462126496
3589.3274338636793
3676.812694223778
1286.521694963945
6521.558119126579
254.23658808815208
6741.055850195011
6828.525092069515
30032.18954885998
19658.552549936707
19756.203087461756
7442.6973997337
10598.948542717786
6691.900366327383
7787.559021054718
11259.700720093722
4893.693481944772
7655.548330104915
9844.014557381046
1106.3927975422105
778.6343571313012
3799.8408106297684
5001.373243409979
6695.277793313458
9428.370358406004
2429.201044248045
9416.957140400551
8619.03434755191
7166.670017337466
10513.374282981908
10029.177389961507
8411.98095015273
2431.1566828927753
9539.401209566824
12850.462636271026
7514.823925193331
6596.530021965004
5920.3606006734535
3766.669143951992
5314.051335469883
9169.226064318877
5924.8794512324175
7208.150939911051
9498.058132714135
9218.152303920046
11118.17163293107
2731.7794153068985
7994.986687133116
10133.260214565913
3998.7355403741203
5863.496300893697
3653.435779602794
10387.316188945306
7484.247757975102
12765.28540932192
16405.624262022324
8026.509540159075
12776.952999914573
17148.40681244769
8519.938673218603
254.88035037985802
4403.489883828601
1035.8978545713653
10137.711031924257
1950.031810225846
6143.58777460347
5015.939403797816
5827.947512235362
7298.496611206058
6659.1395548915525
2409.4241549164153
3666.3270554833693
5434.239821005054
4237.42040957632
2262.7882212238533
889.5459580932556
5339.199541289898
7833.076401492734
15515.98957169687
6311.871263438189
17771.145075960434
6572.96070032588
9785.498800150754
8471.936420019952
23613.06553261868
12114.46151578309
7789.399466124924
5673.171484041272
2889.1300536488
35938.205383246495
2679.6473501230603
6076.152448233154
4260.308693243882
20523.725481588044
3177.387265449297
6544.725068815297
6832.973748706039
6423.550178178122
254.88035037985802
2487.269454069991
4149.880482760367
4930.483981948572
8791.840067634123
376.9867305092778
3998.8901857309215
7324.668248020562
497.1187488699288
4007.02114109155
7596.92851074131
4241.430736854125
6427.493970648248
6752.518372975622
3587.4876796001513
3716.9478061860823
1429.5851461594095
2509.958745194125
3431.3581294228734
7665.1420639848575
2522.421729463334
2368.444685149281
2716.7025961821687
3170.5817607160097
3956.741201484752
1665.2752705138405
2102.004872500392
1964.9815588077022
2544.8369313635253
4077.8546870678833
5149.694240590496
2027.371104346539
4385.965903262657
1287.2884013437724
3733.37199567713
3928.626204893934
3602.3161973969213
2501.8287338514183
13325.386254496907
2540.354433384
4693.688952586498
2547.9967072972026
7383.520847464655
1568.6528647770228
7310.901054350484
7800.200454546342
1986.7384806727682
2816.7717749400695
2963.611098277844
13368.817800428484
4174.635316381813
2679.2463606696315
4426.908801750044
4532.220530583858
2819.2464999135514
6962.528841617105
5724.8141842250025
2862.117194090518
2742.8786665833836
4785.3664976652235
3426.2769098798412
2952.487329904157
2947.151056401444
10550.902702637166
2311.353670809546
4932.298663605044
16000.132621615214
2796.580451875724
1586.031118925045
3982.8286283383654
5900.06274915188
3738.33380114191
7227.779648339023
7028.761368079048
5807.241729131011
8602.120697084043
10588.1083563677
3876.3644290094485
2577.579689311886
7409.400305708142
4681.605089614401
5254.457680205874
3440.2484098186974
2931.506136438748
1686.1449797454736
10778.925623011613
4796.712883393781
6110.237052277935
5321.706502649158
6344.156304291346
7226.102849403894
3332.389800598894
6801.810959313802
12455.480358625564
4781.727196631766
4345.152569385472
4049.043423253433
6027.590490546887
11292.821585880596
10969.63946669098
13496.625161515438
5751.917396749258
10368.396153232938
14180.823139878808
4819.27991780952
14617.031016834859
6792.007156072759
9651.026001416132
1382.204451511567
6519.00325015866
10638.140768540145
6770.297353215939
6568.205955395779
17105.682603598365
4432.750522300639
7767.436205822035
5143.075823645684
7737.331392495997
7731.856579812683
7397.071527089963
4201.009890995447
7778.07061692889
2716.645502966061
9975.501988232685
3297.354565119691
8276.05700173947
3474.0854907343
6200.807769227165
3957.9486773259428
16556.428665338026
7223.355886068151
6344.956708498361
5975.077263605925
6255.889089402082
10106.040727603997
6731.061964292345
16160.560512437056
4587.573016820129
8038.748466421312
4387.686429691669
6993.9646514135175
8192.855042745457
9026.326753838992
7118.705562901986
7114.30481494643
16679.292592980764
8658.030876322002
8169.046078824576
11426.03115102422
8146.0313905464445
7887.363041070445
8349.432762796167
11358.245178590696
7614.109303826367
5541.671820644186
12554.24942908737
6715.1195178544995
2497.1923528246148
6485.081937469085
4853.526140381269
8227.022588502972
6397.391965498052
1219.7070103827161
9039.127756499596
5009.770624505772
10052.296314651227
11715.958115215855
44492.30985722656
17489.6872266841
2044.6258383985803
6002.3979849184
10854.946769373028
16658.530776972995
18405.337820418426
16643.588811501344
21522.95122873567
26192.56662889938
43781.779860709095
15989.053463953154
4242.66098069632
4840.194311669565
3920.1444508216937
4650.82824140649
18833.579615975625
10763.684167522095
15584.775883280354
11769.510619191102
15711.179113917382
29854.955379576568
19380.55522064873
19168.802665140527
39229.296483101396
8490.347616985418
24888.77787921177
24644.697064888187
22740.06481844386
11826.999893505304
26944.922535351026
8864.627820512409
14694.616452625743
12188.07300337381
4408.079041207348
3897.707742852494
7696.057766481215
8312.68215883056
9702.272469476291
6832.826274411442
12857.611419964922
7482.045437582499
15357.529458131236
21645.386848852933
13756.162282887643
13568.592945402137
12847.854399979413
21030.31448607155
4453.001211591887
1020.7393228340701
1258.0557981715604
440.552980696046
1983.5574822936508
1701.8460622246237
5328.211338732285
3021.444339167679
1064.0902478520393
1803.585714060666
1222.8338437835096
2553.081079120101
803.5529043448068
2381.020451037813
5232.409589007417
4371.532890891635
254.88035037985802
1965.8646190421957
440.552980696046
598.7733764998331
599.2246531455434
1678.552911547036
953.3860450105352
2266.6775587947363
4562.512939770288
1938.6236572390912
2041.3321120520984
1268.6022724251131
2720.8963895926613
2417.7898297855836
1177.2673792520013
873.8341773412591
5871.829215041011
29752.042870901445
2370.740504155181
12056.525184226486
9695.7579516288
10952.883008059776
1724.3296310165583
11177.155111360835
7828.195395555755
10198.391747896476
6127.229971687871
11281.880793878272
1410.1649283363452
687.5640031352344
13851.8867110876
5869.046980655656
7575.313016855009
1616.9300842669163
16362.155773570703
5377.432635995316
10587.680176661836
4047.0559993822485
4550.102052926124
4987.749530862868
2101.244021465766
1131.78975174384
5227.161335146744
544.0790044263847
5322.157961260318
5577.175331186558
533.9604707191672
6192.256824793121
7086.860316285421
3343.0807668124767
3314.999532680584
3321.6261302714606
3480.2136617275064
3845.731021346401
3429.543419966218
3857.6379315926533
3881.031762109666
2406.2543965967307
2769.680178991543
2133.553917108197
3192.3073102236485
6524.921452687816
20137.054918827223
5969.711262178711
6098.867939475998
2308.370602287289
3950.3738795604627
3573.5662764944855
3343.7022494858347
10856.896409572235
14226.870996347656
9701.7566882723
7742.810568599478
5862.743166971807
2584.0392484831336
2673.5464193066755
5961.266843518094
3674.7863631564182
877.3874738661824
2906.570911860908
18533.24638262212
3242.9346178281185
9411.541765357191
3652.71709435374
8366.769592648176
7268.743459667661
7904.720526357819
3814.989158998628
5858.431030209564
10554.433209829163
20705.86730984528
8638.655616941876
4359.440430215966
3150.7363792387146
4374.904792949197
4046.0186304410995
2409.2882931084478
12759.842080044175
4457.8928967836055
3518.8889253617454
3619.010808616171
10542.914299840233
1623.634268893794
2109.7982436443826
10004.38219372328
6353.310437137876
8336.694306647654
6510.021102632461
6613.572391183452
5249.480732217237
7717.381651898573
254.88035037985802
2832.7589834111927
15547.841883421657
7202.414150097869
9288.895835196647
10549.891449424122
6839.568132235705
4570.81578857931
6633.55168652964
3201.0520392213743
5160.242619777104
8877.498207975128
3816.97907227365
4441.029627483352
7616.38188371378
2856.127378501558
2624.1907269364797
2645.483468518825
7333.925089526266
397.81114612850854
25686.389809880748
961.4528148540978
7652.007270150012
7388.202087542457
13588.865903693903
5532.94127199364
16371.242027384891
5121.670317910966
18796.449264313695
2531.444440217183
3176.5279073895495
1766.2539475382262
4334.777961507586
13554.881687660658
16965.974608834407
14737.05449214546
11232.132938840981
3093.6696515045037
14699.490312911905
16034.918002518689
11167.57722411728
6695.707810757398
9229.816096788467
20361.6720397901
4226.291143830652
8535.143881022563
22883.125125710383
4238.58387578967
5188.308183732122
8944.73143776398
3705.87961762373
6201.8420504818605
4399.050301802905
4348.12285086607
5425.652172890751
3032.3407245793883
3173.8528201463923
3748.4385260110416
5527.207812158318
7654.189444684021
1884.5218563794715
5455.873220220323
6458.7512833420105
4521.198943413486
25488.794176430827
6453.4507838341
4081.3751793186384
3114.6263231856847
12994.220757856316
3576.544708107263
5331.776578936819
5301.643483219292
4377.416105017196
544.0790044263847
8551.073420208775
499.1071764394744
6564.226197119694
7902.754918858218
1253.9887605853005
2837.812354550654
3168.1661813844216
5423.24065367407
7618.449749528057
12015.217328629482
7626.1856287308065
5211.881822039432
12418.14708301434
3385.0587424123964
6747.761050758228
254.88035037985802
3793.8724357652845
13399.82158069447
6304.520559420151
4135.160906080717
8172.7374664858135
8834.161837367017
8827.274364335868
29660.835972878256
2171.381604533304
5597.428598270872
11987.627094911712
9875.825832006149
5790.815864437555
10269.784330894312
11536.619228678064
10953.169812542645
12014.577102505658
6838.802396489248
6579.332109359758
9788.144113532957
10951.110241187242
9536.541703681172
6372.80699863954
7584.86131223602
4684.966570761361
2663.284887802202
4784.850317403637
9187.327586012383
11128.636315226757
16662.237614456924
1627.9769934764365
8402.417291550511
11816.459772763501
8832.579938354986
7860.312700584952
254.88035037985802
2187.8883340366674
871.7391414706782
9804.676308805037
9804.824380032236
7304.583095826419
7061.609628608465
20521.99251758716
7787.035585361083
14038.55460259176
12590.170959703879
1602.558061407323
18874.81287725291
2157.5349736115704
8065.271831987106
10541.236398857774
7804.212214855497
6444.639127327793
7153.328949716378
10033.56464349859
5828.698509865603
6212.603170849401
3184.4879520224304
6494.134828217838
11973.104086690093
6464.81674760182
4616.3413913873865
6390.23261880021
13940.560309301703
3825.1934871536296
5923.457418472125
16051.045993971336
2296.4472199423403
6005.038733477994
4370.32735518429
2142.467528165416
1131.78975174384
5501.725037099314
2061.2333275178858
6599.155744551653
7274.78000406186
4048.0466898683926
10695.500263212834
889.1270741228778
11323.095765661505
5356.921572621496
16531.635574032818
8443.070202404673
6656.5858224447
7492.103897004653
10081.95700718328
9395.842280796964
7417.319410841606
23393.977083306334
7342.613100053651
10639.541123210793
18765.847381393607
2933.045027884855
6712.317386138275
10633.398017130437
10336.555481559346
4757.263843193869
3061.735476597298
10638.371654620902
11345.539609692782
16412.388055666543
28990.321888147933
3123.0707251405447
3661.1261290014477
9718.046851613533
3473.7724580864374
1216.087703118316
7600.630347215273
9040.578248448688
7460.351145002333
7025.41850805395
20279.178759428123
4800.479083767485
4148.943057345137
3662.495841736667
4292.291942485961
2133.474696003207
3195.234425281686
3113.5936723924483
4232.975689040304
8952.667140100952
6917.426146860725
4603.592819979914
5467.817536907654
3115.98408528063
3728.504866854101
4543.613881768964
5860.77451059621
10217.88007929638
1548.4686602544305
21914.03921083113
7214.90992227045
9430.977806198884
5298.761774816849
4308.735781606217
1023.4259155107158
1903.2534102914658
2623.8475663587246
5429.593022912733
450.09780216674295
23944.907990657124
4562.533411226234
15477.865705428248
3350.060494262708
12861.890873955806
5415.347959232907
7534.889084394897
9135.691049634717
2483.1187767186702
3939.8447710865694
4810.2372861296035
6022.142396472769
1800.1130619717972
3752.664806221047
7345.062261755457
15135.595195692991
15997.11909576451
11030.566804836175
17799.514215304152
16082.828719467834
6662.296705696736
3203.0561085731833
2446.7876281958543
3284.3582279569987
7506.996273170284
6096.382708184769
19156.75695440683
4035.3536674225775
2621.758991278489
2704.641515660301
3506.8498007052967
4941.774022478002
8413.770532541255
9938.613560902324
14486.474402945209
12823.813288017818
16099.99505956392
4478.53502144062
8019.211834627686
6496.376859841862
10223.204263084672
16676.02024180133
7320.159946909543
10772.625099078712
12756.575981183672
5235.746976792356
18169.245371245866
5622.649789705663
7697.935125872136
15050.073630728812
10717.779221768475
10951.096987420904
6647.66896099632
12811.843374864642
23103.478920660542
14675.188968013284
7600.282318985977
18683.346279634963
26136.34212670673
13091.258688559872
2496.367056829962
8432.464567056715
7409.388550406469
7365.666129939789
18155.113583387596
6986.100523799301
11544.372644772367
12043.864242982261
15880.295083766267
6205.059904256455
6368.896806506691
9601.038097726343
7916.370217374994
6868.8409983435995
5002.410500716163
13040.25625659739
8060.814701640354
6997.816126302071
13873.247497879918
10535.958710521083
8265.739575298156
10942.610368974443
7819.138051725747
2794.9255216607703
6209.987726438378
10170.970129625222
23168.13727648877
14776.523742631633
8410.675745327986
12191.422008560738
12806.569690627335
10479.871312341216
8969.260270980803
9495.021142164105
19769.02895510107
13545.723663393564
18767.450963960917
14679.825671768944
16015.448730554948
15867.946751745316
8458.56259938016
5101.987751065692
3417.297740807113
2242.1927977703313
30184.705253614648
4044.5649101984604
10348.943701033873
5431.498138089106
5698.63885339343
2481.0486440565755
13693.168382388181
1106.598241047605
8059.133510410411
7238.917177792958
8757.50190518882
9410.080960888023
6247.565203381719
8597.592949589269
10908.349763065811
3107.3588934977847
5877.4395914960805
3161.9944213315066
7149.739811674108
26340.490145041695
12383.124151950991
9108.557912181039
5133.377116469472
6124.391856727516
14932.919193592114
7098.7797831944945
25172.288783469965
6185.28952941166
12315.272808387821
13118.998937033673
10133.093658778871
5640.874645626425
2936.7254561523046
8595.714113521957
8204.803257874015
8866.932200040763
15232.848531883476
5191.3045407689
11153.574183277384
4544.833478530766
5173.197524431948
7545.84954745117
21222.29005672647
8578.532835490927
6330.6162042284
8392.80898812202
1161.7461695108623
9992.808158017648
403.4519405788022
3340.0502715258226
7089.462847733487
6094.292192603262
12123.879079693146
29417.697812567367
2846.06175943387
4724.144388891311
4658.370696456374
14434.67389579312
13623.478666046853
21122.725297971803
6440.959912463151
8396.945032822605
9777.888043145656
6286.763096713968
3547.6723676134147
3968.8428126632516
3307.9060191479657
3649.206782126251
4539.525457003915
10135.18523910004
18081.647254668354
2505.2987359392264
6854.931654714143
2248.050781966046
12884.479471484872
5914.849245002342
8074.590327081374
8367.724697667774
8598.026248616094
5920.2606680907575
10896.8830075756
5844.944217541952
1017.2739315764076
10022.611062081
1286.2777476999286
25771.561811001677
8604.503800867698
10763.292999613652
21242.220515330348
18394.918950497027
12273.886815220681
2142.5582122933993
1131.78975174384
5328.605153585749
6345.850156558046
2327.7530980843617
2278.9427062447685
6288.622937955284
2404.944277761428
2158.909413531895
327.5584440209456
23463.78196521262
5832.253469094603
14523.579992955225
8190.586947651273
7619.190690358048
2234.7577940400324
4162.472332024971
8593.097939802277
10474.425490253074
11589.303424153242
10677.354362188336
14909.101983425604
7916.689616735848
10712.882791803118
9070.71948013841
4204.445988196653
9164.361511203864
2720.9966322432792
7962.7202025308525
7623.971513909422
6343.827667980169
6242.404069154241
2613.5009791316033
5475.298914022482
7202.2457158780735
3115.651911341587
3860.9028334773766
2812.926926227786
6411.976221164099
8014.140879353518
5065.531166430456
2561.7043021211634
2704.267304603846
2619.0029826169316
17933.293106738907
11722.408203436196
8786.811158460903
6810.64554035307
1166.754008563392
2550.60584605511
3731.094140351804
5083.183351683444
2803.5292082051647
1406.8317470203356
1712.1417366797575
17242.939846808094
24183.519801812115
22837.143247665612
10920.732372024493
6411.812654361858
327.5584440209456
254.88035037985802
46073.36290075506
30071.43816807006
4409.190481696349
4366.068820642238
7557.4659131389435
5491.469139730151
7995.122828873624
5721.642905727177
5807.390138569715
7481.697118515703
5666.849875146057
10197.240725261832
5410.5898849166815
7974.324731609335
8296.195282370954
4778.033083373964
10110.970666965237
4671.15369956386
3117.05822956902
3756.707994952322
7917.577063705415
4756.6685737370135
9634.300356515158
19190.296433323972
10565.198984570647
19805.753755147896
20215.804391254263
17553.60920690096
5237.279235766267
3844.970400381355
12195.391273486643
3832.5009674073153
15658.644632099931
9416.793334915827
6482.574955331461
9475.083869484812
1208.033623289122
1306.717515535784
1117.6173471376637
1791.9765750760946
7969.4921333748625
1306.717515535784
1455.8027438711426
2992.063591932733
2401.683683646493
2029.3810406865182
2402.5524159123456
1473.6451109019617
1306.717515535784
2029.3810406865182
6250.068716702911
5104.467812994454
2267.0422894744916
853.4623835878856
6662.225763560309
5161.457261563708
4479.683572734054
1134.0667324341225
9788.635592091608
10889.297819234333
27431.383590158584
7738.668420575796
15616.277584121182
19261.263693614736
9836.405903709554
10965.452285029694
8384.839837531941
9361.26550069799
11072.116813448049
13759.505662823414
9129.582824084808
11083.538379840467
441.7719677453241
8918.936158930732
9073.373018947812
5226.648420428238
7301.944280951129
936.5797640763384
8126.572442602322
4200.596907048595
8013.641576334927
12899.774814417364
6922.79260452669
6335.710600545157
5680.5039273776
7462.9668298571905
3181.7583061068067
22522.285964390838
8579.570526905207
8713.147367456386
11737.51008762265
9863.602862279493
9260.952804813314
5118.393759594988
5089.596236163867
7013.608590589066
7617.553661003523
8185.527630965471
6906.69358802645
16593.84126510187
4845.0958078174845
2439.172235415217
6766.319831204727
1972.5121235012184
15929.758285748809
24163.549853087454
12334.496693710931
11323.30965603683
544.0790044263847
5435.2825596448965
1967.0363609096826
6744.443793567187
14554.829621809697
6484.107013355733
4032.04419052247
4327.6432475069505
25315.58006736142
4882.084191442243
8956.447153610232
20302.617778743293
7195.181802678935
5125.2433201360245
5965.750308162879
15821.266420769703
21424.712075429106
871.7391414706782
5851.192250467774
6797.045712801922
8645.520903110317
5628.744685084773
8975.646959311644
9614.106686969357
15318.934658288079
544.0790044263847
3153.782467459838
3404.1059299376107
2435.1471514598625
1131.78975174384
4542.86376348248
875.8569152007691
9564.349021633945
10748.531296873834
6193.15826625982
5594.788871259389
9742.724778895312
5318.522155756397
7223.785065872114
9949.137318189478
4754.251723289168
30965.68514858648
4118.906750283735
17999.145541673064
9634.526132003806
13637.908358584687
3884.4438702808966
6916.960885573092
9166.007333033558
6322.367186945668
13611.724448425945
8637.084470293988
9137.156734057686
3226.795923244838
11855.860191146001
1556.8267600859765
9699.917326084353
16256.808788513754
13240.2578921403
11068.88891521886
10925.243782846976
7460.090302554497
7358.483566438688
4979.253020401987
21750.735769952178
14596.103568580475
20266.94372419794
13144.814589129872
27404.760567067413
38986.072781924326
5021.945091031303
6876.747110645117
3505.028825371514
5174.304770663271
8680.66618259077
6557.296898449424
6983.078301622241
4829.8893137532095
5227.335003484171
10006.798124555695
4211.969251585049
3624.7481365938124
4005.7820268039995
3350.657499006274
3612.431700282348
3549.0163104904236
2978.20346917464
4507.853426868865
26985.64123916666
5666.5186647862965
3303.804621166291
3956.64289328538
1671.9848817882491
7388.813426042546
544.0790044263847
7989.584050525753
273.95618145108017
5990.294777877146
30183.42370586364
4051.400933299548
4408.703035198569
7034.027395139376
5921.335471440683
7281.490407578371
3069.880379865371
3644.7195305774494
3669.7695586147233
4559.684010011293
5228.204492817427
2122.4291903329377
6372.26318211108
3347.076567627359
21870.539773322813
7598.976823791022
4890.9796857303245
3337.259765999451
17524.659867011123
11403.657723250612
4246.452264756302
5171.215231442575
14190.370913290717
7376.904595915394
8311.850941486968
13848.36207721252
8720.402931969826
3093.6696515045037
12986.808375673623
5193.016729718316
4542.270613703096
7479.870167114225
6947.1801028310765
5043.523066145251
16002.958288557127
1786.3406028140605
4650.453893505724
11812.848795793325
11005.70796166531
12191.324725746315
12690.932044246993
5836.888336829373
3313.0612844885577
5552.434696507414
6674.67968132504
2257.8467646402
5752.173761782345
3522.8685702779317
6410.645876363097
5927.652513216495
2415.282390083507
9609.2813036122
10842.522860801077
9076.891994270678
9811.666660429095
12333.201696134623
5606.058179830887
2550.232191432057
3108.539138444155
2168.9496625212237
2203.6503081553874
5919.28043923814
21089.916350864307
10775.275191890412
6456.301843612037
11431.644992685433
17439.086952875714
11674.661974321694
6850.584832356306
12816.672795310964
9329.629007354915
10407.686862306296
18092.89716355427
13290.634145100812
11960.195439573883
15456.727533735166
19215.14307631703
3168.3883657806673
11834.188149127702
10511.30683871798
7921.088189046427
4527.553561986103
6271.66432771466
15252.882400232913
13569.50922996287
18006.743176887518
31731.581558726466
29620.895593384368
5168.336994739694
8124.929224429518
8260.800310829243
19589.561506788334
26117.20935299149
34393.24684735604
32376.929116823583
4400.384221581624
20219.186178079824
4540.409155835513
6723.434520140514
12835.917681316489
15572.503136089388
25710.283298626677
33203.82757990438
12278.029197023627
10823.518818086239
16591.64056426094
5498.293754778065
1333.741139640296
7990.12803503205
11161.055698797769
13554.246238658787
19562.321320255407
15630.24365083019
14866.883401633691
19830.104343958705
17462.039355667737
17064.63228993107
2168.9449141949253
13171.248459756542
18449.874515428943
16332.071787218936
15746.395793584028
14715.11062532134
2334.7139217602735
6980.748569762896
10417.766200394663
8550.809756652623
6110.493644012364
9863.329401856037
4787.652716412214
3144.9648387431735
932.2966738093635
6636.58444195001
1793.4938867546293
1656.8275253227023
2402.5335435744178
4454.4713775282735
2478.640724144868
37500.62415833682
8160.251667695408
39273.72806381353
6340.714003604542
31226.98029259363
17998.881173715065
27625.743530864514
6815.252935060496
14532.675785961335
1327.9114818116336
9835.441927261581
5458.212820002303
32746.96380045593
8731.174441549167
29021.17576688235
15221.997066299486
35827.24873264457
10736.766750300261
bigram, add-0.5 smoothing, average word perplexity: 6384.694303466103