19214.053013202527
1705.5198444829734
9208.312144658878
3672.242688249894
21501.695178707843
1022.1975617214217
7982.779289260157
4783.75276892877
4665.9391325496335
3607.3854827726464
3639.8511138206013
2515.4982926119665
6076.496473969154
2265.8660650229513
3942.087463312617
12814.542221761467
5638.900708201945
4200.045917554444
3345.592231407369
16005.166464330876
8658.151874385127
4917.144734626127
10706.774249122978
3893.004297905829
3688.0710471067514
5887.958366649497
997.1775682054629
1814.281285618293
1716.1681062228467
11952.377360375353
7035.445585640899
3712.040308513598
2250.7841547479948
2897.672181609674
2525.5937610433493
2264.583077602876
3525.2072709605477
2646.4175231346844
8885.663638671287
14140.77262632342
6258.98788972913
2361.862042956956
1777.6510354455565
1396.3291223343767
4570.415054186893
2006.115650336688
827.9769211103023
2677.177950410743
1945.8077356398132
1682.3630422667075
743.5349143547664
3012.5679580893807
2907.999130563008
2745.5019376307096
2065.0336198819423
2831.540133454482
8831.661680820236
4090.9992538757533
8170.550261096559
6889.243601465986
2967.7901780564926
12659.067703075762
1034.7581730276904
5686.129274772275
7191.333005227529
1937.7532362340555
5192.811526610787
5751.580886782181
2722.1919822816367
5234.18329467467
5630.66620859
3160.6667799675674
5352.949901507469
2733.858156724731
1589.8769747556291
4758.366043312483
5110.126205073859
4619.494635105233
12267.034715613208
11314.818172932413
5215.19609551469
4523.722512184881
6407.245817334247
13662.779099056355
12192.137664899992
12765.511346401141
6974.705916180217
25468.653136013312
6278.9855289345605
4643.940016539677
17120.64363225084
5487.591814518099
7003.921161319693
12439.749410689039
6415.328679256718
3501.897806198432
6334.09372885602
5652.087697582206
5944.81151301983
3070.1247191020166
7158.278267369083
809.3553024496091
1037.2596275996282
8204.136610926653
3657.267409852094
11868.008343678955
9337.285733720146
11777.691638210377
8027.500256785083
14467.4020647012
8385.250788089672
7156.021584744586
4484.637233301391
8529.717522199255
7860.6054640429775
19505.8697637154
170.9339905081831
3735.480775505964
2442.9671149424057
4194.144857329443
12212.94417910467
6744.946259127552
3827.643748633543
2333.8379485889322
16810.193308593618
4498.288456714773
5949.900762872156
13604.100044276103
2190.4113045515837
6119.767496786898
4931.110131729797
7321.134552386398
6728.719487134704
17903.94852712274
5416.891207951187
8082.107270233567
5762.800702549082
7853.192067929414
2975.7778126895428
3920.2998362781254
3162.9943255772428
1405.9162961243267
15508.86298028523
7475.62858961987
11269.032702820228
11608.011480407878
6228.106335043193
8532.656240354392
6796.940225678378
4412.785688371098
1977.1158299753304
15173.102987647595
10792.030536363807
6775.379562764366
7006.615542730307
9956.862676965256
6421.9391834652215
8376.10570499203
10545.402423412801
7773.293039599589
15361.170532531498
9271.554443851315
44426.19463091634
19165.504352035296
22868.478554071702
12822.971955420833
17282.32761214065
14807.31694690894
7042.973341946508
16584.256550424037
1458.7983124394354
5108.068353706495
29715.505495468842
25106.943612757736
24356.212197297667
27217.1866119316
9774.277338677677
52268.7507394966
4919.75541175936
15314.350262670934
8809.755189626581
15005.275418951687
8319.132500573727
5032.897398305491
14309.563586685033
9837.387593014
10240.922929378676
9966.815718454262
10795.063302882394
6877.023224455449
22944.056427681877
3685.864360608367
15310.57751632383
22494.432090882477
25992.424915309428
28291.568055104057
4744.717295194921
4777.077330374867
1051.0255753580702
13362.124241590138
10681.128317448283
4122.431920565766
5049.410391882176
9046.621054392077
28450.610968071196
9881.775311489204
6348.357655573541
9026.151886568054
9741.920696520585
10289.48818611602
4084.3016265620577
8518.270423063575
3931.8329258989606
4525.861185355379
2983.259092149315
852.8222322062921
1117.7729581309054
1845.0834771616358
648.0973303352115
2752.126502535847
877.438751911891
25284.401876192893
16422.510040984274
5799.017326285986
12190.240113091157
30767.81263674498
3958.914956913313
2749.013169186267
3911.003302376891
4961.461587561645
298.67481269217586
2569.1843963847746
4529.456298592896
4214.862177565527
3095.8724886100426
3018.3199431659987
5599.309347486436
3889.592838844611
2710.8573174974754
4585.63059964836
3412.180149893488
20678.785354828044
695.7993079087694
7358.116031316073
5156.695882806413
6693.604268021795
7601.371613526081
5865.407218065562
4311.067900886557
3358.1335663082996
6430.6649593304555
19797.748880014202
2322.7533618309253
5272.513971827857
4478.556971124857
3144.4362919844816
7996.761387996188
4223.879734749771
974.7924563707588
1378.2681396331689
610.9862826703728
4532.628788447621
1003.165340082764
9611.267933588408
3572.830523823018
15573.087505507518
7518.066611527989
5666.340522052091
10292.418112894147
8424.026388911734
9335.75587319206
3445.1123907315928
9551.913436700606
3085.154412727863
315.1599172891857
3409.279776092722
2586.7112378251386
1737.0816753739684
3468.15758763261
2168.395408033707
874.6805650104623
4210.581512935518
3581.7542878872014
2839.2262332557507
18564.96329897182
2778.5050486798923
5313.268737965207
2028.353912034974
5207.457201290905
30836.202662108506
6453.233210712955
11869.751635908337
7051.58580279028
6477.507683941455
2155.828549186143
359.09992563498423
4473.587153406448
4852.988366278135
6003.930119924084
7004.81854049879
9194.756967620471
5722.160157198631
6614.112436252223
24196.272711002548
5078.656566061763
6219.196691912691
8593.107768853493
631.3082782801432
4766.042294444652
3854.340762405226
12437.460796130783
6150.407356567355
10564.035014811252
1957.2262933221148
7893.907394464808
6478.275585668741
3918.1323287744
7911.057001405916
5937.774989103334
5231.851968889265
5843.26801959972
16753.437566255194
3537.1595631862833
3638.383095368758
6211.499821001925
4261.281652588463
3435.5817348105065
8555.919042922433
5371.324146376436
4382.744031233703
5084.792668772235
10873.937075372163
10843.941155177201
5659.444278339513
5467.678062864721
4545.522222751131
5879.171653403817
3414.347198063831
9230.938453435881
3395.6793538717006
10890.15191239919
1230.5158858738394
7275.449012057444
4220.260702919037
10228.977674991169
17888.722849133916
13337.359307030743
4294.646779647261
6252.891244518509
12521.38313538014
11399.366904624036
12508.330979131566
8358.852412170809
6105.161037580767
8624.18946103897
8697.723329935568
10062.97747430272
5699.865260524375
6657.300174172833
10862.83177800658
7778.047778315806
8806.453068136429
6693.859343050864
3701.018026751118
1737.9949160223769
4004.0551702330067
5651.871123570829
3997.410171352415
3778.901133620597
4169.337794511319
4139.5287480093775
3912.516454685702
4221.07493454198
8005.120411827127
8537.114021398724
11972.268165799567
3171.100006360278
3603.7827070604108
2689.854321726171
5528.6529171829
4242.516285922657
3364.4708621128148
5004.574531514324
1223.0577727103087
6401.838578009503
17305.232950540176
6243.913953392898
3799.541021563855
4316.784480399382
3541.9021735498613
4914.436899752683
9895.669182335309
3980.82736150642
8599.232413381593
8584.928462078231
6396.904781414147
4901.903904954415
7080.190230518567
6368.354100580281
6218.16894662675
2795.6330401342666
4373.730239361361
10015.104796574242
4042.6085116169334
6644.076014346723
4444.784242889293
12765.856464113202
19263.799349889934
2484.0409716253243
2474.209901921574
12032.672610471955
19423.46078224066
2559.7299281024393
8272.883283960457
939.3419330039915
6572.45967532417
10126.460301037809
10524.370594798569
16512.619413656565
3777.8014312861424
6315.673011135274
12381.737209727087
3434.654024729635
5382.019924023038
7782.6836075004285
5466.701753798313
9982.765913813611
6280.451482716456
16221.422907061155
5648.776033140829
2611.98255866421
3372.2074234099678
5128.709047543241
725.1130339737332
12793.967554531182
2087.6778256349353
359.09992563498423
8444.329038295607
687.2159172525372
3282.3256099568457
3234.5582655937883
7841.517041667008
5029.899664106704
6032.722037634349
7955.2851093963645
8257.437773602607
5505.1561086358515
6478.367124870659
11508.066545973
10822.622321708863
4251.208413531026
5542.229142187878
4073.462565443887
8230.995778655459
5355.930353427496
2046.0234385543151
2936.678062445205
9805.83276308649
2955.6269708171017
3353.1432122672604
2614.787679416209
22124.313567951333
10331.003514989256
2217.0391548843077
3296.7750182537625
2385.5896429865793
3085.3762665631934
8115.047247111441
5418.189682194056
9641.700023754676
5682.814931050327
1379.5956569080558
2131.217788547441
4463.766923408134
1018.9712614755417
2641.7853247714606
1445.8988731417933
731.0944617672218
3897.968245036437
9664.48495190045
2078.1432087905787
18996.153558373404
14308.247701139993
7769.593176484058
23235.19137800251
3027.1515293674474
7450.7364554920205
7270.509712537306
2505.2970039331994
4285.169409482981
5757.3054240566735
12233.75846142331
8216.56679654345
7401.7794201106635
12061.086634617437
10232.2987594067
6862.999789864188
2336.3944410039926
7296.297521767525
5358.625432632663
8611.548995282075
11497.597992125504
6142.125202088513
3283.754805272953
7016.471036894341
8079.130307363854
4181.746103593493
15562.416244186037
4752.132855724806
542.6179212996589
3294.7589075908086
13527.214205175302
8591.874762000247
442.9040693674756
4070.220503808593
4065.631020700647
6353.437450981409
4831.038020288578
5342.719568495381
4532.200996144102
6892.771167589658
15595.201201673139
8430.089604085784
12473.544118038311
8782.052340564935
4579.407423883758
1266.6165696877106
1692.212849044199
9278.199880790486
8619.528171835642
11602.009125631743
8644.09120277937
6208.562361094886
7010.809082625591
8129.319407460159
4240.674458835892
5925.173348708825
4576.536100356952
3079.392889919979
3290.8906271110914
12789.107144357065
5203.82123629373
6772.665884445334
3941.9507975696206
1626.4296691575294
5369.42615327799
335.0449402380253
8052.2715074859125
2481.2907258766368
5617.751999461246
2940.1657037499244
4839.779198271148
2727.0850008936022
5391.213499842396
3725.605055578844
4819.708031269907
10619.361888209534
7314.464420150485
12436.012398096578
19588.03005874164
2965.917858290558
7329.1903812675755
5691.520902732375
4866.378660219663
7601.555265345066
6795.204495694983
3187.021219198364
4086.5969208942315
8157.542429895636
8723.78413891051
919.4896762050064
4167.694061876355
3918.2486358090478
4432.044840281565
24430.68605879537
3681.524236636292
9065.310342323899
4457.391389345997
4087.3827921199836
8022.416657935594
3185.733000646095
3320.259331328392
4161.628700763901
2650.896361033175
7671.087906403659
3653.0868047937383
5739.588206610926
2854.7681602343887
3491.377498713215
5123.907181658124
396.53810745634325
14990.151368778348
3093.6719291427794
3601.1817337348407
4416.321326094862
7933.401702224862
17900.014585061108
9156.719044527068
14571.073513154639
2293.2466391514236
4418.013162640161
2824.6145611077013
3554.9406837535967
2881.217604936435
5568.72150622815
2719.108198470172
2989.3081754273644
1093.5661602158962
3299.761968390792
2200.595119670231
5764.470120315401
661.0075213944615
2478.039347433921
1915.9795424571635
6167.52966499145
2763.265833752827
4210.1668352316565
4713.528068622946
4787.884465898415
3101.5322852996733
6874.679171022088
4848.554366078404
3975.3722173990427
7412.293506245628
640.4021694587456
40936.81173117774
3958.954018824857
3928.768444697496
5158.881931157089
4404.468688304326
4045.8549733813984
1478.2728532075214
6742.220193660973
8309.230130544036
3596.385148589527
3608.710946023058
5944.515820963807
1549.7009000117096
923.9932305970377
6494.011490600221
2269.0455920790528
3178.7886840519095
5271.70564660737
3400.619135326101
4195.179478477422
748.5238953384262
6809.246620150733
4657.45705060624
3084.6352706827265
5672.867968816468
6727.058001683778
4903.575231852626
4229.820253907043
1450.4591004886793
3026.558270061028
166.27048059317312
1088.4895421415172
1713.8983440225857
13517.435339600928
5908.617116428431
8886.64966077857
9678.50304682864
7328.903056026904
2830.1662818947498
7084.990690763633
2330.971684676023
9396.53099127479
8955.369157692769
8463.257269616814
10819.846856465123
6926.159784306363
8674.056639707815
8546.169109369226
2927.5129505745695
5683.954481063334
10948.794155688436
8308.042446984042
12549.932714210168
1362.6210719551698
8275.793720713567
170.9339905081831
2181.4901003728673
15444.078885330504
2543.748528276362
2663.765741132247
4754.001855262288
5798.264459357191
3885.628925096095
4103.033468218994
12600.552402740188
8814.037856958425
4085.1518032247013
21180.452031975386
8825.976460002366
12918.922669418416
10196.729645892756
16655.54033726536
4918.624749494167
4398.135145054292
4638.788812579239
3699.187032376867
4419.659657395141
10848.259376222713
9554.618244683354
7184.1764508573715
15889.765288705068
8563.693940148276
14306.56057899509
16740.79423744695
294.56024786523915
4995.498669334812
8285.81289709515
8575.759543489177
3237.4325832046275
8817.887848701761
14297.880839652245
9097.966722752819
12990.136545550089
6780.120822341496
6730.640593055529
170.9339905081831
11032.973802051285
3960.516381404478
4964.422905690292
7961.681011545757
12021.132635559437
8696.710603905818
9316.445128995612
12974.824163204928
18575.69058945294
1758.7711952935638
12424.817612743187
5068.606849298322
6652.924292868354
2508.565039561131
1033.1115776833653
1168.9321235490336
3098.462891746068
7313.702303567225
163.57241040056746
1032.9760600878885
1716.1681062228467
1448.6922653804656
4628.743419550617
3566.4733544454893
5337.239656098822
11873.287588944631
3066.576799662494
4609.555515766016
2805.1022155323876
5748.61296379253
8823.521120973588
3880.717159668014
5410.80775654457
28940.959653969712
10545.698583165107
6863.145283712019
6749.0732139801885
7873.185859549584
7397.697646201753
6454.585197633974
10029.209025225191
7565.52105994655
4540.395249739589
5155.499907669835
6919.982260783086
6831.892674844667
1944.060203964912
7299.247674575996
3672.180892463774
4872.390331448552
8300.774584392995
1524.9578049112854
3454.929084300538
170.9339905081831
14249.316974037441
3262.3206659989255
21000.889729404436
4112.820624619161
11054.468237884614
5320.035743308815
7195.635626390022
5969.729878653283
5995.732493228952
9287.305161456128
4216.905060210673
11604.385380835247
4150.293029055759
3038.6638880967953
10447.665267457529
971.421403512575
1104.5866911122223
1872.62413769456
5818.07745073677
6529.5070883622675
5152.006790357664
1534.293259313793
1535.0346975492769
1534.293259313793
1535.0346975492769
9198.160998602953
12714.812153232422
6126.409097598217
40967.98831603783
17857.02128199229
9171.54692315936
11894.598480101362
11872.800430331637
9597.326392336807
13268.322965463198
5590.0240547191015
9945.562239447849
17529.963622182375
9923.323794926351
5624.711217740351
7734.952047675838
11901.17400368979
27548.654717624653
6963.127695528788
12555.148693914753
3893.261602070364
11240.419487921325
3637.6219282054917
5685.12629324488
8133.161593298816
3784.177729303384
7307.555856156758
7628.891639209631
3757.4531884483617
5989.234943064941
3993.907333105561
5941.011981913964
38208.98433293149
15812.170752713602
294.56024786523915
9496.221503344985
5458.947825519558
5172.9033184335885
44910.6249466555
4735.637336920804
5647.7099593405055
5892.490157256544
22869.47155562725
8417.411169143665
4616.577468811495
6811.794201346164
2527.055316150095
1561.0767436481758
3720.7831097589738
3112.440585104957
2651.6495063381167
2905.392054598887
7594.639476723502
3454.6014715223146
18312.897613443234
423.76398341135075
5528.504691284262
4923.113933910298
9233.397853792976
11671.9051321899
12880.822791806278
1032.9896150479044
291.85900919112316
6542.173327872615
16013.589345587598
11132.030066958156
17140.87530669193
9972.12770367913
745.1782967532829
31308.43043655483
5073.935914949258
10211.860052290494
9946.408207433424
7126.779539005997
7368.117363834716
5933.5114059339485
7585.588652622562
15925.095617105704
10043.084464894744
20721.05623463372
11749.00023836747
4251.03446592046
10985.046844427396
10572.665670764518
8370.510143829215
17036.2403379167
13060.307377386678
9256.74128065216
7974.848152302586
17391.026310802266
2179.558469600686
5951.267501252235
5424.571027521919
6278.902812253141
8960.932792113812
3106.662302012404
10894.088572814355
3795.5627160177733
11687.085512192085
13874.994389861035
5749.468775089754
170.9339905081831
7103.46690935943
19294.54011473371
19254.792770152613
11921.9361424483
8576.643998732347
9717.598823677425
8763.183731648722
13519.364177256075
21863.591904700195
7690.495487031594
4883.184771518996
5880.6864596379055
8212.746640739333
3551.914725216531
3378.983088387572
4856.943623363884
4425.72073689535
359.09992563498423
3435.413110756927
3513.5776437876016
11202.937246593441
14196.932432440135
23479.559879498505
27304.05308529365
19144.807575322044
1757.6966783642767
1272.1162434129567
2096.0709910861096
2216.1370939828334
3196.7760928619346
2774.8216540361177
2274.124045874622
3693.1435800640993
4558.409967328286
3821.527340113369
3228.3404386083007
2029.3109474257756
970.1352356213777
1613.8179074856157
4136.729977582876
868.1067289955314
1414.7803682051388
3131.616782046512
2531.1282023422623
392.42319570237197
4254.405190463456
2169.969216532743
3545.7329528870655
3154.2536018773976
1120.2870525734527
1870.6216507333463
5671.194041784052
9066.563037677042
4341.649528147199
1314.0598984145236
1413.1030120460164
475.075674998723
939.7882922628758
1095.4318209764176
624.1576679278229
1482.137122506956
3304.6200800314245
1881.776166619995
10136.650611023579
2002.4501936767938
2076.4519869255373
2238.323782176411
3305.2486492774274
3062.36201192546
4767.157242692189
8567.733741919681
4488.368607245131
4776.043570929278
974.8653221797204
1207.8531274361785
6800.08095113844
8114.546404986144
1817.1096752194476
3569.980271127592
1356.7112998056675
9686.661421332956
335.0449402380253
4493.773825941391
4972.120053794693
26674.917128190336
11265.820034178947
8972.128524156247
7197.907499981377
6204.745368904991
3901.3149523210286
2865.830061637417
8845.025836030989
812.1656203252235
2812.3529596712187
996.596399005088
1992.1690392310115
751.988549937178
12256.887554151364
5193.257961747423
4966.5134325720455
10359.39765814506
6872.594718727442
5318.118131056355
4053.740678635127
5939.444428542525
7116.617019053167
9054.05843313578
4765.914952498427
2473.832820411233
16505.346646187165
4812.25489770466
5004.112278001917
4224.692300899811
6668.195718942025
11526.784659978823
6352.619943669011
6184.529359698455
29897.46914407231
8050.1438163107305
7875.853620289013
7512.213680394668
5975.719153690818
6564.683939414897
4263.335197349176
4902.951252674186
10333.694284604608
21725.14955039964
7249.607182240441
9959.814145542467
7346.317225927981
10618.859801046197
5514.297659471905
7061.8652921091
3677.509158132925
2271.0582727428255
6046.86972577759
8179.421487437448
6482.843147119464
9547.514168668922
10290.65607360542
9543.81003649824
2863.0626938480655
2813.3829912764086
5341.793309497201
5316.702879885478
5733.533327951923
3689.160601923151
10357.433476526028
3690.03620316683
8388.228705544638
5611.912905235951
4097.4125810864
8084.180827120929
357.37747619224325
4674.893549533826
7863.762374423606
2128.4044958698787
1141.2270558334574
5667.399760486501
5289.878826903508
5650.473034089656
4759.194542354972
7945.437008468288
663.723071094668
6979.759318961932
11887.85124300521
3606.29467930378
4923.236825993794
1493.7048083461796
4996.645733331474
9011.418384016255
12738.358732111928
3556.3229478447074
4915.826935970973
4549.5822890335585
3824.156033992467
3210.217584703944
3065.248702581257
6091.377711763745
8194.702806365185
5703.750092489129
9867.119220038154
11241.743749561067
4943.200485759991
8307.121649705545
6083.4895387076795
11646.607939415573
6065.47522444962
5104.181305368465
4329.509694619042
11532.585957051577
2841.9648122929543
9375.956073743335
359.09992563498423
4109.336141252433
3551.367396748047
2930.0028739955633
12010.685207314707
4665.913908695997
5488.6180413342545
7974.501031951854
4565.196163234348
6386.5013819592605
5330.975056448249
6330.7688953046245
8396.089059521459
4001.6537687591485
6758.813869263886
11919.72560933335
7633.865116657391
1868.883575332927
1694.9637690105565
2395.075260246125
1479.6786981903128
1663.279512463701
5220.908197135999
9004.168970871928
6840.815551116837
13121.099536880774
4764.682080129228
6929.17720596363
3657.083541823857
7885.490868241606
987.6678709067081
2403.764043773632
11081.666784668269
678.5674243724249
6451.648149937038
4589.958947051014
4317.107310392247
4176.236023325064
7558.371063386263
6335.551878912107
2373.8812652288652
1833.9126181871522
3054.693700741163
4093.7431380613493
1794.5556159015482
2302.7566666326497
17921.883201117435
16697.584084632617
5548.613553313397
7574.371445800086
9389.39322705155
13685.661460424039
5029.448943875291
1618.5348133856264
731.0944617672218
2782.4176090103074
44644.99166618718
4527.526684103632
9084.058904267624
11010.604067470356
17588.34874560461
10062.410051177601
2032.154294096828
4355.235333997665
350.9364184432498
2146.524673642499
954.8666302519513
1306.4487134328745
1319.3469859349495
1689.656362192736
4326.375277941438
7611.487558192673
1648.9889981803108
4364.359133556818
5815.607560012488
8832.864397215142
7075.839262837672
5157.583967215328
1685.7464151937975
1059.0495170334323
2143.185642203703
25124.983790950657
3667.073634355984
7909.130225754413
2607.9515036371004
1869.2611075198613
2702.5200084258367
983.9849945538008
5680.871291048142
1515.1922106142151
1060.5133678454395
858.413420136182
3805.994345206941
2586.179962906928
11241.955084905805
3899.8639593382163
3657.9508765607975
5885.806684317756
4931.4985315300855
5167.564721648614
6390.990223834118
2292.2454792546564
11964.208907261474
7767.9579291648515
8357.25341953778
8707.050068149698
10944.546355635624
15480.45407231994
12842.154179943727
5076.6693180045195
16869.470369602783
20658.69599696002
5235.176292115268
8166.077610829803
13407.870580730887
5696.119724919172
12334.505999990464
6901.027743982042
7101.321563475973
10297.762753566545
2097.7747614982795
4728.407390341301
3306.266061188877
2736.3921303671987
6633.969553513413
2573.7486950380553
4427.029348228785
3751.2506640595284
4937.766434019266
3193.717175159017
2469.12309771797
2266.498808895249
223.34737688539366
9146.269584535796
8088.522125110441
7607.898884144368
5711.564141681554
1183.2622938755449
7230.881384054515
8855.559554846168
10619.454056026098
6512.8676259128015
4505.3590448792565
4892.212740211015
29155.863457108
6781.415602658667
8403.401236994088
16024.964271120047
5591.181674287977
8020.855591655852
1127.6820486747633
4963.977846102051
2139.5333158756484
2868.5944093843627
7189.999473300661
6123.129756382472
15243.381264714502
3879.7559539523777
1936.1623689022163
2326.5307544189604
3486.656968675271
3009.6600664989255
11687.307088179112
11476.990382225988
2833.1409343136033
2710.780765450764
6780.737326670194
1801.595913821835
3534.208020526994
2099.05836897134
3042.424632611865
20615.213414613336
3884.7786370725175
3496.8522946732187
3739.4565057547575
8109.479915034596
2143.791519177642
2627.1004521426416
6460.861349302679
6915.841782779627
4014.597649193163
5688.352070622543
3088.3544781998608
5715.734631270547
33355.01939919825
3955.5821527997355
3858.974468806385
878.5859852347351
2682.3376505563588
941.3491369597841
4143.845141320681
2653.421379256078
3947.9000520772997
19336.90383695409
7394.389543589928
3507.434383386973
1158.7569221558886
6389.5739731880585
4547.985595090898
3100.419777949855
4388.699958580719
5720.376091416503
14275.233046184472
2462.85681157872
5695.612811976685
3911.3600444216963
4055.4730580831515
7099.337216075834
2486.1784706681665
2715.6247288596205
4447.940890757225
5589.624893610696
4046.5801394614673
3806.6213797705345
2816.840678544428
350.84413619211654
11186.213927621216
3538.282993735553
2020.8169185024628
3298.4524356007832
6190.400745086437
17151.353454547938
6781.567627088153
4034.8439966846727
13379.101054659564
6503.385767177036
3662.0839096696136
4713.575592020553
6962.8058487417065
17361.57609346696
3166.55250690797
5812.32858092234
2637.7838970060698
6217.198352132037
9128.907119425912
6347.552614352207
4279.059916342948
3566.7095369852036
5273.419804284985
3447.12454214481
1868.129103202209
17090.685727086202
3691.3791717570434
8536.668666493866
6367.18878436181
25087.46663076955
3448.094887310683
3972.070224715798
4593.130276551368
4517.150501733667
5096.141393814006
3563.844599989989
359.09992563498423
3943.7540638917926
6482.8771309711865
18303.577484545138
2277.8544883604695
7502.3112999226905
2515.660850525652
5926.290803166632
2579.390032046973
3406.1517254360842
5326.648593842188
11854.629101735409
5319.839873770363
7227.161931761277
8411.181759045563
11948.208005263286
1773.807817043816
6314.583734383194
16655.832560558578
6683.821442380176
8073.522864321141
7092.980720005773
3291.407159170237
18324.23634877464
6223.493409070787
2052.4108458512865
16372.190068959613
7780.445789648264
15324.293498248908
5987.544651574998
6360.2341592369
7121.951632931055
7054.829637353402
16498.567791775913
6204.093452402476
2562.905593434405
3834.532144004233
16635.532923655734
4945.573347144803
7060.265966504991
8718.484817052251
16152.505516808766
6705.749974541375
7470.506978539817
5746.166576119566
8162.900222820055
13080.569592594537
14945.983474263285
6462.127007121633
2512.88887858623
8801.148956027566
8858.731438049035
2956.630285640326
5813.957719120726
10726.41918984819
11758.142780245627
8636.619828808169
2786.003311481525
2790.4473611111807
996.421624306386
5471.387621008659
164.42049474873892
5646.620999485003
5399.849367143095
28749.80641084145
18096.553809408495
19761.984349949413
6334.437818971078
8848.929199109196
5634.866493181173
6327.647060624247
8863.2669189504
3758.7974137125066
6087.448459120626
8077.331133543613
813.3390014742283
514.4481974253781
2899.6639837960784
4010.1263272088067
5408.234825665107
7732.513760525114
1738.026936920442
7917.502365479686
7092.352447479598
5891.773334236759
8861.20307421201
8300.375230218551
6862.183633443192
1733.1223091156148
8352.177652372178
10852.547256755755
6163.850892428492
5263.3542164265
4614.451030867778
2695.8174089421664
4233.148036314582
7544.606324111224
4669.548260655203
5802.235802683177
8140.90285847684
7859.50771171899
9959.446874811543
2195.1178854590844
6707.910807005919
8598.160134039816
3122.1307908223475
4841.901077926011
2890.6848850897236
9434.14946985437
6024.502878227279
11503.2389791825
14827.297456484663
6812.0118901116775
11275.014481673632
15621.522004109207
7334.6117404126135
170.9339905081831
3731.5330882181343
735.8775903903036
8532.368068918744
1414.2449034920642
4846.008583562434
3851.2916847603096
4602.332149229413
5038.644950301267
5544.981533988177
1806.8410165507244
2811.792507799276
4361.318239435578
3372.2789379319493
1644.333376889187
585.9340165745494
4041.4096172427785
6573.718501732612
13428.584842584556
5061.472297675162
15662.363702844428
5413.141998595894
8008.842022240402
6896.858497200436
21019.982762738284
10069.328136191054
6424.730123407423
4422.594977635084
2231.2571261432695
33664.17870510967
2032.0179195532808
4865.296952884641
3270.7915905509644
17905.81011477113
2582.272267886015
5302.750704492768
5556.377625028273
5090.781091325223
170.9339905081831
2021.06936908105
3508.0648078773165
3932.3362768974257
7171.678937657836
248.0969711289402
3134.0343309269647
5850.861186893298
328.8997581415408
3301.172802369591
6305.972676658593
3433.272055553133
5289.54395501289
5132.26724933801
2627.4627324292624
3032.9848193646258
1005.0517131113978
1885.7864122180606
2589.1480513593847
6511.074438449899
1878.9287213067666
1766.354331541091
2028.6895504785161
2421.0234641339052
2926.050226777779
1232.5088713963617
1550.576569781522
1407.737607358649
1764.1117987756888
3046.5470267122537
3968.384374540537
1478.597274307628
3347.5646659048684
912.2467710878877
2992.99478439372
2981.465766313411
2732.2694976833977
1875.210442365207
10572.58618488606
1866.2379102429843
3593.331720863656
1889.1416344344634
5890.25327409925
1134.8910360777156
5866.919907008538
6107.346032533108
1439.223672291179
2007.993136059351
2193.9801580127396
10757.909250265227
3137.762973630826
1954.5095597740503
3716.1968313024286
3574.45406413156
2091.843044251592
5833.840522372782
4353.0014744848995
2033.971916153132
2037.7404436856095
3609.7015693793046
2638.081652819118
2210.872475027764
2171.245697621146
8461.389554219073
1676.5278684487444
3768.8162198960854
13907.930411291425
2053.9383079428926
1158.58264485527
2968.582660912061
4701.119945117326
2811.3644204630887
5567.957128297141
5623.033810557709
4623.069240254588
6687.4977656910005
7537.6188899650115
2853.343734444585
1873.332585755591
6083.821518533077
3573.0233888137373
4144.584888662569
2596.00889581393
2143.679191156671
1253.0660029981916
9425.57167398124
4021.8180605482403
4980.149610881717
4152.15582684748
5074.079320345296
5686.012791402421
2835.897105903359
5905.82395747622
10854.200405770649
3751.211817110443
3360.8968551022626
3397.5227992788327
4868.434013753339
9451.692931890131
9348.602496670384
11723.329315575818
4636.899517952359
8812.651807943048
12499.850845156083
3912.443377305654
12764.912378748604
5580.359819149138
8308.84094190603
1080.5436047342798
5348.261736370362
9025.21102437899
5368.074849377509
5165.5686768932765
15059.025196318915
3560.781823822384
6221.049876228051
3986.0850739258985
6274.934307226859
6257.091689600026
5944.214049617592
3251.8883017597204
6440.595349717756
2077.9215707216613
8337.740844799877
2564.7533685432627
6820.915555500737
2469.3833776603205
5177.200596669738
3212.700821141897
14096.867111133477
5927.911318990501
5033.550336135461
4919.946191072275
5095.002327507936
8643.984565067938
5452.598617018661
13955.891271108907
3680.3329517343504
6797.55262028143
3320.9021865646823
5882.500465382567
6874.616777149301
7608.692438565799
6124.595161264849
5992.5966359872555
14877.354128023499
7112.633284698477
6627.3826638747405
9788.533530692344
6633.098477842414
6506.717617816216
7102.022346692558
9779.103708591207
6337.580456580306
4628.323998053299
9117.3155711682
5705.150305310776
1822.8688804680642
5102.068812767366
3876.4885163793715
6759.408501062644
5219.105955135777
836.0261318105657
6928.445542537283
3896.3789335380166
7736.550757784443
9685.443498005714
43256.932004947725
14539.569802163425
1478.6343227266796
4595.276391619995
8243.332067609186
14845.353388713724
16524.13161689443
15061.32458130409
20479.827908781706
23181.26445112253
42900.53337801826
14080.797705381747
3224.5996811463933
3837.3722274675342
2997.5530558391633
3429.5223364384647
16745.487454747024
9220.52086746258
13554.687698941636
9706.057024290976
14665.369128967079
27866.582848002712
17404.84540857782
16751.11601529968
39075.861721020556
7029.813793874535
22118.54805375026
22883.586285892325
20144.413938911373
10087.392658133827
24568.523865124258
7261.370162056499
13224.079431148613
9606.918679307499
3291.8987281001896
3124.2521563166174
6332.37509461229
7159.418972798615
8275.922338224695
5403.71793416616
11598.362155833462
6301.581638717855
13793.002987684918
19992.03018218609
12213.179719492713
12061.113610722225
11207.098980805931
17956.806715822608
3329.059741778984
670.7213907774673
896.9492399561725
288.43452542606735
1441.91896230415
1217.608131863481
4089.978529905725
2130.2382973482095
743.3881687495419
1291.8636213666032
830.7947547266615
1786.8695759479745
558.6537470918539
1635.2049891885151
3858.0005373720423
3482.444906067009
170.9339905081831
1431.4723321089325
288.43452542606735
428.28467405902404
401.75396576833793
1298.900737403542
658.5618063307064
1570.0400444180218
3629.42288569851
1391.2484374528956
1417.478880313256
861.9244751129906
1901.4204640909109
1714.2242145604419
832.6453993961626
606.570950194668
4706.855033446853
25993.291893975726
1727.4536110408333
10353.25918459917
8005.362291585968
9277.254431835361
1189.7019389135494
9328.282332514293
6519.146593704267
8743.760012327857
4913.784265626961
9386.676216500124
1070.288155993398
447.59306285727985
11886.56103245771
4802.488270159404
6190.19146148853
1274.1088695326748
14356.913308619994
4196.668288055445
8734.649296634445
2900.2418671029304
3361.0073516275006
3786.755971037702
1446.0008557535218
731.0944617672218
3927.1644934998208
359.09992563498423
4133.339601535561
4334.322203767756
355.2246376256444
4490.907513608907
5378.244387006917
2434.7102004823505
2488.1148765177786
2460.7576852583834
2583.6401955672018
2836.364100546696
2510.9936477385945
2966.135241684225
2908.92379587282
1755.890782583684
2065.326276154729
1502.4779922968955
2333.948133247961
5134.954391525089
17513.387420545892
4578.293110650207
4942.31907123605
1675.1435857915244
3042.183275191284
2631.57143839012
2503.95876173762
9089.169454079385
12249.934403608213
8306.121607773348
6219.170193017687
4289.102743829729
1877.079068880844
1932.656773060171
4748.92276753719
2772.428884418862
608.9753223846518
2145.7131974124527
15091.901354799835
2336.710708879211
7554.1596781050675
2745.083432141956
6602.892780087279
6119.08572584992
6283.789317029584
2902.6367710504956
4657.448499348623
9133.220114675709
18348.002831413854
6313.608971231893
3350.4472407808867
2380.397307617295
3260.0170792616054
3396.262602738443
1789.3436176968821
10112.616326429217
3274.418501783319
2592.447160706834
2753.316621554651
8575.205875005517
1234.661620015264
1402.4370657879879
8266.367325131594
5099.6470304285285
6874.347512360484
5235.8216144837
5386.28154983155
4131.337956129998
6361.873394102684
170.9339905081831
2204.418398615248
12441.117728833113
5848.916036822173
7520.3317237452875
8776.42966544935
5522.820559292449
3411.437654570596
5546.717664819399
2450.60892493173
4091.2498822993853
7066.807681727524
2923.8519307534266
3732.13398856166
5533.366574638584
2010.9342784036614
1932.5046586274577
1967.3708201081538
5926.530846873879
259.8692284828733
22229.700565719722
619.7970822203625
6124.146843332191
5901.960562195628
11779.384683850269
4460.7131397970725
14192.704860936747
3914.50089100905
15640.126733752239
1837.0713041156228
2441.2043726052107
1167.455990817739
3446.968271357099
11904.075710741927
15403.661731881137
12469.725051133428
9397.70771673009
2112.5856019662374
12991.030628614568
14029.584611658429
9457.7181456814
5509.79335377579
7603.142529467952
16866.495621862654
3239.9244646468487
7037.32109008798
19681.632973645035
3191.9058514234625
4132.094150231988
7503.895334383325
2733.9944906158557
4740.594177582661
3306.011748048558
3280.952380850844
4156.644902364128
2340.856027583968
2352.774359553282
2749.6889528400125
4558.139913553819
6511.471245181738
1335.89896951693
4096.1634561636
5079.158224208352
3437.975578815186
22162.98736372819
5226.012859220032
3072.9405181702177
2289.5389903443506
9985.146391315046
2786.840738408767
4299.571577194456
4029.7200399048734
3439.6536756442997
359.09992563498423
7121.530745763724
363.6263317005288
5347.257336041901
6715.439813017352
912.6838083093776
2132.672534899273
2364.2614808637923
4276.2812515023215
6216.760755924729
10177.646068914813
6207.355270347279
4215.924376410812
10516.915506453079
2587.3575337923075
5502.240442183656
170.9339905081831
3039.8132916760633
11842.205794421861
4822.590474641028
3023.4030372718125
6845.018765612243
7084.149532362813
7390.621893689839
25947.693311188836
1596.9738704409676
4559.835201183679
10187.26760515684
8101.479255944456
4551.128464970816
8550.730061732716
10497.94458764778
9450.31277877366
10398.169015000416
5542.668120899859
5096.008881734051
8213.299294744276
9345.14242029436
8165.137409811449
5160.801436287928
6032.958171450792
3421.199729186971
2031.7219996318372
3609.9389099064397
7450.847708084983
9388.586420596592
14548.122147001432
1191.6075954777348
7156.734173470764
10221.268655552887
7833.157704542202
6357.710645750962
170.9339905081831
1588.4547200816155
573.892085377447
7849.9188475697765
8167.902587735521
5903.337263941568
5668.572151190463
17936.926141091037
6525.1122945249435
11904.03688128384
10783.724850053926
1150.876392035683
15935.778560416125
1486.9273011390628
6724.526736720889
9032.081067673198
6460.098907790585
5101.186161158656
5848.2240633591455
8381.650249326265
4764.460329275589
5073.717708473438
2325.45462100839
5141.6798598696905
10870.89253937388
4814.248763794444
3551.805984726983
5186.030101806899
11890.27413577197
3046.083598992369
4831.414952812643
13817.601012211866
1697.9816342613028
4776.079309057505
3410.9973921418878
1475.9824421545795
731.0944617672218
4191.926570113712
1424.7215520433847
5047.90597128468
6067.650569803561
3139.9942221365613
9423.369793020383
687.3453525590228
9941.284836878536
4226.6254526973535
13583.819881506799
6968.134099073908
5349.564908176533
6028.527092019867
8590.963065872358
7888.243496968363
6014.615993219631
19240.57591699168
5955.241531252057
8835.156920083182
17043.126093290128
2262.2337896027593
5184.75560901556
8991.789937203917
8612.271471746644
3622.3795036980314
2351.2168249966307
8887.031451636067
9689.497214126824
15089.240772966026
24648.085686486003
2282.3505194887152
2809.4535785801436
7880.396382765696
2594.8192915850277
873.2103092956231
6377.168313314061
7990.39922631282
5838.860571530552
5275.146701473085
16949.290077558016
3675.394168736757
3090.1662386033404
2839.1581360477617
3340.570716905762
1617.3529622827105
2538.6581225387495
2286.8134652489493
3286.481324035399
7467.542653504638
5945.116860533241
3557.8363612244575
4092.740060236048
2254.478600829155
2937.8635199413043
3534.933175102886
4815.68130719823
7541.663397694188
1023.1568126859277
20205.035067373687
6087.419688847536
7974.812928211781
4017.9734940543062
3371.123762918573
710.4427824207266
1363.2789501031075
1923.1031688311052
4261.127055680552
297.7801879232602
20505.194376521307
3452.240975313023
13350.313718012541
2582.697037930653
10794.381137303682
4247.779166086263
6212.582549423536
6704.546941996198
1724.5849086049566
3087.3787253863798
3669.308902575055
4645.409217571616
1344.268434121422
2814.804672122369
5816.672537486924
13023.398755694063
14223.461053940613
9420.905562438717
15645.883077528577
13292.690795568473
5671.250127658224
2552.1553816904366
1864.3757088026366
2638.6151114287895
6308.198079761493
5050.140011865594
15955.032914352323
3066.6705290442596
1898.12426896832
2026.272649326382
2761.3045425032306
3915.9607402958186
6782.67768592096
8194.592317874887
12591.68934810126
11204.394682044449
12667.144132252863
3604.6928154791735
6501.1419807164375
5246.390821815021
8501.560002345217
13942.243299357187
5904.684206385614
9207.290827366372
10969.405423806245
4267.626836040232
15599.107055258553
3988.740997965991
6086.332355002446
12661.338116944073
9096.743762136502
9411.324446411254
5332.412207037151
10782.071327913645
20494.13861027214
13259.735593629268
6138.4667405597165
17487.481071687427
25109.61398414737
11596.561135766331
1928.7507714530325
6907.393319345895
6128.25566262577
6212.119238462277
15845.569906157532
5634.379906374846
9888.40735126683
10050.791030867973
13406.17078931701
5031.6331587860695
4814.60012151406
8119.060086009692
6182.738564606391
5689.195662940799
3799.9376317400556
10842.278302719462
6503.86927529218
5571.579897295482
12020.38037057051
8875.978725084406
6764.95158478033
9076.380405920363
6324.433948039087
2193.304170754425
4802.2456670679785
8491.53309422129
20805.90678472636
12783.02572901703
7241.206929703027
10461.230683906004
10952.99012471551
8823.9571928717
6831.921865201471
8147.464927946359
16183.550723725124
11684.032251262683
16241.429749764016
12549.202587783453
13493.305123095433
14041.0806160161
6805.50286488995
3866.2877581010703
2593.3864146376964
1658.4746958003682
27757.338354051695
3062.840245934199
8606.676226821082
4258.903136211886
4476.164360236484
1775.5691262409782
10143.409031192245
774.2557728175767
6648.997921926734
5866.264394832413
7059.783063009285
7903.632223799944
4973.16519006215
7294.4077653107015
9057.842338263043
2327.0977206453317
4556.57873689106
2287.8355973827015
5759.105227450831
23604.346927418734
10394.62749289776
7595.6955220935515
4079.632590789882
5025.630051001896
13242.69794397826
5876.522124577535
21974.94333399245
4999.009141685705
10479.74154450947
11203.292955848197
8229.201061634141
4346.852736525065
2156.3569019600636
7071.392095853993
6619.380333842992
7241.4322319044895
13339.520850189796
3988.715723296052
9512.621226344969
3490.852656125493
4050.316112988173
6543.47020357287
17567.029083724217
7017.1024550613165
5028.475809951099
6793.588151179372
833.1706567090822
8411.860101818665
268.1976997200456
2562.1294177857544
6063.709156891003
5220.772108571375
10758.76320146283
26338.481095372314
2085.6472619402402
3645.462274659707
3601.2718420789647
11843.410736008627
10977.976166770375
20358.402418438563
5207.972254871859
6906.467383018404
8322.87699300623
5001.414893221835
2740.7822308276145
3145.4240112089715
2186.501171631595
2720.1976608372647
3250.8744045824237
8233.964703907297
17204.32689804239
1994.500556986273
5870.803107907992
1661.873208810335
10892.16581949229
4758.623150523417
6883.450098853818
6904.357935168008
7041.588851878944
4855.323368740409
9083.743424036287
4872.319458785815
708.2268355042235
8429.214757855847
996.107451804263
22118.871168273796
7169.026722218675
9311.054033812832
19582.674149034014
16406.898186651815
10527.79831964703
1476.0864522357156
731.0944617672218
3921.607287144591
4412.191451313012
1834.159942461022
1575.976398352288
4900.293385305213
1679.5284559893591
1551.2638010481485
217.85724089220392
18831.107708782918
4462.322583719621
12536.224023626437
6843.570110160108
6597.871575495384
1694.398673406723
3230.9327431899596
7162.732485581211
9013.097527997392
9838.192613336996
8859.353222035892
12744.396933183929
6598.268007154475
8471.33846420137
6659.834386393157
3153.5773362755685
7582.092065531583
2007.45410008467
6391.4031955254495
6004.622143695532
4921.543086820992
4745.010289237534
2005.3572987885968
4382.184403156201
5736.4141963298
2275.138595613493
3000.4779227532804
2080.2764190065386
5240.668150642807
6633.546460724991
3903.360400708348
1815.3929003349792
2035.9294072291793
1809.9046892017957
16126.33557001782
9801.72884265381
7295.550357421733
5207.834451376878
792.214088793331
1799.0176875287625
2736.129206715014
3868.752015320668
1980.1941222235662
1017.828919046811
1250.02135020588
15620.39521913736
22800.86785833424
20797.52697025825
9113.127945789909
5128.703774860846
217.85724089220392
170.9339905081831
46267.644434910166
27007.828298903976
2938.3599400087
3375.2505539768304
6118.8139992848855
4364.729548852373
6738.406721200795
4432.310364614514
4498.117887969453
6163.7180332017815
4588.011881778438
8524.6696112342
4277.309335187438
6253.706890258684
6668.8347396953195
3641.3551828392847
8344.356481534394
3585.865557200155
2352.4240380336855
2870.8187111169777
6525.780588457224
3744.184746360313
8154.3317559091265
17675.742526701386
9031.869769907002
18314.346500704993
18188.062776589744
14826.012687684675
4071.4638164587614
2896.6965330207695
10385.551135943375
2905.433637506217
13989.909629338632
7865.084090157877
5220.814705787665
8042.1131533822745
972.1942221343068
1051.0255753580702
834.8191749573961
1442.883095991494
6747.345703820521
1051.0255753580702
1168.5337065821693
2651.0932987866554
1977.0121552525818
1643.7368052987333
1978.2030038018443
1266.6165696877106
1051.0255753580702
1643.7368052987333
5218.609410329528
3953.614858335373
1625.8829153270065
655.3362271727915
5314.394391338798
4155.443677470302
3433.7289335310315
814.5965222679479
8303.698100147227
8821.92679180144
27422.874918029018
6478.666008525184
14279.80291563963
17284.230258966887
8013.662044485657
9304.081524953695
7023.7225199519135
7933.704030984922
9211.013461232766
12186.796941676981
7737.025240026928
9483.314621124206
298.67481269217586
7537.900605262392
7671.059357378253
4079.475387557173
5728.964902072249
655.3441244220724
6765.703456388282
3350.7160216618554
6807.020334608687
11311.066885529468
5717.141668440583
5192.778224301179
4420.911390951082
6129.802729028152
2385.604745138289
20130.489607573858
6870.127016976909
7086.284360939499
9696.06656870928
8228.849820543497
7788.402559489587
4096.910048734281
3980.565869428181
5675.671574436663
6126.5641531380315
6611.334526788423
6129.845711797546
13521.563163987079
3912.464516854882
1866.2802108091107
5437.712285970762
1556.2074907495596
14563.13445326227
22796.427111572608
10545.191138599133
9825.501120423378
359.09992563498423
4249.652260674291
1449.274941294493
5257.52706099438
12533.080720798203
5097.369853308673
3065.899432563702
3389.7175472830936
22461.43632604373
3660.9166941283756
7241.8450736868135
17671.37958686216
5722.754934254742
4012.8266197199546
4770.211051539045
13849.66530538106
19847.98174230675
573.892085377447
4798.303585079756
5505.625252781073
6959.2580485904455
4437.790432495427
7355.649637662108
8105.81686712744
13701.465741410371
359.09992563498423
2385.317981002234
2556.2104879909425
1686.6480956678677
731.0944617672218
3238.8522104921244
631.3082782801432
7944.341310959624
9189.504072035466
5087.780213300965
4351.0851479736975
7414.540405086513
4319.910118697626
5806.037513957671
8427.508547797772
3746.5151524689286
28420.91751840063
3337.8942522665216
15970.118390484273
8314.069887390538
11141.281606784212
2885.877140044611
5690.387336824783
7478.204703874071
5137.5732920968885
11576.469112027617
7260.664160577414
7442.418665268543
2454.383557424375
9954.016569831736
1061.3636006024108
8133.292010963862
14161.69868983489
11664.375237714248
9305.31939695044
9215.127090848928
6059.48502793862
6249.501947814081
3804.807872928495
19497.48364593644
12899.146247265275
18795.995427523183
11148.452913693905
25020.388715008194
36268.36713118588
3751.259937795638
5586.3577550286
2528.4182411650777
3784.2746337506555
7131.261687436219
5062.750202610297
5694.0099689175095
3752.9664728987195
4149.404489277371
8105.609133162825
3153.320414042026
2662.7234378555663
3109.9285988968727
2585.006248720049
2864.7360768949266
2789.223673991096
2182.574857658468
3640.2218075755827
24872.822025563888
4461.958962470003
2591.879255763028
3106.7164056620736
1218.0177060045064
5937.592242973029
359.09992563498423
6786.128115704246
177.20465146058677
4827.202031302924
27518.47011681683
2956.4027121658287
3296.011173841456
5521.955989890969
4681.201968431
5844.342248759267
2223.7839859585815
2767.1005399502533
2660.6799780513484
3571.424821185463
3706.1315049665827
1498.6302076330055
5134.104780862077
2703.8165801270707
18526.75268004662
6080.584722112908
3971.8172949188247
2676.7659749469412
16076.196193992515
9306.245223564772
3393.6406550642837
3827.9957484190354
11997.86921965895
5881.2264969749185
6808.587149706259
12203.685241083002
7389.568031184201
2112.5856019662374
10665.007866290149
4040.5359070267136
3426.1906126683207
6170.112440398451
5618.852468423782
4089.7321128156427
12844.542445983076
1158.7569221558886
3669.8775851114788
10170.357205587363
9295.68488294882
10239.297244109968
11923.90571107367
4665.797702622578
2563.9972445716467
4409.481088506205
4649.261466890002
1613.6935374147151
4755.6164556329495
2683.740595527558
5088.480021402962
4892.229178521664
1773.4527287297299
8033.556231381263
9045.15981447934
6897.232189214556
8375.251236466856
10791.032788602552
4293.275978814691
1768.017859994566
2306.4045106414264
1611.927929749872
1693.4476462258237
4773.934478917932
18789.41962685231
8568.082781595998
4965.426356006776
9590.384640374847
15040.239457260443
10065.734889513711
5546.054012481262
11014.368865709437
7728.437583896444
8662.540512462563
16464.439204602873
12008.185946827418
10408.734302323961
13761.008472400292
17667.50487190329
2582.133009649805
10039.176115210825
8740.554063582184
6299.200394499575
3233.6769439727236
4857.103073663949
14032.879390142883
10481.2438458976
15211.19808621619
29310.344458008123
28437.23617731123
4018.799486466165
6593.080437874296
6693.586859565908
15914.574164473159
23589.4002886184
31740.309697957095
29483.324822581086
3420.919085125378
20761.76103440036
3092.194464010775
5149.170927448058
9886.690086575085
13728.53368371101
24338.384021512134
31675.629230042443
10208.273443035303
8320.358235632484
14518.695036547895
4657.694097333501
1029.2237021479687
6626.741663380158
9519.240131841447
12340.330826346591
17980.368380018226
13745.985759545187
13506.504364685568
17357.619469934965
15887.925093105914
14555.40076980825
1764.5057796294927
11424.10803587806
17249.86305126197
14544.968002973501
13906.72485876731
12807.824846024527
1779.0543970163603
5176.9395293955395
8593.085869874107
6981.829315521461
4885.537114675127
8191.939846247738
3690.824148090638
2549.9974520681053
677.3625906179309
5285.096447267153
1444.9135487629605
1116.5975423206007
1978.1771457840732
3424.663095914815
2166.67267772187
37839.0314361361
7171.404590576744
40397.78524733309
5840.152621082013
29722.274120164213
15761.208527039178
25540.929050913684
6305.429183188487
12947.891873512022
1138.591886090418
8605.206673866669
4744.6964773922655
32128.67357357663
7735.162565337688
27826.942263586756
14655.411064391632
34840.70109867325
9529.758129562046
bigram, add-0.3 smoothing, average word perplexity: 5129.881146576802