14367.020171244243
957.7623861206089
6284.979514619589
2340.8940097033437
15001.032062837783
451.4039520957905
5084.20438361409
2325.237158490385
2776.93057806097
2091.306147487649
2298.220395199927
1379.2608317866304
3970.7469372833125
1284.1205886130092
2488.5836339490043
8186.926160493636
3700.5546876119165
2502.642151085732
2004.5728990472942
9779.258786034772
5982.357712531938
2950.906873698942
7706.037328980483
2352.555460100627
2452.138808657006
4029.5343832556787
621.7010314228924
1060.9329383174977
1080.869245724374
7176.968853223392
4697.59253931261
2505.5567634692125
1268.554405010082
1604.020558181855
1400.4048233572119
1237.678131187269
2140.7450721866917
1640.999764367774
6506.990775474547
9339.988545876899
4195.681880840552
1330.0294949204297
723.3753579195547
709.2934880219046
2830.141661187247
1167.0449660275804
389.9350446550212
1551.5231720874885
1021.0010259576356
856.9732070321479
354.05032339251426
1726.9375841925141
1623.3035270537675
1361.6936158437356
1095.9453181417257
1508.3420792974296
6437.832216662426
2465.3589545906825
5769.47026618441
4381.150022114055
1699.5372970112846
9064.311639924064
543.5907687592324
3767.258599017367
4768.2153896853815
1108.625806933511
3304.591378923616
3833.09993825093
1599.546687669278
2893.9654988701745
3696.904283428212
1841.7581780496878
3432.4578967347798
1595.507513719515
855.9057287247798
2998.1078247285755
3109.5422527920427
2840.224387066817
7794.301387634296
8187.721933595634
3352.5578766098934
2949.834449957339
3950.1177635903255
12201.660253545788
9477.795694575148
9766.194491511496
4385.403452346081
21027.948050116644
3782.1331888155905
2785.320836289247
11626.079415339553
3263.7606956058294
4778.217956078376
10292.907912769448
4222.218463510287
2036.569604867542
4277.9615112521415
3453.125268623653
4136.532427682601
2072.876567096247
4763.548228020732
438.9343093737824
549.5222561080064
5452.169654258728
2534.3645565158017
9388.914865987117
6264.062501602182
9215.781293141203
5627.707079421271
12490.288735220027
6179.027785901661
4853.660757360192
2874.7802288987823
6158.726213500576
5772.162019466761
19343.32822122752
81.78115514536391
2591.8845733240782
1387.4871004754857
2719.993171404596
9017.286746132142
4548.986480350858
2322.391102825013
1382.079006169504
13953.72075042933
2802.9101227348697
3762.671735456346
8066.86068995846
1058.150094787642
4479.468863983801
3284.7410343863357
5050.417116200884
4426.744679989456
11522.589324638653
3416.763829317959
5478.953736347959
3988.786794863991
5412.201739482726
1768.9550204090758
2312.6597900495794
1820.2513322946104
710.9592418518661
7956.814176621031
5720.579074595595
8794.204668118351
9203.680613165492
4311.680756128218
6433.364569485128
5093.750921306144
2609.526901733864
1402.714100112086
13327.598392691647
8510.47557474893
4879.031011242861
4965.5215011902355
7706.553416524405
4709.86857955538
6782.256368303578
10365.181363805594
5064.0649681597615
11585.37357013302
6121.5259040591145
44557.36804122831
18255.733468737355
24482.88382572493
9369.858264878707
13428.243876987677
10572.117661382465
4471.974201493952
13470.292695789503
731.6154535606547
3669.087882328603
27035.758600097553
21085.484352898653
22026.013015921362
27304.618158637724
6570.112294130928
57411.712735740744
3468.6919618051998
12265.606873005016
7758.133149416047
16052.949454431973
5371.525842295573
3696.243564577791
11641.214404814997
7399.8707228402
7971.106470159352
7720.611984600844
8434.195258234337
4853.362034368129
17454.293232514265
2385.5779387044818
10930.776571272923
16424.73808823755
19357.661032453154
23554.573460189342
2483.621306654261
3515.058665986933
736.4367592649076
10162.481978628915
8222.594522046507
2762.1588488393227
3271.460769377313
6971.926682225064
26690.434432981987
7398.987739844775
4399.170678596138
6840.4289899218475
6787.444647525169
7946.265630492934
2571.4479450476624
6305.931359032643
2453.7948606865516
2120.519667062668
1390.4719489665815
397.2882325403675
524.734346732245
875.5141690435449
301.68268977176825
1405.534574409694
430.4345077972778
17418.908685675433
11075.172115960559
3690.5547614610646
8737.941310896116
25426.553800438745
2238.85488407562
1399.3031064992333
2230.6661379753687
3158.0359246218427
144.13950338685558
1506.5387525620338
2756.0266442396487
2462.5049530206265
1775.1453928914882
1628.9687443955002
3374.4723898943566
2073.503415004488
1455.2577280952507
2679.994055009089
1834.0111711467155
19361.88442159907
375.34596043445566
4838.55669883407
3417.78443788638
4682.8552938628
5293.915770216559
3659.263506315158
2530.619356943576
2042.5418445049188
4307.921348543179
14387.87802296816
1147.1640823346454
3359.5574599706656
2612.3379360385848
2425.600517744312
6239.560008277789
2167.304035554458
480.359559692167
673.2170316166446
278.5978518697194
2744.9215749709106
510.07976828149947
6877.187984416927
2220.6551682413246
11566.46710219548
3647.1123523517576
3811.001227878785
7680.8534095133755
6067.467374226406
6817.733062930523
2211.242819709739
6369.9668788862755
1801.3695982403397
142.75375600072815
2083.6848204934304
1367.9471275499764
936.8618112801964
1967.4759716123383
1185.4898683375525
436.8463027495494
2591.1974907742447
2162.8756681721625
1921.2439462465372
14267.536174392148
1427.5933199990054
3222.0522081845243
1090.9263800023375
3369.118624711362
25429.323578442174
4311.254570143803
8977.545157252007
4719.870617701162
4205.044210465659
1241.471426884943
159.71436681495211
2930.659077692316
3022.1565115905555
4035.5280788301775
4885.05486511303
7263.856063238987
4039.187358069215
4391.798317734303
18006.493006372628
3330.8922330202554
4113.418271745643
4757.61296938176
335.3687291877717
3252.378194503023
2943.329594673478
10305.963476159608
4293.15450525118
7372.11832448534
1244.2111192240452
4768.473292264888
4317.644643071966
2484.2272454669633
5793.905705486367
4321.962889682322
3519.2589935925585
3727.3798225707874
12170.976342844504
2442.7525242492443
2046.703309168177
4031.233195277344
2988.8222443911945
2026.2804816181665
6068.585881530983
3329.8404602098653
2567.941305316112
3775.896018119291
9040.844131665523
8531.509554125818
3713.4943295851635
3972.982605112274
2759.7891498911345
4155.942886740646
1922.229446104122
7289.020584332443
1969.4692699612563
7973.701940989795
574.4076356821535
5029.631689248342
2766.190631248631
6996.660310708804
15292.31515785174
10595.460429939354
3283.780627813417
4390.793309325316
9549.916024628517
8845.398142812594
9384.96352671817
6433.77659798581
4379.326555333477
6079.673264327013
5464.7829741236355
6913.530969854112
3701.0815142596366
4900.886954964998
8286.149349886717
5271.033972899017
6087.5753691260325
4173.8032046654625
2128.6122836564878
945.1774445325455
2649.320068920373
3754.065173882116
2352.397723261291
2671.09526173361
2690.7861443320944
2694.0410082138405
2507.9576751159416
2893.027984226864
5667.93113965362
6751.280356082224
9706.640715242946
2095.2146966124988
2181.828491288744
1649.4917845381087
3803.7236791163873
2648.41654444008
1956.4754661578027
3293.8761110482974
654.9168201673137
4542.139410538128
14218.451204987963
4491.545002159606
2507.504420743261
2905.3897017895356
2199.538428176606
3390.818207633479
8280.417880815603
2454.268691464026
6002.322253697516
6319.70100454285
4675.016994922271
3079.2255676606505
5102.16873734817
4988.0339554528655
3856.66208442765
1593.9891787906183
2406.9461395357425
6771.137077216193
2439.3556363146954
4018.8136296362227
3343.6195389313407
9194.952835988503
16299.689108386943
1564.3443599785408
1455.866021015043
9013.177988691883
15801.375240176132
1613.546904853266
6004.326630520933
628.6225696286716
4824.845594990669
7683.465663028088
9627.643160067233
14063.136886075119
2390.262740329947
5016.290296934456
8622.319951115327
2234.535123922412
3292.879279912723
5687.071216988964
3648.7718477297503
5981.097984457035
3793.5782156301993
12496.709201244199
3484.0717083724026
1767.2069474961856
1834.0485690894022
3189.450170227434
423.3521404051857
8145.738515973041
1065.844128560095
159.71436681495211
5658.683044689266
430.79958160923564
2026.1755077967136
2148.3731741859356
4881.8555505014465
3982.823586284113
3935.9457812813075
5508.434414725535
5737.282841787238
4258.540744085692
4445.937102026822
9881.747940030204
7515.92073901426
2828.3652177880504
3650.533024809599
2594.7684876268313
5958.493383135338
2458.987328076428
1081.945527409071
1633.1307364177405
6860.09755655352
1704.0866908725807
2186.5478555884406
1624.9895956011937
17032.647272481907
6084.819326289175
1232.9872786391109
1925.6076761864883
1393.5941453817193
1824.521060205961
5321.303703151943
3336.8450866918142
7586.973442722049
3633.852178907644
686.6596118395919
1211.8200089328727
2717.194419643564
535.4548994538836
1387.2422191521653
670.687899555138
300.483317298469
2162.2988772835747
6061.00404868206
1085.5617280649162
15689.700042092387
10413.796962979895
4281.284825485688
20397.95537513388
1766.96338748923
5129.811719949776
5365.619502760387
1646.8949591176035
2769.872608775858
3991.9063193344386
9072.688860477485
5777.067800692609
5188.086049652359
8948.95517820392
7832.90985174571
4725.954429751332
1318.6780065975258
4984.758605634497
3574.5908140852603
6349.894640783421
8302.980798074337
3915.76963314265
1985.0857906028289
5114.532253534841
5355.688982258313
2524.8617352025867
11256.13364901098
3024.1933484287324
249.31838745055657
1660.7746618184908
10259.669834197543
5474.902363691478
188.2513778003261
2287.3569656921486
2442.476603415461
4167.69390662743
3041.5792454073994
3406.7211078109935
3001.1544612434805
4675.168927849101
12116.880968713558
5975.101647473535
10090.210658696267
6101.444009889905
2884.336375318072
1040.4068584265017
1080.0859707068273
6524.786251814232
5980.51508280402
8864.542732896774
6252.255969912625
4038.0508201509388
4664.347955169447
5770.270866092178
2720.1088613459006
4129.077061391886
2971.9973004496596
2209.5899766267926
2057.5154637355045
10431.53709651484
3141.9599465727943
4384.2281779099985
2033.1035986348322
953.6369223575289
3219.033560103555
147.67712736374745
4928.764536374089
1293.7127608873882
3764.348043408294
1756.2910916582728
2983.8705594703392
1522.9562597793838
3830.8458624505824
2246.1146655100474
3207.0956089829024
7567.053249697099
4957.767467076605
9224.90179105059
15503.566892846358
1612.3024034274576
5308.403235327708
3674.925051675959
3365.1584545087226
4917.6101135138315
4643.576110148438
1385.2412756328947
2513.2714039394064
5597.777323421915
6977.567969809354
491.85414372745475
2490.255435980872
2492.969963180956
2896.8620861440672
20097.318178329624
2071.3108426907174
6576.890665561963
2727.2875032880897
2517.903237489635
5657.153141093794
1764.031415585057
2041.8237068196654
2467.728675366833
1626.834620566115
5056.658537546063
1985.2677462597667
3428.4463035026383
1715.9412964251824
2385.322849582167
3437.565215965498
175.28835703295732
9369.015433723247
1756.8790082229573
2625.96003067153
3172.1430671610583
5206.105600731191
13153.085494575207
6991.679832040975
9612.992167665838
1193.1082084443858
2714.54968895982
1590.6243063504576
2133.6856200963584
1518.5317899801228
3718.936329200409
1524.9897776411842
1528.5090368519175
548.7897821993988
1843.0811471131144
1177.227760713304
3355.222123069897
313.3032998471009
1424.7767052916515
998.0599813531762
4192.425799096199
1494.2755140265272
2637.641215359344
3084.3724968898105
3084.473959134683
2151.922658914671
4585.23406875029
2913.413481003992
2514.776216128415
5305.968296626248
306.1253360648932
38562.044801793054
2408.078245239773
2325.847260140405
3251.138942067712
2700.0321718592973
2521.5521241184606
870.81030689179
4574.6441489742865
5775.764279512051
2164.346621185592
2129.528643454604
3834.864650683374
864.4994074721527
566.4881774106539
4252.05003736873
1236.4645750139991
1770.4754997639955
3327.9013653317757
2051.033864710091
2526.357914673737
375.44114210461873
4478.450712843916
2909.86183021948
1854.0798934672434
3584.3403519819276
4402.283788940358
3052.651059906843
2587.7119156508957
744.7507833487167
1774.6412658642366
69.54031827215444
521.6513920383982
933.930075790583
8448.6424273697
3387.063629595523
5813.7215657965735
5784.618731646593
4498.256991867041
1830.2108031908867
4327.410446253506
1303.929234341839
6522.26974878874
7011.019561909919
5842.1263637761385
7058.799276462881
4858.451560898848
6381.145729238115
6016.86657855423
1697.961736849814
3352.8597761944143
8030.465255311854
5147.056128674147
9730.240553862977
738.1120346092606
4825.6310161050815
81.78115514536391
1349.817293639072
9686.791306457724
1557.0738575905193
1519.1918771951898
3608.0074183271554
3700.0932283052775
2525.8935898350205
2518.942545257516
10080.962868651957
6250.570851391642
2359.120186014173
14985.341313758254
6580.700850458674
10319.17055420056
7626.423175659588
12755.764323674088
3049.5676028255575
3065.7675207625753
3166.865324906603
2536.2141799567917
2621.3289028942527
8049.988069331013
7055.612418531092
5504.357179944038
13349.47433833007
6205.014390637917
10485.244950900125
12341.63059426685
126.33201304393758
3242.180609333334
5345.443118867273
5650.667980400712
2163.5516192265027
7447.629941129761
12098.567370961726
6866.273210392072
10346.146075862367
4952.787804333607
4685.526189618782
81.78115514536391
7265.146442287584
1804.029807627706
2429.9840258091917
5482.842903415391
8761.699111943784
6389.180183300552
6470.601027462651
8940.975249443942
15116.934056440232
942.6769212834319
9324.937424864533
3184.3672937308143
4422.686984603511
1457.9669753066132
718.1590776227162
809.134230117271
1869.8573177994228
5173.906120174008
69.26951498286715
717.8766879485939
1080.869245724374
734.7812910547102
2737.3877185454476
2051.8361653668258
3379.745375430829
9376.799064274814
1863.4905406535
2888.0390771285524
1637.9558498187773
4199.043492376097
6351.681687200309
2398.1201683209797
3505.7506803882316
24938.068608914404
7585.628973514255
4353.192863732466
4527.202829684527
5462.916271126436
4937.293923403535
4381.3216786215435
7626.160672057843
5754.399493662233
3001.302516783427
3593.0111508030964
4883.910789282314
5044.2734146866915
1082.222750226165
5137.7338978839825
2407.133376502549
3306.409668559347
5956.856636333448
1009.4073634430113
2066.110913163568
81.78115514536391
10504.59313692608
1870.056057569082
13723.476842263215
2525.935556278091
6063.742116478946
3469.248182777337
4566.700534648489
3599.4826193020917
2913.8846187351005
6229.352775742159
2345.5270875198266
7666.892592576526
2581.273680822624
1600.5734056314777
6909.909624099792
456.2748564291798
520.3984165606965
783.2106606127394
2510.9606293363795
2562.161232482484
2075.846766846228
624.5292339650111
625.426178210309
624.5292339650111
625.426178210309
5349.2337157623615
8132.6856956429565
4027.492796691709
39479.64975333936
13645.756114937363
6678.71716216878
8422.200313205018
8669.746865225374
7394.823834700661
13110.700627597917
3871.6107442975417
6990.459971705026
14274.949587920783
8056.138390112472
3861.981821458227
5377.166526910456
9352.901845980201
32043.671460723148
5089.338805852211
9176.119169433277
2901.8694814771115
7752.420929907438
2369.924612046286
4150.272222390273
6042.9765850333
2309.4983059309825
5482.460578387394
5779.918672753952
2332.859650995978
4147.861483426081
2613.0320195933346
4099.086577904277
42241.401459851826
12941.308341022645
126.33201304393758
7739.863334344658
3865.8519571366437
3127.0438114718136
43866.32478862452
3193.1116751294812
3569.618101292977
3817.8872263109993
20367.21546590041
6126.105214758518
2844.1949697560945
4490.527187158975
1317.3789488343969
854.6797380591893
2303.579028421138
1749.7687591867734
1519.0333147246424
1801.6408535299179
4995.22347078563
2393.5871318733775
17545.60063471011
180.70407355818116
3839.468014395525
2940.7565498173
6479.42027992332
9493.385347082278
11099.62834802058
717.9049469164593
126.97471467934506
4480.994184013159
12636.043029205961
8858.375549362418
15201.984390739075
7403.410089063688
356.7673513366528
27103.64798848848
3778.03022629045
6908.103146886325
7295.372210825463
4353.82734599027
4804.004670454887
4037.872065190363
5263.672273518248
13106.523162143822
7292.687639943669
17495.632393674863
8845.158695150394
2650.433712847695
8246.688394188342
8200.880944878625
6453.356737970804
13248.296477711094
8606.915839111709
6802.122670073394
5348.333749851973
14940.32475752559
1323.471822925971
3834.879036433529
3563.9163455939333
4277.817178585519
6263.077419403702
1840.531950721852
7859.477303875435
2427.5656812060506
8933.912121967222
11414.627893539648
3292.3866783712942
81.78115514536391
4572.891720713797
14108.363654420953
15226.04164270228
9390.533360097861
5979.515149383017
7180.389970773748
5762.898216849536
10396.558126114509
16270.567178334919
5854.012539922431
3110.697780328931
4004.6802168488302
4794.787209209263
2373.8641284083014
1953.725715846909
3050.5862934687066
2751.610739644516
159.71436681495211
2214.5163714945916
2421.0521155701663
9585.9146989388
10479.1308834725
22979.47647018254
22515.72485921841
14660.617229622232
817.1076041211297
598.2616575360476
1095.7718225823323
1278.8429822434418
1788.3746352674543
1596.161083149524
1226.4540108711276
2165.509644232543
2515.573206185179
1998.4600375694417
1719.2711723306961
1011.3280820242979
491.9667535812399
808.5459732249188
2498.2878507894407
440.04366879164553
796.8099559711811
1815.2950462063363
1353.1440661137528
190.43773323313442
2537.1660855832592
1151.0733013372978
1975.8309850293012
1689.225616380666
489.66842553640004
1052.6311321794487
3399.125371479983
5378.512257221531
2503.114873008427
645.1264940001935
715.8894176628107
235.908280622285
476.54107539642195
572.820565391557
299.9658919985459
722.0266245517017
1715.742456151764
1069.3765321347182
6689.104271072569
1007.0352400023297
1006.1294195737612
1181.717390904147
1914.3959853391962
1694.0869385962935
3134.1095807437246
6488.704882550439
2676.4576762767188
2448.381530679085
436.2961885300058
597.8388050048713
4623.0143836621555
5687.580636248992
891.9477881041486
2100.4976685561883
723.687586060445
6991.787862446226
147.67712736374745
2999.494705258644
3209.0856005523506
22479.096710874463
8846.19111719673
6154.161952260875
5266.182356702583
4198.449531173239
2492.9829439864593
1786.5976644397404
6408.046187342949
375.7731935924067
1781.5526681422696
620.6419389004719
1082.3904485978846
459.7526988358059
8111.10525969973
3562.9000010394952
3446.7497318251553
7943.160319605834
4632.894721768047
3391.31609099955
2635.110275895747
4998.005478499203
4661.067260883556
7063.118333379879
3544.513550374103
1384.915205810296
12563.976901826634
3071.456738713223
3391.0705292635043
2847.479461132575
4710.672150932943
7910.979947654211
4108.0460911095
4013.3101442295265
26350.14944068654
5734.636719962688
5585.668112270587
5205.971645381759
3875.005926259088
5068.064790530582
3351.4744340228312
3143.388934849179
7683.983664921388
16774.601646034287
5122.403209648002
6582.793571066114
4969.951121621254
8890.462561935317
3661.718495970673
5160.002206317741
2209.401116566049
1266.8872987084137
3692.686677061187
5407.782071848749
4092.021242562457
7293.210807881551
7974.9339741386775
6794.824401529698
1628.709758453571
1557.1966889310181
3577.686896042362
3439.7630197592684
4009.024956313397
2371.1739009138346
7923.518154586129
2239.6814347932454
5567.512596659177
4157.839535923541
2622.722113243457
5521.408387218207
167.5842881183958
2901.5724990206495
5814.4920111104375
843.0416132585087
500.91737162084536
3750.7853247255275
3500.318138389179
3381.286536141482
2884.222647815807
3663.0315504057476
284.78861146185983
4544.172641092794
12648.887050193294
1949.1962789979984
3440.650273303297
861.8028522627714
3157.606758003415
6299.3646886953065
6290.9424171214005
2243.330156947827
3421.385399237472
3031.5353744156246
2374.3270747504457
2019.5828868500464
1734.4125323993476
3917.2510041574296
5387.918175995868
3707.4682128110144
7180.756339397468
8288.604154426585
2980.379932602932
6226.270646309621
4805.029621987665
7373.967676428904
4014.6351980935465
3081.998619538088
2733.1128092538543
10006.145499270533
1740.7769230130916
6789.772586982094
159.71436681495211
2447.81885461965
2263.0854909900813
1901.4301094899963
6065.8779934931545
3111.742876887992
3395.745920219586
5326.463678460599
2901.9564566616264
4214.726096413276
3450.853193206881
4170.167770361553
5671.080013675233
3090.1423296042444
4402.211361146379
8370.498051400316
3879.2723132390784
882.4755505044646
806.1798358671483
1339.8489824890928
760.4247099019783
821.3978809535795
3406.6557205352087
5616.52802201416
4713.138292143832
10280.264491745203
3225.724448879082
4781.533555109954
2239.7595153317366
5758.587972865816
578.702867484695
1303.1733113027046
8031.542147073035
362.52165687751676
4179.974005700079
2974.204739814065
2693.691280379662
2923.314674778981
4869.738356710916
3274.8754164658317
1230.3232938310261
1027.0647736779051
1866.9316632802256
2488.3830554514248
917.2880089380932
1238.3795110691801
10490.589864159485
13233.531752038101
3591.261761026249
5415.395967366729
6685.959537179127
10849.332424779497
3425.891820357287
806.5309700965788
300.483317298469
1433.0212153611017
45145.73086547679
2745.3595685707555
6170.8742422326495
7985.710437538565
13408.401372394721
7349.373337142578
1353.8672048023445
2882.0266238041304
194.73385712963687
891.3070746207499
415.169303411253
652.9353898762043
548.0126178445006
951.8289068413812
2543.6577531041016
4458.936878841297
777.6854469104227
2764.1801627799646
3712.0284111036
5663.186875147114
5194.209428756043
3444.116349633439
857.1520421942558
564.1557066291931
1091.6816434271834
19693.516754306664
2148.0123048236005
5574.060402713373
1424.1796807095977
999.4585616748772
1487.7452931207117
398.89122690190607
2611.5258232453307
662.4186988397142
437.2665358220209
364.8141046445531
2176.9330523247954
1576.934149372781
8898.84065742216
2318.626016513158
2170.9177063900456
4542.265254500044
2901.933610180131
3429.468426929192
4013.169675287339
1282.294345235461
9671.569296922873
5432.33911538141
5913.638659785297
6272.677989260625
8880.253401052863
11938.08336667898
9304.133488397872
3663.0639248306557
13232.1449981544
16786.300288467373
3148.699356658425
4970.8662124589655
9596.471424477975
3543.1482146647845
9183.019717178733
4540.487280968552
4642.23446183058
6721.1898901170225
1227.14161871319
2906.005124392875
1714.6063946267145
1864.5696431127428
4727.822314736563
1940.5672021168032
2500.456133538591
2084.3441807775775
2899.4260896042733
1669.1780538584123
1308.2592792587095
1029.60986294882
93.17109537474848
6297.451504521859
5647.567803710357
5137.82769988629
4196.426458635617
635.5388738442283
5919.974215189504
6606.510531577999
7715.519871127512
4419.906386971881
3092.179832829497
3099.368735417839
24564.09078363128
4620.031056995696
5947.628822966224
10724.38898679894
3520.8835739132355
5153.836658271633
516.9360170120465
2801.6741330242594
1178.061804079648
1601.1640793377012
4870.368327111843
3828.9275797931023
10584.933843664983
2085.638594152362
1061.015039885832
1230.3763694226461
1896.856325084495
1822.2583049101481
8247.956166834398
7884.459642667552
1496.3197018960877
1418.0091641916479
4513.699980589372
917.6320237997031
1852.0057667225503
1117.6457935737144
1739.3896977052964
18100.76689510014
2205.5381430226994
2039.4753988992386
1921.7895515542632
5626.165127546569
1212.840819172755
1485.9120533920504
3950.257234766423
4672.543532567795
2359.6848269167485
3420.5741268355905
1726.716295090957
3511.8214446232823
27831.222092884967
2484.215985791807
2466.953849035955
530.7346980807329
1529.0754438136842
477.00112439933145
2288.9538187315775
1642.4189216624243
2249.7685359123097
15383.226252383874
4767.623123788843
2260.5002234462195
468.4047820744931
4027.7888145204447
2876.732967491386
1776.6134113979886
2794.6170038432706
3623.24036949004
9299.630746407083
1277.554562793034
3463.991883747942
2433.3995473832433
2498.1430696733564
4584.488777278833
1069.4339868823706
1477.8935176419814
2575.1211062707057
3406.420867188327
2333.5627863365785
2325.667391846568
1518.0882375450974
151.48857661352244
5892.40688381818
1979.4133711701504
1162.1418574457705
1809.0772637921696
3845.043084309221
14397.268879433952
4601.419045002261
2508.437252799846
10467.90446083866
4626.720425643324
2181.2837351911
2813.6412083147275
5166.424281506769
12298.284186386692
1837.2151499476815
3650.0471709916987
1413.592733504056
4113.810197769073
6644.5530197764365
4454.088603939799
2662.391479525373
2080.218637404907
3452.852379092188
2132.736800288946
1015.574802498897
11817.765786331562
2223.1942491108916
5875.243053228526
4214.31277192926
24583.9806855534
2094.508172745123
2466.710568656091
3131.0709505656914
2920.201102088609
3332.9840205912915
2182.001769742562
159.71436681495211
2392.1987786535587
4219.228850017887
14373.655674894366
1311.753653627146
5085.635993302285
1449.6634116331572
3595.2540296478073
1386.714003486482
1945.4941632198816
3624.560385558685
9025.836558578902
3591.9090040052943
4718.941556322741
5626.120293215131
9570.426702358032
949.2789844022824
4562.590252881586
15600.635221772982
4844.248556305501
5833.933032947629
5254.440029452303
1783.8148290674164
15385.065930192224
4653.617659518058
1273.4851553384758
13180.67470905384
5543.057274748068
12208.811502968829
4025.7345780959836
4406.356966918919
4813.019656228965
4868.560085932028
11538.806028944071
3836.8818870261307
1672.699031808129
2286.6578409869394
11557.488084727549
3348.1291274111054
4974.780841412453
6142.345245957736
11900.205930787799
4777.337479573546
5156.668830184362
3846.879917164475
6021.729728730118
9613.669063741687
12326.445503654866
3731.6389634110574
1380.8114893760455
6744.723774186369
5976.02677539234
1860.9316359987413
3733.387680263338
7496.4734856164
8177.405726515694
6164.497710544889
1656.4200111372877
1593.3287755882116
620.3139525582898
3912.0122594089257
70.08887069005279
4156.310691395373
3354.6599465440654
27463.31775197243
15367.616211944685
20913.645905109144
4756.32535950703
6199.076888677757
4050.9974494875387
4163.9312520080875
5384.984354495623
2216.737917530161
3838.5092976490923
5446.6827214050045
446.64651726656
221.18181765195303
1713.7486509617602
2609.3403636712997
3522.1020158901692
5216.087806090707
911.9859798669798
5624.0965992200345
4853.039569778105
4056.260031948286
6335.785966974536
5671.774552000103
4540.666215931159
893.8885397932535
6528.4929785386485
7744.194287188811
4172.941366617241
3348.9340938609735
2801.6983043093937
1407.3371250568468
2716.3057737562635
5121.660663526156
2887.3450611940057
3759.7761477006266
6120.910121571092
5705.538486676971
8266.101913372977
1477.1697179913012
4760.7059801675205
6246.669087593019
1925.9647505658727
3365.4584454125543
1898.5677035826918
8011.255611577162
3909.4670798298644
9635.436858793646
12444.773734436769
5038.405958227515
8991.814332312946
13342.667929539757
5606.214303627834
81.78115514536391
2797.860737326973
369.2006480441355
6098.1252284269085
751.9382487596858
3041.2110989588714
2266.5984138241124
2903.6547921928754
2296.107977779963
3960.2959437334143
1033.9488118042204
1684.3317693155166
2857.702888645809
2177.141556208301
843.7303370316793
250.41515056738922
2309.13772963406
4712.661248769794
10225.949859913895
3335.409163507474
12214.517050576567
3728.161471402499
5331.239064391765
4564.458750523259
16924.500372688035
6834.371481845229
4391.990516962113
2664.8016441419386
1347.4696009517463
30760.51994430353
1175.8925386241772
3115.1882467870955
1942.6717591454526
13784.201468560517
1781.7868210227555
3529.026262285939
3730.8693713720263
3224.861301902562
81.78115514536391
1382.310424886531
2637.138050910871
2569.5318258979055
4758.2894279250495
107.27583620241286
2009.9328620026397
3719.5466802880383
142.35278753735392
2313.662989401664
4388.449688277414
2374.445730080972
3671.934395771505
2918.8142808537696
1399.905366277623
2123.6054966286074
504.6385307976976
1078.2508143193033
1476.876431789891
4850.990305486749
1055.5736268154271
986.2362616327775
1134.5481771586658
1415.088065614107
1659.5595135112114
695.0110939681787
858.998658279158
728.1844251542218
831.639542853755
1694.8166227465713
2355.1004179822457
802.7072193409007
1965.6343100031827
466.3259825363791
1989.693800333203
1737.5051721446684
1589.6738098046185
1066.9500715663096
6565.90334449795
998.4278464083791
2112.264280825661
1070.1388019067394
3750.428093161492
607.882973691496
3771.508215906666
3684.4843787892173
767.1158072129666
1012.3846564716533
1208.275377629263
6925.730554329985
1734.762562680569
1060.0306424458217
2756.5114509950945
2250.089879010169
1152.9595480285134
4306.038827459282
2516.974281093143
1011.8286479554035
1134.251907937044
2055.771517431092
1583.9461995958216
1248.8242206635214
1177.0374075161287
5460.159437209855
893.4732969790678
2185.036527254686
10778.660643340912
1113.747615433392
644.5993003639904
1657.6660840944246
2998.6146268510643
1588.9046679813437
3225.7566389726776
3607.974350915049
2948.253021410018
3981.9985225824266
3568.4640151422527
1540.9706457115392
991.6719203159394
4132.063710873484
2073.236248216967
2606.9229425976273
1492.9980126400967
1122.0362180595216
699.5468173650132
7385.488742986599
2922.798097970833
3367.9419412494785
2493.8173160666424
3271.3370805222426
3482.222679061796
2229.255172956787
4628.620079633221
8345.491747993598
2331.8761339354637
2035.997784134996
2516.5281450060406
3210.5558070788356
6588.693788287634
6870.463407980417
8899.247014508956
3055.8999859654223
6414.6399720486015
9923.304079975773
2626.1152678039884
9765.79193018758
3829.8770564676183
6389.100518123563
686.213656431818
3707.4986446824296
6554.896728136055
3373.2156426229258
3240.6606885120254
11659.334728214153
2372.853588449789
4001.594138446901
2423.0174876267497
4146.905676438478
4094.202142969987
3839.292020968794
1933.7840492594958
4461.814680432554
1229.7871400790775
5835.959629378154
1559.834224422822
4695.452138733924
1203.1844041160657
3722.3555857264214
2203.683080634034
10262.56022184689
4091.497590231657
3214.9726238180206
3429.42626575992
3463.9940902518674
6477.610092929643
3674.64149858587
10504.838275490978
2415.077544395879
5004.823920525788
1888.381513370565
4297.165277968574
4954.501648640768
5514.100397986943
4680.508215636003
4369.5356233753855
12078.58434307119
4831.693809325403
4381.085178564651
7333.769331890918
4444.620049099201
4536.0632889255
5216.63558397754
7371.791779951266
4479.291762397011
3318.589907999313
4427.964018381771
4224.187389232862
999.5351303902629
3145.2151085833857
2508.89592717172
4608.092803540554
3517.8377749685333
383.32840210075403
3802.2258965827637
2443.744683801655
4601.981619104096
6651.18153882601
41455.405417482085
9837.678671697935
800.3332683442943
2711.188933175523
4746.2117633230055
12532.212126855831
13918.81075650082
12762.427262188408
19473.965850276432
18206.34851530792
42453.570880562336
11369.955343684072
1913.030393340068
2462.084464440269
1794.5109064989806
1854.3611904393154
13521.509160591198
7022.199032468016
10377.461513582532
6758.4965897035145
13651.267270896826
24714.463121066074
14691.90819745304
13209.188211212817
41126.87860033377
4940.582868074769
17710.006738294232
19892.024636610135
15749.98877055756
7438.512051508226
20652.68524306714
4882.986909631805
11219.760969508206
5789.410898112701
1816.0773291217852
2054.383367211457
4288.281141898318
5480.706797888125
6167.235895332199
3376.9449096008043
9765.37502260946
4553.020545265648
11402.279623151993
17417.924676607454
9860.45964213545
9719.385833615548
8652.217065634102
12805.471709045869
1836.1949251502822
280.53596809556666
459.80729596940694
123.10458592075321
766.4658809197676
627.5904752829607
2393.3408277379017
1046.2075395018417
367.8186549958236
662.074360364857
380.39659068884396
861.4031795845041
273.9973421627044
765.3764737792468
2053.601010497327
2253.6106660754604
81.78115514536391
766.342034417159
123.10458592075321
225.59696645665608
183.91940874290194
823.253372553976
316.8309611175921
749.2134842052147
2320.2262264963124
715.3251388892234
674.9171722817467
394.77852394403726
912.7100664340345
851.9087866320917
421.6127381832643
300.2590398546375
3041.023029412844
19359.660746488185
900.5624920781822
7655.259114166127
5467.52681606844
6732.957104938066
536.7724393937028
6456.396006453458
4578.694115727685
6562.75175829148
3214.42575159213
6480.771433859012
625.2176222424868
188.97739176367378
8730.124412732539
3263.573932094386
4177.508770339983
827.9364904036455
11227.019776561869
2574.2496038995623
5947.419656975358
1458.1977263666613
1785.0985136027768
2159.279012635692
670.8293038575724
300.483317298469
2166.7501594302526
159.71436681495211
2467.9088836876867
2603.9923789401873
155.19152182520145
2281.5864935607347
3006.1046613537537
1257.8667683026026
1404.6144135695454
1341.8258923855456
1408.5993082027787
1510.4634284759209
1326.9334467982387
1760.7679121974436
1625.3772204142247
934.4806568192064
1153.883028332694
737.2076701362081
1229.3515383855377
3192.003887002626
13247.927505644682
2610.9556643102464
3299.6242320485258
881.0674181626189
1806.2916757921107
1409.9809601307297
1391.0619564638282
6396.792229558362
9054.138723646824
6222.336509605849
3972.2698267799647
2236.113788464056
984.08907545322
998.4511590681537
3017.7926247868777
1570.153750009945
296.32561107995497
1180.0433211575503
9530.62652731153
1188.4215018073367
4787.233031143882
1539.7544786160456
4007.668997874358
4411.187181191654
3876.657587628432
1687.8993679272737
2952.2852269202795
6922.5560975117005
14423.932628282233
3140.0223075225585
1960.2770106700932
1353.9742099059936
1807.8142785919085
2498.2269165200355
974.4313619698486
6200.772491853657
1713.9654643241536
1395.2433469044677
1603.9640216959085
5611.296688288623
745.2773039585453
588.3720698868583
5647.216517149633
3347.7099899213554
4715.966782541733
3419.5506997250836
3634.763895281694
2581.5594678502216
4416.969020778591
81.78115514536391
1385.371130268916
7779.380049008102
3887.8391555529597
4893.754781897135
6043.676793171469
3649.2361330632802
1849.565092255094
4005.568111049126
1456.644579362961
2592.99920137664
4439.099983143907
1731.7153730732934
2752.9710788239836
2890.4573665889106
967.00886892278
1052.1145104950078
1080.4093459426194
3905.9627137305656
110.81405477371308
16378.766372633681
255.22791346776745
3927.7294360863534
3795.48989189776
9011.517021353295
2962.775398217396
10733.443035868368
2280.09744639235
10614.135314154571
958.162851949228
1464.7119209309164
488.42975580770053
2230.0548141424847
9356.481677352958
13098.76944136247
8976.733460458354
6647.163813982628
924.7476070892196
10260.996396199707
10795.575966689037
6864.494168710963
3780.661645064154
5187.287073974229
11295.909106069324
1887.7448660811274
4835.530582573921
14300.233797416531
1779.7806191457225
2633.6351636775944
5346.437487675797
1460.5701846780569
2681.3125584599957
1844.6467566350655
1845.218823253057
2416.812477285428
1423.4072333470292
1259.7846109954457
1422.978279385542
3170.656431773395
4862.416116186314
682.3366001678154
2231.1502917193475
3108.238904520176
1986.7259829956918
16493.075869556757
3411.810282639286
1730.1200881425307
1225.9085814224463
5587.4544352704615
1711.5095227773575
2863.3493899682453
2300.7642299637228
2169.416976221122
159.71436681495211
4942.40234753768
202.6655583393392
3609.2920647012534
5017.018630228148
484.33754826900866
1201.7522698521602
1313.0270752581218
2649.8150607126995
4120.153916921186
7350.484502730426
4107.010325769188
2812.2621805265803
7585.2202928312
1525.0916789722507
3747.1278490148516
81.78115514536391
1985.3936973730395
9551.990457728025
2779.6479432254127
1588.6332495620654
4871.217891100904
4519.366678151249
5273.990043550109
19243.936457085576
866.4035130020902
3015.3320463997998
7373.438649549496
5392.140899676986
2837.991959456494
5940.368280921108
9051.545921603702
7097.624094386388
7915.535508839066
3649.640809332885
3003.7892241664003
5796.537789180316
6926.409191254975
6038.204127298662
3404.9060442609457
3795.014489079127
1844.545340493851
1169.053765945125
2006.5982880832892
4891.987278526798
6753.771287085687
11076.964478956175
624.7874013063071
5265.554440330839
7789.809662022227
6430.622938889835
4165.927287638915
81.78115514536391
824.2232140913094
244.99940353251773
4927.439345017187
5670.941318219492
3869.5594406051805
3665.938124473333
13989.553007023595
4616.059825584084
8554.885822840579
8024.908727011238
600.3461559932728
11217.022930743999
667.5535871844658
4726.960695127878
6777.000931827281
4502.183333646971
3204.5865495972535
3960.281763262696
5897.036664301552
3269.8335151489637
3442.052135407423
1212.9434968150147
3232.5559759419966
9190.657421568347
2610.859232551097
2094.1918514746685
3468.824960928613
8707.870427342961
1943.2905322340825
3271.582551390268
10200.47752831656
933.5595884314575
3026.268936617413
2104.3596661060433
685.742743849405
300.483317298469
2421.5257353636257
651.0911891643603
2876.8690790193687
4352.221959537905
1937.7096062393093
7553.353869807744
431.0422563024276
7888.929204073514
2616.4912634126863
8991.646083444393
4726.217163001237
3462.0673033357766
3895.963219418655
6319.756364797419
5553.904971912741
3952.877245137887
12293.175155357401
3898.363425552152
6123.98290260057
14326.293139959083
1378.8357188739787
3016.3230484336077
6479.009065436224
6183.972426203179
2064.1698223496282
1395.9125191132837
6203.754999650296
7078.577861832969
13310.012698190738
16896.018965730345
1211.727591898615
1650.3591291541525
5155.439746176788
1447.4291972852393
454.6192181651073
4596.371961307635
6568.757089818988
3574.01914123235
2921.12412171809
11718.872224479172
2135.322224420751
1688.7791488255375
1731.8586439475605
2065.072201288611
951.5379124846352
1650.7015284419847
1222.071369579189
1982.7696836885984
5256.609538901882
4536.575147655622
2118.93806070157
2235.927969726551
1191.7695765284986
1847.7730724986482
2128.3128040923734
3298.316371471721
3941.6265214186033
428.9666071091696
17399.236357231584
4488.813063745634
5779.825143093236
2264.329280947876
2085.981522039296
348.5877264070692
688.3782212997213
1034.89189050738
2604.6946972176015
133.93940395334673
14715.869127739617
1935.844561277891
9973.392945499745
1552.458501523929
7602.007593116323
2621.1328289131575
4296.641479311397
3438.299385277347
814.4488238251906
1933.854938225208
2095.2192755920287
2698.922402110387
747.1337987918139
1555.5808204660916
3643.062315806054
9640.92091172897
11424.73272589341
7001.06715247565
12136.625436803426
8908.093472179084
4188.7422900568035
1672.512400398516
1091.6706990477185
1750.3484559281048
4535.333232907698
3520.602389131934
10763.489195550674
1766.3276232688315
980.6693538739145
1150.0473748432046
1741.9685710137344
2468.439234072215
4467.705555621602
5580.350646873494
9590.868404517423
8747.53042724064
7413.031695527696
2414.3338746138807
4272.232849638083
3464.2658730132052
5937.093739660865
9701.067490482712
3857.0241329978285
6830.916014664218
8241.085115582773
2901.096169525852
11688.668622613715
1919.7669098741587
3773.813165504648
8853.334901774395
6615.033543225191
7091.034039553331
3462.057221999337
7694.279369260568
16005.738390941726
11195.507843531172
4040.993919242037
15879.456356802366
24030.876226589822
9338.222374611158
1168.5406211256225
4635.62999506679
4276.508403271851
4553.376268695506
12229.933929465446
3692.2975090249356
7361.769839628923
7006.382363759443
9651.77297667364
3347.0264507676166
2692.6072320531453
5907.270914535752
3704.959586342398
3988.668204246657
2175.5402533961415
7479.09438781989
4270.400695911518
3545.957239032985
9151.062995696147
6389.622504118585
4577.120779283309
6286.728190343548
4252.355994114201
1407.1091374106984
2920.264649835859
5942.123685601189
17017.25631536103
9608.599897907856
5518.679175821094
7863.428973361816
8006.37812557515
6318.784658034189
3807.6552364103018
6145.017456518639
10600.371510492821
8803.953277296947
12292.019673427543
9195.86831468752
9424.537719452157
11088.184265800162
4661.070380720651
2184.301407580572
1510.460728163326
917.62335540867
23703.082767528842
1721.5714200356847
5936.810808946923
2599.3693595067193
2754.722692749746
893.1507983434336
5078.830292583071
368.16526882663817
4522.031158852316
3876.780083801685
4566.745647698095
5618.347039960591
3180.6449516544094
5417.434586454427
6278.71369291983
1302.9009580862053
2750.352382833399
1201.5231388610632
3748.265320305478
19300.23218054732
7406.606659242423
5271.61992807028
2615.3034890668273
3431.8608464573126
10659.627940283519
4073.5846642347665
16201.97908954407
3233.1949330893367
7621.525883661242
8262.42866246793
5307.2950027712905
2545.3445965691053
1140.1087447799055
4819.012613209043
4338.5008787724955
4848.271190901708
10358.302315103834
2324.604387683887
7058.367899443855
2065.399643168072
2505.175302485844
5140.555557383825
11885.011000530225
4653.5858441340515
3205.2495006811964
4396.03942710369
441.10645287278953
6013.594303817381
118.51242204750434
1485.7994355326118
4590.845561260439
3984.325741924845
8700.30808915269
20508.666291478006
1098.0028271644815
2177.544224683658
2158.762745531963
7845.353345525323
6955.14279677748
19440.567592680032
3479.109824660264
4720.8757641795055
6094.224822690921
3225.3148782040707
1657.383988164506
2029.045831439116
937.2510367644206
1490.7371689770612
1611.2630588501972
5407.733219686316
16351.573799792244
1304.818389335403
4501.295608168208
927.6611900991851
7837.639611881156
3082.857615368985
5140.496398292926
4749.645379228271
4738.817704918144
3346.1488430694076
6344.103033437156
3487.063991213932
352.57568570885513
5983.985195248658
619.733880128333
16076.323710445075
5046.9063430380675
7127.093741156032
16872.080231011583
13152.730274762678
7804.459980546717
685.8869310860001
300.483317298469
2082.4076033322926
1993.3655633373053
1182.1553017194703
737.9493814856903
2948.8200800793916
805.5926537923464
804.3686153590771
96.67003834051386
11163.16711273563
2528.228064781244
9358.958687734466
4865.986979982051
5109.411590020855
986.1282678517973
1930.0292687843084
5062.930127580984
6840.217257106292
7088.944633902015
6148.427455352412
9296.712860575892
4633.055667783934
5273.116875156051
3370.2495686255475
1758.4256272573207
5302.202495343653
1092.7076180627448
4065.9397858432294
3678.7224322808347
2929.769547193042
2691.8429960928547
1216.5837346344927
2841.77611691829
3612.747472904049
1185.6697773982148
1835.5075045460717
1140.3956954209698
3546.705721086832
4601.29640852457
2289.912859654462
887.6587756221099
1148.226878578228
851.3632026445573
13277.44105593567
6856.256077303293
5093.547756028478
3016.061107780536
356.2999099950669
870.3226740047363
1450.1394494472418
2243.200435299213
981.0488293437891
542.5645914506331
685.7500543921877
13157.820275843045
20992.96917216073
17249.6471600322
6387.965601409154
3281.000271282009
96.67003834051386
81.78115514536391
49520.236550408576
22311.909875639725
1254.1830467118928
2016.69805989885
4038.201127288762
2775.7527929562466
4871.189360290602
2660.5653969935556
2685.9784915145833
4240.623283803229
3078.5721552179375
5999.312270664058
2714.1659342817284
3817.03081181305
4374.528574039311
2102.8524346704853
5622.288935313836
2102.0391529467884
1358.2725681240763
1689.1461538842898
4449.358585457039
2336.044368261339
5837.5887510401935
15334.647129876614
6625.44556999521
15923.49018013711
14896.752288923351
10484.014662129117
2455.4119738222985
1657.8316979048043
7523.721440727622
1672.112315258291
11343.983693169695
5508.445971544655
3387.027977002226
5943.707018341382
683.7998802678484
736.4367592649076
483.75576128031827
997.7287673364496
5032.328455909181
736.4367592649076
808.3085650211292
2266.381620799614
1402.4938808418356
1145.7657818437503
1405.017460463319
1040.4068584265017
736.4367592649076
1145.7657818437503
3671.8920281656756
2352.889267332812
840.6054055546659
410.0510476959095
3396.844322931496
2721.0594176233685
2017.9093432204663
429.8874670293329
6057.294640963497
5778.22225474022
28405.536028720144
4626.497500596069
12324.77849587535
13886.409026125655
5257.310772315355
6760.051757322287
5005.508353933878
5799.997795099731
6374.7481050801525
9825.99778262731
5645.319689600474
6946.773972926978
144.13950338685558
5519.30433123887
5552.783470886262
2510.5575854013273
3501.611957830966
333.64131711505024
4729.017229163168
2174.6912838735398
5047.267451906535
8784.425519312976
3985.760506339762
3532.804935758784
2676.6245151175012
4147.171991171072
1351.7447958087948
16138.26473058346
4375.527165708414
4662.52393578519
6544.606745654203
5744.482336431115
5566.953699065869
2676.3781031233725
2414.8982365665593
3751.856884072698
3958.3995024641044
4289.166974756567
5066.86891660587
8800.479888699647
2570.5585449356663
1119.678508653328
3528.642270149008
1005.1624558761978
12676.116971023732
20699.490267296118
7755.785270693975
7561.678770710002
159.71436681495211
2591.108435569838
790.011804912044
3156.6045254493406
9314.443916019065
3173.807031297652
1773.545165785293
2118.947745788344
17632.441672276476
2035.557497097831
4738.059004896006
13274.130037392824
3590.424974377001
2461.96505555908
3085.265212818512
10731.669795548314
17488.860931439405
244.99940353251773
3285.3038047673085
3659.9297641723015
4493.118588948798
2734.8604746559304
4894.631554610613
5824.150149600106
11228.707513864918
159.71436681495211
1363.7204737972224
1434.0770213502349
782.2774996326774
300.483317298469
1585.3290457477876
335.3687291877717
5484.462221360019
6777.832611125855
3512.504212869239
2615.1937980313737
4159.515359087669
2918.9970747321727
3823.3053256652047
6166.972985439974
2357.6605532982635
24463.156620314112
2236.442819249389
12688.225200678507
6329.7828942201895
7415.627774900079
1571.5559309078512
3903.4802887143073
4964.208063735153
3445.7056893011895
8393.46897770171
5229.870079689423
4923.241588260082
1416.7427157228772
7012.856905433902
471.5999183627634
5720.803871389203
10789.022800038863
9194.57941326169
6574.679355094377
6610.58409956498
4023.0545863190196
4588.442295144037
2230.130494383411
15849.735671702965
10354.778035751246
16568.30555940165
8103.936439012284
21719.875423249247
30931.612831928822
2018.900897223588
3724.078518726199
1282.159435704489
1980.561214679264
4784.855402169248
2958.2619721417304
3810.908866326382
2267.452481147434
2680.290510350482
5286.655161963048
1760.452440815243
1407.9040363248696
1890.0725458972975
1575.5990297553446
1858.2390792612907
1750.2727975524142
1139.3680281292977
2457.8727652293474
21647.80296511272
2771.7005153481086
1636.7858138386316
1963.1775144332144
655.9615360777723
3814.5817254495914
159.71436681495211
4983.362349658767
75.08686200914407
3186.4828044135356
22913.816026650027
1535.640407008173
1817.5324336446324
3391.8304137386745
2918.7920463890173
3795.6348834564205
1157.0054364301247
1590.736868873269
1378.1032812522747
2197.017440006546
1839.5364376448856
740.2072508993608
3400.311908253682
1831.84945727528
13059.074076788673
3844.2541568909246
2679.6012505282183
1775.0762045330723
13948.131491443699
6212.0843820766195
2195.4720892871746
2013.4747081561463
8449.580968039458
3724.171644829951
4606.304535018134
9615.105025813855
5482.45651252026
924.7476070892196
7042.240878539186
2462.5359418817966
1942.3656168093235
4258.0983158068875
3740.1117989117934
2810.400227361942
8144.260253098138
468.4047820744931
2286.6717956901634
7631.604431347969
6615.687012197106
7187.405810808622
10947.043082780148
2993.7371422118117
1558.907944582402
2824.5206954773107
2172.2861716574275
809.5613495649351
3281.528459657787
1562.6416666175965
3206.788518955776
3415.2783248266223
954.874120092263
5649.886555461479
6335.767446414426
3859.2850631053575
6208.313623150485
8433.813837143995
2456.676691461001
816.7358331147143
1274.3301269974027
909.0583532269592
1031.4936725965297
3157.7253348729996
14844.7197871695
5244.844685777646
2879.2030352788797
6760.682304954871
11475.038315695125
7674.358530520253
3673.200972109208
8192.107933209625
5336.372851984464
6027.355254349984
14343.459131008236
10224.318043525911
8101.732751833169
11164.43565295139
15352.253687083497
1797.4793233446176
7347.089387738958
6079.853181804303
4055.6943251338967
1622.8326450413601
2953.980541496631
12549.296982152468
6264.009647972671
10869.0840460027
25798.26779555041
27112.820513309725
2452.3821624202333
4525.354816916387
4406.475286057413
10127.46677374151
20180.388279001458
27516.32134203542
24372.62490826884
2130.8580357744063
24068.215993063815
1462.5679257352194
3081.1718055490246
5666.125546043857
11084.434214551207
23581.863495195452
29928.337847216513
7156.570793793629
5091.406621727829
11459.076219620705
3377.992702912924
644.3961026915196
4603.50184489151
6993.143127193176
10559.013861195628
15616.776731826063
10799.569567288661
11550.706582588246
13092.035666543981
13485.243378116435
10389.15420450891
1233.8024141388235
8708.964246831298
15734.253461403794
11735.601712729476
11061.911354206764
9819.134410120785
1058.8145098503003
2803.6376621188692
5829.769547038554
4633.85956512113
3149.2369115817796
5702.57005329441
2220.1833523908385
1721.724463780812
368.18622571155475
3375.7815108905374
1001.8822139271034
512.0036901194168
1404.962789459419
2107.2568018619013
1794.8722640475146
40895.15336340751
5741.758217710474
45715.0990928967
5383.451536744665
27817.5016049425
12413.48697030127
22599.84291793031
5697.47287569932
10963.285510159603
921.9938543399562
6936.761100797214
3692.9703885795097
33039.040723965365
6298.64190951013
26539.369817868952
14037.256909908303
34311.35203467058
7744.167801352001
bigram, add-0.1 smoothing, average word perplexity: 3332.030402628026