17121.99501789603
1362.5429117986964
7947.457771696236
3078.904337600747
18784.23471394656
748.1262328109194
6727.858301232278
3667.784636146005
3830.3504688906637
2926.7076589884537
3041.785185576834
1997.9549408933258
5155.781329689271
1821.1285335857192
3299.0353684266693
10808.755699143965
4789.7676715152365
3444.8076895418853
2747.7191847740028
13350.085873009366
7528.41045799647
4047.3432394840365
9416.760810024682
3209.3323065747054
3136.5101496247894
5079.199143766108
826.0685785297799
1473.129525591145
1429.8265603994087
9898.77371300356
6020.979295347687
3169.1102861422614
1802.060582248629
2313.9415083353924
2012.709067415692
1795.3264330731013
2903.2893883656047
2192.7872658085444
7852.791867898586
12095.0509683319
5362.735716578247
1893.7217101597564
1270.7241417192377
1076.4033626257228
3802.575497091385
1624.975639845576
620.673416038055
2172.847626549305
1521.2392971174872
1301.8474399810134
559.2741483627534
2435.1464563627105
2329.720569776502
2102.978940959278
1621.9707976196366
2231.4208780996514
7808.259724837271
3367.5726949635496
7134.4187390622865
5788.629404772619
2396.3019621165167
11119.335796605994
806.4422498015424
4848.164606761852
6130.495514922395
1559.6049278676755
4362.178305289783
4915.208852414519
2213.4311053626193
4189.0534387859425
4787.070962428521
2566.351617710834
4511.241599153283
2214.438251626862
1251.0843846281052
3984.413585277899
4226.126198117301
3828.3722209564817
10323.56698922769
9974.32641788977
4399.390924331029
3824.741190930154
5324.101674982929
12928.998470290264
11055.39665964104
11486.894303928528
5844.246684353012
23581.17694644966
5186.529187902604
3818.235750497111
14831.21826648457
4501.371488551264
6057.384669404868
11456.230868279295
5451.053628353688
2840.833265840735
5433.2818190959815
4685.152556283443
5159.276870569461
2622.043773833482
6126.870376289857
637.7812859319633
811.6069422818779
7040.720575179436
3160.47387653006
10803.581154036172
8016.317308027511
10676.088868927181
6981.439839225196
13606.119021335122
7437.421219013274
6160.869428881848
3770.5633074929187
7508.01122041417
6961.454947299045
19256.255786888963
127.56220829332936
3235.7884232153433
1961.8879966247744
3539.0268803624103
10846.150000422975
5794.079176346802
3157.2421199166374
1903.084834759031
15581.369562062662
3751.1959801624876
4988.098554912815
11172.014488329414
1664.2809797428258
5395.941877925897
4213.253418998317
6341.932250271916
5726.727093082617
15209.701604944155
4541.868631637024
6963.390406125412
4986.859333732759
6794.022025841895
2436.8318266684037
3198.2636546186254
2555.688455575507
1071.4723752042673
12202.93721206352
6706.361576399609
10206.026276528377
10586.405698915312
5389.120779975148
7619.796853993911
6052.526025192971
3609.904213759377
1717.8580278370482
14346.70768462308
9792.848825172212
5948.713047507958
6116.872073448316
8989.974061707244
5670.362737853215
7666.4240880101715
10309.280880705235
6579.004659849602
13775.343655665138
7913.766527257735
44152.11824362663
18674.858043394706
23114.946488410213
11304.55845380208
15662.56825177273
13024.46457084865
5913.971142053099
15254.15036687855
1117.6078086000437
4460.5417407839395
28501.435179108787
23446.61064339664
23210.750762368636
26946.850806558326
8363.05869410675
53667.33472357166
4258.803048510107
13959.625169022296
8288.199476605656
15167.206679360235
7020.64876167814
4456.573626158862
13174.533266233726
8785.075669460897
9264.736120929856
8995.873964917986
9778.745565032521
5998.901026181213
20682.500365785214
3113.113104830962
13472.496852003947
20019.320348121986
23298.966181159118
26295.37259348674
3719.060589630223
4207.647949854517
903.875190026954
12004.447985263572
9618.495097618172
3516.9241358890304
4273.395737453657
8151.056983099897
27605.649132319486
8830.315678237712
5501.1999023044145
8104.794372793354
8455.770534684758
9282.062003953142
3414.1019608624415
7554.960708019913
3277.8571853070407
3415.987980499496
2247.888235484741
637.4483811638588
837.5835801867785
1392.3516218655432
483.85197813307883
2134.19365082165
667.8443358805976
22110.633779091397
14187.716618726552
4881.227482793769
10738.684353784394
28615.188792813373
3196.1399993193763
2130.5879725789905
3158.5791181986497
4166.617242175858
223.97122338855888
2087.6617917918393
3743.3427122922726
3433.22106969651
2500.525235502889
2386.768670893851
4619.805124480278
3061.9723014237616
2139.4284882098277
3737.611306628405
2699.147155266826
19990.27828829671
546.6415530056108
6265.120926561022
4395.812775072568
5820.29724335764
6605.230263601852
4893.431309089322
3517.6721655829665
2773.667235925339
5510.631181447304
17541.70818510964
1777.2736003982739
4430.116878110169
3648.640280571707
2818.811957691345
7242.1850074090635
3287.3786554676158
742.9695567166717
1047.9004234783808
452.3069659048402
3738.4608243767134
772.8271256885262
8454.241523828547
2971.6634490756887
13866.136289310076
5767.578962330819
4854.2791660223975
9169.33190760673
7400.760180764766
8246.316786994888
2892.758926702099
8191.366297256995
2500.2266507265094
231.96315682967443
2818.7009137963955
2029.7155253855872
1367.8859654358441
2794.458595389448
1717.2071525610438
668.8931197669515
3499.426347371606
2950.924576014317
2431.6863111330367
16772.044846611545
2159.9076255465766
4378.030702554837
1604.1414105780095
4397.848359311127
28688.50487856395
5522.951671647812
10649.90290459464
6040.953918774703
5491.511808763709
1742.1914455612928
262.6936167347123
3803.605455833817
4047.7670708234205
5147.572719889221
6094.901163609056
8355.882437538947
4981.705245205244
5650.066975839627
21712.374795497166
4322.932460273485
5292.339904449501
6895.347597481881
493.32647663042246
4103.223736095931
3450.333211386606
11530.695464074217
5341.3897141856205
9195.837346321056
1637.7956927507353
6512.2929681426085
5536.4888096584355
3280.0518835265902
6988.29715520089
5228.907501339104
4472.524746511499
4911.907984402496
14776.182457758921
3049.0805935532103
2920.8275899966375
5266.546665283099
3698.5270365970077
2800.156345706395
7492.263289045794
4472.811772663919
3561.6805904641296
4507.809993826886
10068.04666579215
9827.461916127862
4804.003429250497
4818.411535475888
3757.029513779432
5129.658287533314
2743.411853478486
8401.297082586922
2760.1412851090163
9655.318609502197
923.0958794943393
6299.266517826067
3579.3275457378218
8868.719485862039
16745.337399934942
12181.775546810182
3845.9638644334013
5452.877267946347
11257.58811588929
10303.50697045588
11187.672972016442
7523.705530133617
5353.987568708525
7527.964709103476
7305.365870810547
8710.20660517483
4831.395898935425
5900.80364567757
9757.158736285954
6709.62612594531
7642.742324251356
5591.333414002833
2991.993697612148
1374.9208343945265
3407.1806660017346
4819.685931531615
3257.451198684196
3282.645175189269
3511.0644955504686
3492.0341300983796
3290.433115066029
3633.8344037319425
6987.524066884375
7779.219412384872
10993.968939051196
2683.414012726517
2967.23766739346
2222.495655669972
4773.756004645609
3534.652045288107
2737.296353519838
4254.940327424413
959.2392868130411
5595.141143305725
16026.371017601552
5476.559833839818
3231.948761717293
3697.4680255143717
2941.145603892925
4245.636212615961
9179.741224602618
3301.415796678848
7488.7653942818915
7613.791483689617
5652.736436212277
4099.0283721979895
6223.619689501936
5762.3914341967065
5186.129769013445
2253.925686347693
3488.0474852239013
8633.596113302805
3326.040135513868
5489.825315072055
3955.108038462522
11225.852948543006
17997.7882335632
2075.0331533194094
2017.0613033681157
10759.57724799575
17923.136712710897
2136.94309613754
7302.561885627729
795.3602236311156
5813.754197807242
9077.265360301164
10077.879404810641
15428.320898642864
3162.696582940066
5732.33161019411
10791.4261026971
2905.166968225076
4459.515293042276
6882.353803244369
4666.559604324847
8239.345684862034
5192.937672720501
14676.300431196136
4697.749505125868
2236.560686027793
2666.6483952819376
4276.264986400826
584.8599306038028
10809.644065551169
1614.7941080436678
262.6936167347123
7243.626845817675
569.5758833328548
2720.7518436643813
2750.9124201608115
6556.363663225631
4563.20642760389
5118.263340603994
6902.869135739673
7180.009693940368
4968.064956214056
5589.96859589419
10801.771482974254
9394.497204249232
3625.852983303143
4706.357083733635
3422.017827810028
7252.067120531718
4019.0352415650887
1603.9379675953587
2344.892621066218
8565.245693748908
2396.140990013532
2838.1414724712827
2174.4137250900144
20024.48885127337
8494.335684409083
1770.3151206543525
2681.444404563168
1938.451932810541
2519.104309451997
6913.391677347122
4504.142926309202
8742.019993823398
4775.987587743604
1057.2203107791943
1716.2306712240963
3684.428843826568
793.832906486086
2069.153413785241
1080.8361190123712
522.2280420200374
3118.447875884334
8085.958293534999
1625.3136016882709
17634.85282021403
12689.105636986102
6217.997964139213
22008.74418836826
2468.1241342797507
6448.9249847587635
6459.26282470498
2125.0881765994
3615.755865277171
4987.124961831992
10904.469421999118
7173.160012942983
6440.91636064234
10733.339358766267
9195.160081148726
5938.678391468135
1876.3765185110144
6298.561680213989
4583.019157414695
7655.858556565731
10156.444177763638
5169.083403371877
2706.0554096575997
6197.187079703558
6902.374745278934
3454.5318666323483
13706.088184284461
3986.1169544376353
404.1568399901104
2546.91448558444
12140.639416061907
7247.257591396856
319.6529933671287
3272.16112212195
3343.215110302356
5405.131584369764
4044.6971149788687
4491.994927652492
3859.5079735502986
5931.655457445442
14097.443331218548
7374.8329348618
11448.135029505884
7618.530355442188
3833.667316531513
1152.4109273689835
1408.7496076614586
8097.363822133058
7496.138697759991
10444.85305274684
7609.181749432107
5264.835616862764
5994.4892223044735
7105.189694238541
3564.3180869470953
5139.470202253997
3879.1339592507825
2692.462162218267
2740.7402129357497
11759.965620427301
4298.974605951829
5731.1287238930745
3069.8791625206836
1320.0158013747373
4421.290901861323
244.7604128195346
6682.863295231385
1938.1556325947397
4804.17592066279
2410.7390336595304
4025.2892907719556
2180.829551781233
4704.59896251625
3065.038893579875
4102.22639402307
9312.00292099614
6292.541103200142
11078.895041034737
17857.040115609318
2350.6683397501806
6463.236789537657
4810.8061337395675
4202.100886529789
6416.903772054834
5869.726524492718
2329.015230423255
3388.6805874289516
7051.89857351279
7970.774540132135
723.3092612943103
3420.3722648980806
3282.2774650183355
3751.410960513485
22652.53708443684
2962.722398513942
8007.020415893128
3699.694287998145
3395.600013030709
6970.195760663068
2540.046631493844
2737.4732174361015
3396.963105756238
2193.973716721641
6532.552771659001
2896.3622882313152
4723.965466449831
2343.017972592472
3004.3863539472873
4383.969806588778
290.9007809278153
12572.122672347103
2492.4334367093243
3162.093919725777
3868.577168274876
6771.768897224846
15935.606894848488
8223.223998191046
12502.991949403171
1789.4243711378308
3671.4460973302776
2269.570234968287
2924.808206679285
2262.5036511832704
4771.894685930786
2182.0447538770277
2318.0881911699094
836.8245258218269
2645.3640814062733
1731.7746008709976
4699.693268695328
496.96695406612696
1998.1022008531436
1495.461953717353
5302.514138310483
2181.8198736736167
3513.5596142119402
3998.8101349842814
4039.774017674889
2676.826893992334
5883.113044273809
3987.062553264475
3324.5324433711585
6504.148406076194
482.9503138740384
39878.2911616731
3269.1628739960133
3207.796295152112
4317.548036759143
3648.6983950698864
3371.002868236777
1204.3101369790759
5800.294802321228
7220.797386222173
2960.227984322466
2946.1811083776242
5021.0316383663385
1235.6358255106338
762.2540834497322
5502.516944569539
1796.6559685919767
2546.248694386222
4414.311551443312
2796.575801551251
3452.295679428419
574.8139929015966
5794.518962493181
3875.491879382175
2532.3156666088967
4755.386360503344
5704.223084577646
4079.929118271863
3496.4110095396945
1120.900211210808
2468.4944653629727
118.7986666342271
822.8207014596416
1351.7400054887232
11373.079399770633
4794.13386038405
7562.518778551112
7980.881211096096
6087.059339434207
2390.5516315789673
5878.694052198542
1862.6895867246028
8170.479863493901
8106.012980182496
7334.449772111961
9215.730610142722
6026.201527529247
7694.412827677862
7454.263417690133
2380.307348828167
4655.191636386548
9711.137320595632
6951.868670231895
11356.519197888547
1076.3172910141307
6769.956518514211
127.56220829332936
1806.8114123145565
13027.357268856918
2103.1586614383937
2148.9000031911046
4247.550418805527
4868.264367202991
3285.2575683617256
3398.2944549302388
11524.746709087407
7727.616038239576
3313.1002273812337
18634.586976458897
7879.6602300000495
11815.143245574818
9092.097184949705
14984.815245333486
4087.2691309214315
3816.759534671774
3991.6870705442407
3183.536854494786
3620.799633799628
9667.48973181754
8481.691268511504
6469.929399480701
14819.912845359075
7555.268870302031
12709.969829011274
14907.218251538947
212.64575784630387
4226.028182140192
7017.311558919258
7321.547503461866
2766.1220949159597
8213.249843574784
13346.319295166664
8137.934621523324
11862.809433362465
5985.224522942041
5846.0019276666935
127.56220829332936
9404.323948600784
2958.2114869244997
3809.581856064838
6893.815094995024
10631.362696550785
7704.518407694797
8087.663946687103
11202.200048052275
17149.97317911697
1386.562146288696
11128.571378426104
4235.099599491878
5684.207031472893
2036.5567098771241
886.4442218214424
1002.2792706308314
2550.501351781241
6390.22986803951
117.31725919480968
886.2698381945775
1429.8265603994087
1118.8268707323075
3788.141561992657
2884.5825708240545
4476.730815516369
10770.661284012736
2528.7680376125604
3848.371507365918
2279.9371307194256
5080.81488361734
7766.111502733287
3221.590170749439
4572.165684066338
27220.780413984514
9285.087455636121
5766.521092520293
5782.861567583306
6841.811405029297
6334.82479097758
5557.868972101568
8981.790487217546
6783.175508913145
3861.8437006985837
4469.889855932125
6033.448609707798
6061.122085792263
1544.8020057424717
6358.400196543226
3107.720106742477
4184.560594907896
7293.743246939976
1292.9760821677369
2840.0217285921176
127.56220829332936
12652.770429939383
2631.678803937828
17992.78352656384
3412.8965581699617
8846.775110215394
4517.70986709007
6052.798131013109
4928.860457827674
4569.651734172534
7965.765716724127
3374.635092622391
9916.180920389235
3451.377263783336
2386.6577708305535
8919.984648650412
727.6471112795681
829.0314372083067
1351.7903535032867
4266.023041710529
4653.284913172161
3692.0339788561614
1093.7452647929172
1094.536218468473
1093.7452647929172
1094.536218468473
7536.93025713724
10770.458545480898
5191.942457440988
40254.281797564945
16084.40365776953
8125.323113637872
10425.682996165993
10486.620636300859
8638.509528353825
13051.210140491186
4836.443209611803
8701.83150723495
16151.323298647987
9068.280390979742
4847.691779394234
6720.996368290773
10822.625601725162
28757.40961269475
6143.763456793821
11132.367652061826
3451.9699840284093
9718.800852551334
3074.803703589196
5025.108193850165
7223.17601966217
3118.763220806001
6504.929210725916
6781.257884344746
3126.889797090364
5189.036694503165
3384.178716760916
5142.012529032418
39316.718482146796
14587.725587589968
212.64575784630387
8730.033913120938
4762.574216259752
4276.371587366511
44347.8952894129
4063.3896002817673
4734.174977839432
4986.738882535388
21645.616641366287
7436.5680742858185
3832.878241341927
5803.680718056163
1983.4402757759733
1239.7971164590774
3096.415889071586
2496.8415213812373
2144.697960668265
2413.1127313631423
6490.90373162763
2988.7368319697066
17757.083699714243
306.0598498753721
4792.6329105529685
4049.785487436968
8044.377347627652
10708.422633905866
12077.906312261703
886.2872827342661
212.3271138555534
5652.471438960743
14613.767505040862
10143.858415317272
16281.030732828005
8874.108734891735
561.8120388959968
29577.336284565197
4516.584147447745
8803.370091496618
8829.867132152409
5921.710340386521
6259.36422427131
5110.835080554718
6583.103513229911
14712.180748372297
8882.302022161919
19320.886288680595
10507.94743133401
3534.173581927453
9822.111861306785
9525.226642001568
7544.744278794494
15470.285206622608
11181.870648924194
8212.714211210377
6840.3909415209455
16389.438714899337
1799.649931207812
5026.492498753803
4600.026417557784
5409.214844101023
7807.056038817772
2536.5583037581546
9590.75943627144
3189.4655884540125
10516.054748670587
12830.694466889707
4653.842933855243
127.56220829332936
6010.564866378918
17143.575185397225
17599.261103295696
10862.1820787457
7454.385782342543
8630.874199445638
7460.555425744417
12214.47379107051
19549.29574986457
6893.818225331667
4102.742542325096
5062.490405547509
6722.6447684778705
3026.0694787579164
2737.8417727976544
4063.3031436860274
3689.120024623807
262.6936167347123
2889.6125651836587
3037.1772754627323
10463.420936117347
12644.210809735514
23096.055348701422
25396.92582233994
17238.095235668312
1315.7633101503172
955.1161756016043
1636.930992133721
1790.2093402498442
2562.4191265565873
2242.485917799648
1794.4561965234484
3011.0130855342913
3649.324771276707
2993.2773754164577
2543.968514321012
1560.1221949045932
748.0203953535939
1240.6774303084635
3409.9780301572087
668.7680551270851
1131.0215672069999
2540.4540532633764
1993.029289693703
295.1170081925517
3487.723904036645
1704.3611613683784
2837.8921035400863
2489.807682703707
819.6449600175582
1496.240889662108
4683.625417047283
7467.515968899272
3522.5534869949993
1001.6523582347347
1088.4965294899057
362.0371551440875
723.5015181579504
852.4393221335241
470.931316857982
1127.200068963494
2590.8420133667114
1513.7128656156365
8676.43220109911
1542.5919601408048
1580.5015180615724
1760.7626125197637
2686.8355658763935
2444.139544423523
4051.3949826181088
7667.266027489389
3683.2868321179403
3720.0840273661743
719.0983716024056
923.4092828563212
5855.090082303449
7064.8304375449225
1386.0227498543825
2909.2629861603937
1065.050748554126
8549.51638845163
244.7604128195346
3839.5975368123127
4202.858229324412
24834.761671748885
10241.081255702118
7757.119785168512
6359.80499939837
5331.377261688948
3277.7082272477373
2384.2121856015287
7799.483665479779
603.9707520532064
2350.6466107719143
825.3511150924807
1579.5512107765046
616.412424547248
10480.38650323675
4478.228843453906
4298.04897092822
9336.530501169027
5904.98174769301
4465.244229979176
3425.4213276038354
5499.0428406240535
6051.47194195341
8200.03861690524
4225.342936973376
1976.2639480210244
14805.393944023297
4041.5576570574217
4287.737017204234
3618.4651525699455
5815.959483377473
9941.70882777691
5379.757497150836
5239.61069967779
28393.699039495106
7061.69349634851
6893.180646428521
6516.876592593375
5058.4646185646
5921.368684876893
3846.6596184706023
4134.457761474197
9203.324585432365
19678.19863912488
6327.599308441961
8480.096574024199
6326.427606532028
9856.146156253912
4701.969599594729
6246.876176461871
3026.1174582868507
1819.325722475081
5013.926717434554
6988.487155887472
5443.374600243289
8600.448026888116
9307.850633431688
8340.900876529218
2306.705926857474
2240.138938259185
4559.488911926919
4487.500031134782
4971.517329535282
3106.319600470067
9305.445474895441
3041.3894579756006
7168.207934552508
4969.235355825934
3441.087034399039
6994.066792183305
266.0133036960863
3901.8424813802076
6984.553318824969
1503.3786751708785
836.5354278503623
4824.466551459719
4504.504111793606
4661.129814249183
3929.740326975779
5984.044217192335
481.29258852156676
5917.107539812856
12023.484773755088
2864.527588682462
4266.637728934761
1205.6984955517441
4196.575239278418
7844.378708052065
9872.686135703265
2969.941650501027
4262.576788415889
3878.534628209208
3184.3625989801144
2678.4245413374315
2463.6893243103614
5135.55392205742
6991.896722467438
4827.2602278184395
8714.234713841659
9998.629198242377
4077.762735113132
7409.406796368862
5518.230518130079
9793.93279148609
5173.828053157843
4209.661299681098
3624.944673094339
10827.666633244788
2351.7978804857416
8272.112028989399
262.6936167347123
3374.2297739834084
2977.4917103274674
2471.762484803332
9392.237165261358
3990.684375978336
4568.389186660117
6841.672254726729
3835.17441155257
5447.3400284212175
4512.589251791844
5393.272363953575
7229.554322714081
3591.789190305265
5743.54983386944
10403.999163588942
5957.339201024435
1410.0200349027484
1277.7212185473936
1919.883423371476
1145.3756498799808
1272.4089875429786
4427.546972333676
7520.27589878742
5922.7721444118915
11925.604946028132
4085.4181481350033
6002.0564485621035
3026.3296793496825
6972.978277823176
801.663515957504
1904.9175919411348
9801.667664722123
531.7057262348002
5461.47145417683
3880.4381643421248
3600.7426900206697
3627.9805205178327
6390.749789254645
4962.305152012909
1851.536179395038
1464.200743552632
2522.827883441205
3383.3947523901493
1389.1319278023252
1817.8183400751411
14771.574742546636
15258.188746166012
4706.220940716563
6663.277090532077
8240.268105366758
12501.109817816883
4323.99510956773
1240.550236612393
522.2280420200374
2164.10724845571
44505.079448846176
3736.6867971398055
7836.5987934613895
9730.513391477303
15809.38138635701
8908.360845102115
1721.8789518903327
3710.660116843206
277.62563851821693
1549.15611711921
697.4275967495735
1001.1760343374905
949.0948210469762
1351.0839964959216
3539.3830482434764
6223.822197680934
1242.4438365623193
3658.967212046495
4890.748190653705
7461.197342591491
6258.039554741813
4407.984176193269
1300.862101451194
830.1453374091587
1661.4623011022186
22966.9070085229
2992.507510602388
6899.610905017117
2071.0553080053055
1471.8014041565805
2153.827785659115
701.1781301624989
4254.891249603105
1111.0577808581684
759.7580609637167
621.2543819727784
3078.462437392992
2135.0493107330153
10276.514447415371
3197.0159080044155
3002.9863321263674
5297.50521957541
4038.195836181899
4416.556503762231
5343.843110404071
1836.0906151815789
10993.661772164165
6751.989829927909
7298.996517948118
7664.620795099597
10054.944818354363
14019.792418428997
11362.301996784574
4469.614783420636
15367.305108552506
19076.361733566868
4311.351548474351
6771.319845474103
11800.971166557734
4760.641766481363
11002.636698871152
5891.328577088437
6044.215881397758
8777.184804222727
1701.1150768545258
3912.413173571713
2584.446996233191
2335.8000385640844
5800.608194285491
2289.330922288241
3572.7457353976856
3004.0053030752138
4042.1930432850468
2504.8003366838893
1940.2192364488396
1689.0419062065084
159.5188505097573
7932.300310667635
7031.838929139972
6546.269141205737
5044.666951378624
932.1880121079504
6656.878590886723
7899.3444458050935
9379.874803344906
5600.229676857844
3882.254063614127
4106.234407004187
27203.156097460458
5848.883327146635
7343.384188966715
13783.309866814552
4687.295437343379
6776.513600240516
835.863170669872
3997.725265223395
1701.5137101463954
2293.721400845757
6186.409078216021
5117.767835232366
13301.759039092334
3071.3727093434263
1535.8316047646533
1826.580674818333
2765.6912522018733
2483.906173787079
10227.53198861288
9951.550702540144
2226.9911925870574
2118.6190372633537
5795.314419006828
1394.7972575235412
2774.4168257472
1648.8716208735511
2457.8887937697596
19507.892110357516
3132.850971396293
2848.6650998462183
2914.7439246297063
7052.272503740474
1720.6394001099932
2110.2508594656156
5357.535396235186
5944.870438175919
3278.522500174017
4691.110497805358
2474.629116825404
4745.670098227401
31150.27849171845
3305.1126884779
3235.4061089721954
719.4072308148395
2158.2574149862517
724.6434150470619
3311.081868294426
2202.1426585759946
3187.273767238092
17691.128350085786
6260.808363137998
2953.227704834727
824.438822928848
5357.555969008736
3813.9949186899635
2500.0355403314647
3682.4854617431624
4804.3912548212475
12183.624703255062
1920.6623279094702
4712.505850880522
3259.8732645703767
3371.237791849175
6005.919157582123
1822.1949351399305
2153.416682248125
3613.3095805235203
4631.801440552705
3280.0522167372555
3145.302545257072
2227.4514697233967
253.88121009794412
8841.134067105273
2837.3786948934508
1633.598538703821
2627.054608013304
5166.503215391627
15979.94067333167
5830.923764709308
3357.375622019141
12139.112903890422
5696.806009360188
2998.4477753579604
3863.355589527684
6182.769581340063
15243.596917560773
2574.0431069907013
4862.742341852996
2084.717612114685
5308.550078477611
8066.2771692110255
5514.161828661037
3564.5635217078143
2907.3153443914457
4480.0579050815
2856.6000947503276
1480.2573389361166
14882.146895161655
3039.4689820303543
7382.083001489201
5419.862964251045
24622.618318443423
2835.96504495464
3301.3087163886594
3941.9828997604236
3806.3173366269725
4322.62191933195
2950.340902056061
262.6936167347123
3266.1125800232426
5499.034288363291
16638.153500558474
1840.610970036672
6450.874789407711
2029.6948894803918
4911.701373837305
2040.48399221553
2754.422229799661
4586.774647262895
10641.771925257497
4575.331735544938
6141.24557196468
7218.098074109609
10926.408363671484
1397.8845154637831
5545.235319906472
16133.005719589111
5887.530540118482
7108.647447349726
6312.931722776055
2608.2024792571888
17005.69898010954
5547.689661116682
1703.9326479876624
15038.369437405678
6826.92991527892
14019.27731901687
5147.027758716385
5518.327039401953
6125.345764378211
6115.133983576264
14394.50777769843
5154.830383759698
2166.935133544551
3133.3191483224846
14507.09741850996
4248.803165414926
6151.194924941539
7606.27677408056
14343.977667732428
5876.073872769695
6470.346876302002
4919.227613426743
7245.508984570331
11624.860991452226
13808.575410326388
5254.057331116597
1996.769239868621
7909.650522863489
7621.202185519895
2467.1474838777417
4907.509333172951
9361.669048575162
10224.660800253829
7586.4295407672125
2286.9759251306496
2255.7560765869894
825.1337543079758
4798.729760694547
118.14265151854764
4981.839278221852
4504.495407782644
28034.882568848872
16987.649202614884
20003.840418769363
5638.387745243859
7710.86760470954
4953.823481936457
5391.42175533654
7350.921878661358
3067.8472261744405
5103.647472457257
6943.371760818083
644.8447831105725
373.09832871032114
2364.275230363279
3393.8220648965316
4590.192646857186
6644.6356497195
1351.8394938768822
6937.3616025938945
6117.625228287949
5086.04103566955
7778.682606711871
7172.206825709071
5860.326609107311
1342.034891682994
7570.136755898176
9530.92461308987
5299.269380124474
4425.897401936958
3811.5555268609396
2094.9218782306248
3562.5884836502155
6497.171338378681
3884.9532388282073
4911.310028068332
7266.997920673646
6949.9202619014595
9219.92766032269
1873.4821253447972
5872.831936701417
7590.986128912128
2588.4049790211084
4198.136766154487
2437.5757829273803
8812.907869468901
5101.716200282822
10689.025158034416
13799.863693876929
6040.304582005792
10293.842876935394
14629.275084461182
6581.19722404395
127.56220829332936
3315.967767211452
564.9610313775642
7492.588675009599
1108.1342311776068
4045.2332243478145
3142.7964894844704
3850.2186959919177
3757.3947437669535
4847.279075026162
1454.4556555828176
2302.33665993855
3697.538680510342
2841.1254808678805
1278.659797949268
424.02539188865893
3261.21370746498
5768.959424426818
12055.743079439619
4294.986155360585
14223.086412312967
4679.02220737716
6858.808111679237
5886.64598895997
19277.221505656576
8704.725168633457
5545.368729893389
3647.090451659867
1835.475349611031
32231.236363765915
1646.8368265371246
4102.907977426933
2674.4897527450235
16141.854081795354
2222.690223111733
4524.079248218171
4755.247941446939
4264.21202560849
127.56220829332936
1736.8883278946084
3115.853093893777
3318.7168692932487
6128.764833241291
179.80852164160495
2619.9593911849
4921.440240771292
238.8236272475677
2863.6054156559794
5476.492629165401
2952.236285926213
4578.237859907597
4141.183957096231
2065.511282930765
2621.672047153269
769.5599793728154
1518.8986153948742
2086.570111940816
5778.322439794187
1502.943345972981
1411.8726941275943
1623.0563437771214
1969.712778786569
2337.352724832867
984.7310679999473
1232.8210909889299
1092.0632877684911
1327.0207358304826
2434.5233820336066
3248.473157471272
1166.2095522960285
2725.7960964551585
703.2912304217682
2543.8118918320497
2418.4169774975844
2215.435405507782
1507.3139033620546
8827.32877054685
1470.687491407354
2928.072278826323
1510.6173716926244
4952.10821034877
890.3334741496532
4952.895055961719
5044.568349371744
1127.753953383879
1546.329824832373
1743.907077236617
9094.99682035848
2509.169556340767
1543.420033561832
3284.021543872656
2986.531599030777
1664.5692343893122
5147.741709097419
3526.711163831317
1560.1878111450433
1625.1427017193932
2908.0937591896854
2164.517298390321
1773.2437436193823
1717.0466429782412
7152.36650308801
1313.8691464073254
3061.192076005162
12570.386165879574
1622.6226807929033
918.3199411160665
2370.795359446858
3951.746560190223
2258.358735973219
4533.323102389499
4738.826938342577
3885.542313703446
5492.066847097423
5722.375116456018
2254.595104660281
1467.6130843168849
5237.117405127442
2902.2663570283744
3462.5173532292297
2096.618823283515
1678.8549558639393
999.7573616486227
8546.029963518331
3537.5613069951714
4271.972806341291
3421.779908997335
4282.022504095595
4718.368943628697
2550.6443456792763
5344.494647779966
9790.440413288743
3119.8700351130824
2766.0677427150467
3002.069103971292
4140.533931215565
8235.189994515358
8290.469005274063
10535.202087410244
3942.0145754786695
7792.248439956253
11395.511904006065
3347.9360396513257
11515.305781292467
4815.611870575438
7463.770264113462
902.0297478813513
4621.654736676901
7966.853378485832
4491.397265646584
4307.568400467326
13656.712474544045
3030.149797275942
5248.277379875865
3286.0417796237953
5348.233981948482
5317.163152187756
5024.861081826263
2667.4356887656477
5583.11756423202
1696.1985907590247
7265.075551668939
2118.80805716221
5896.889082277966
1884.3887946072916
4536.01872219933
2761.972423925953
12462.822607969256
5120.049109800514
4227.665995671939
4265.295016466473
4374.37697542072
7705.129202459874
4667.138639505017
12489.9148363321
3121.5478960611586
6012.953506074996
2676.712682407326
5185.783702049628
6038.414319367298
6703.162763214464
5495.429469436078
5283.12590926085
13682.071622200998
6123.500365946793
5646.945316304379
8727.249313857077
5672.755314903959
5642.0610522443885
6292.196764139031
8743.524542591225
5528.06094167759
4055.139864833691
7004.55317673742
5062.968696272337
1439.6716193237362
4241.756472968768
3273.07856795124
5824.49690242892
4476.227545796157
622.2604669582178
5562.587772010146
3235.951451110291
6327.670952896656
8376.903853047936
42439.56620135582
12554.175224395138
1160.1106292113195
3748.651487422865
6661.914510081116
13768.316279792765
15348.65417658695
14047.639251261693
19926.02135622353
21099.202942749038
42476.333227233496
12889.874801480904
2628.3421749712647
3221.677991771928
2451.8454866379952
2712.3684072905216
15370.318536463357
8251.647364221968
12206.00414260001
8414.90604818622
14105.282142605878
26524.11865212061
16174.344207961745
15207.84588271552
39425.42318458758
6112.625003633105
20255.460859739396
21656.46609331171
18340.515883353815
8946.223531782713
22936.23107675284
6233.502113273117
12306.484103203498
7947.653703818864
2625.3306436395346
2649.305953545102
5450.68511162704
6429.304680392677
7358.251192791168
4509.503793303282
10797.985209807934
5546.476932420711
12767.247929176528
18890.86215453648
11200.725798518652
11061.820710187325
10121.784435164393
15817.812244188915
2654.8654107013735
482.8439630927071
693.9341832290274
208.128601591485
1130.4902511627622
944.1269584760798
3334.5345083469165
1625.91411367403
566.8176047502974
1000.2001496212524
617.030635663095
1354.8605521709358
424.2714004712592
1225.0597160901775
3040.8143515398788
2935.954021589747
127.56220829332936
1125.2711255418521
208.128601591485
333.29397490038065
297.04584602622793
1079.020236417526
496.7141118789371
1183.2357370238499
3054.1622330022387
1078.5752527109232
1068.9661387278306
640.1967588287654
1439.6982683803487
1313.5257664778537
640.127768400854
460.9928404365058
3976.788505934694
23300.14139666981
1348.5224202684535
9218.300118847175
6914.551554720126
8186.576977373712
883.8105649016691
8109.041985277518
5679.115028614137
7800.307798340934
4163.472093120121
8140.719701166124
868.7320129453241
321.9084387612456
10565.086945741903
4129.891122893823
5311.7519479578405
1071.4480577328893
13026.646990434581
3472.6202966112032
7534.5519970990335
2237.6718036698367
2647.9591309813495
3057.537910178426
1080.9503665743866
522.2280420200374
3138.732909520516
262.6936167347123
3397.208370132446
3569.192433603215
258.92277616647726
3481.577848207049
4323.62537762872
1897.3866415499563
1997.8206035006224
1952.466813906855
2051.768870726325
2235.5551656284847
1971.3114336142078
2427.9509556317175
2328.99550528999
1378.8999683754187
1651.1248340697107
1146.3175418175942
1829.7281460653824
4275.59258687128
15727.482470280765
3710.7765825061697
4219.855267591371
1309.751721960632
2490.9434808731758
2075.330666739554
2002.6179582543007
7936.47452366926
10911.371152784084
7407.1265036947025
5245.975479899672
3353.958105260766
1466.7687986884016
1503.3587253327
3989.6429902698815
2230.6819239460433
461.5490304479296
1705.6710675349616
12749.72322502884
1809.0590130172222
6357.30175434879
2201.4909199410868
5475.347303816338
5379.849324705743
5241.803322487008
2355.278633726075
3907.0311151495516
8198.103910490323
16726.60235456824
4888.538585679399
2731.348176618393
1919.4573539174837
2600.7886809161114
2995.315915378725
1418.5062477258825
8411.026237260588
2566.3925280591698
2047.3636270656
2235.9524830091636
7302.930648512841
1008.9151792960865
1013.2901167078874
7138.064544233307
4323.889884655672
5936.666931591522
4438.104837997207
4617.4722772748455
3443.0290915398787
5507.902098716447
127.56220829332936
1831.9717604261946
10430.464688113954
4992.226910179472
6383.672727333262
7608.431848300554
4698.2823160558755
2708.7241579337315
4867.37848422846
2002.985531042166
3429.2513750541707
5917.955144198283
2387.1933212575323
3294.520578649804
4316.085215366089
1526.0165631557331
1529.3137878222497
1564.2747567477477
5043.666304613092
187.34956307307513
19822.726934312028
441.684336915997
5163.31878066775
4974.75221096222
10593.680575600041
3797.440475984748
12734.382995397084
3180.9885210821476
13516.935346248289
1434.0977084569724
2001.5611806235843
841.3752963357088
2906.7316768094483
10814.980091488664
14391.63168496592
10977.011582145316
8207.963136071106
1553.169826353584
11838.995026805265
12670.389670555887
8342.71380694622
4758.537044630675
6556.632908547203
14500.448162374187
2636.109012814544
6078.553706821313
17447.248765990535
2557.4973591634375
3472.5605144294186
6571.534471284403
2156.4050290659425
3829.4372213539664
2648.332884235809
2635.6616225437942
3379.97197947837
1927.0425611265953
1857.7675923494203
2148.7604087272653
3947.3042765442606
5789.110008651271
1029.3100682506022
3261.777104765284
4211.0623035766
2784.6612441886323
19836.42628442006
4440.5063363155805
2469.122657752316
1805.4044361724925
8058.732326792613
2305.9876538854446
3664.3578410111836
3254.993356819728
2871.3749042230293
262.6936167347123
6190.790303295232
288.01375959172555
4583.726505493465
5968.831409105999
715.1370837516926
1712.203422977673
1887.0125966610342
3562.400258234132
5313.7091339642875
8970.803811442855
5297.741319631244
3596.88475007951
9264.483808906376
2109.3906336903074
4727.864326597395
127.56220829332936
2573.9772342508845
10839.900972628548
3911.955115664401
2368.6829015421636
5990.421191743491
5966.265441962614
6473.236112158534
23243.14697578849
1262.7636241569162
3894.82954941991
8998.643269535118
6944.453814778805
3789.3904455165566
7434.433598129949
9848.5593848956
8456.0891617228
9339.665796649557
4720.853255848195
4174.363891586982
7181.364493203989
8303.464066688462
7266.110822023039
4397.182262282632
5056.765282763443
2696.1606989546835
1645.0608520414178
2894.98354969168
6340.678428658326
8257.61428941895
13104.413444974078
933.2812358113453
6348.999726767611
9180.139242517826
7206.146197640276
5402.795738901828
127.56220829332936
1237.247204386635
415.1531875344564
6590.120721739796
7098.386853291534
5015.995656269261
4791.801322590247
16245.866193270165
5708.423330585861
10485.49822224661
9601.163259779796
895.2130632719947
13952.634091035665
1103.1112005018456
5862.942455031695
8057.374156002264
5606.842830287778
4267.346030039357
5023.504883746461
7313.490015777898
4103.26517336996
4359.771853964038
1818.0386254255122
4301.04807255049
10151.07837711784
3817.210299670221
2901.655513411096
4432.4859156609655
10536.756860857784
2560.2700419239954
4147.423780066292
12292.92343686077
1348.1726429816151
4006.7598150096915
2827.3930172783553
1104.066362140032
522.2280420200374
3400.693626494855
1062.0712804335972
4086.1220097048626
5315.669282383938
2597.6107962106403
8607.748058561961
569.7366770326871
9046.619966794193
3519.0590067904095
11624.270063773552
6006.221150387908
4524.037599428417
5097.722130075762
7617.113601457943
6896.021720758331
5119.631621995631
16352.465066476865
5064.3251307523105
7669.572977702102
15894.278431222823
1863.8984231177437
4228.136107760431
7915.246572535372
7531.46936001791
2927.0225040787627
1923.0467822900766
7742.793215922737
8585.17734111796
14271.161158324237
21487.935682206375
1791.7615335294981
2291.7670370033543
6699.363354020256
2074.602191211641
678.4953210590953
5600.756114721654
7343.996652470748
4834.804597443892
4215.781161427273
14730.554865401917
2988.886424248489
2458.035989573933
2342.2128642527537
2768.623136355028
1314.3335399865787
2142.2499642665434
1800.9114024025764
2706.2125627392684
6514.788246718173
5330.430367574005
2916.5733941950384
3260.001841615812
1761.7493811360384
2452.7746017112886
2913.1169753110635
4152.740719654809
5914.892471504177
737.7432063263602
19040.48139242202
5383.186578630619
7029.767034875058
3234.802362874681
2799.443282479213
538.5434235984659
1051.6025162166934
1516.297839017032
3532.782964849264
218.19596001992105
18101.89225029995
2773.259295090259
11926.044054782555
2120.9266979720537
9433.723497643958
3527.341407222956
5376.67813201361
5234.485354558426
1297.9905153321984
2571.567442191545
2969.193389164237
3788.086502554439
1073.9489276448667
2248.808531556801
4856.811238184997
11597.293110760815
13037.693695212969
8374.686871822407
14179.216239671146
11427.1374630141
5029.322774264626
2158.7236983136404
1516.6229700894983
2244.2092989526263
5539.436977950179
4386.1968273013235
13778.0622096554
2482.909161405622
1476.8505607601542
1627.6656476050093
2306.6335687499695
3277.636688664269
5763.793441595194
7068.920467697105
11323.792428054237
10143.932928216847
10411.206791652276
3072.2101501722605
5534.267369219524
4464.287179099328
7392.649478534868
12129.304868261366
5010.43286682443
8189.565826665669
9801.414966934382
3663.626973650752
13913.69015694305
3034.3919713200003
5072.7848870947155
11059.535774959113
8036.930011053709
8413.382898366246
4509.813906428196
9453.028032812803
18647.525806017526
12350.146418005079
5219.525726259792
16744.521311235603
24530.743693283886
10621.662602423872
1586.46065919684
5925.491110857312
5319.739999967616
5483.541560194441
14303.898596954832
4784.550131603935
8806.579118452282
8745.048541209451
11786.874121901046
4293.580436752523
3863.820115453612
7161.143436330254
5093.439992110833
4947.967581570858
3071.726355318949
9399.04750812936
5525.851122984595
4680.528555227681
10794.421254008286
7803.276845235745
5810.374655615045
7869.254751953853
5404.412324581738
1836.5530900729505
3955.101716177913
7396.573713592961
19211.26661303692
11446.72407155493
6492.053609869024
9338.613509123885
9711.821312837616
7746.751531096768
5494.554364657275
7279.10475552793
13795.031297876762
10454.591425338918
14555.75604399443
11129.272198931007
11778.273932350316
12803.919820024745
5824.929108956671
3114.830803382592
2104.142272154613
1320.0069217385712
26080.102106019876
2464.3311128995288
7466.234186133346
3527.158745113261
3716.775362474146
1368.7180686526267
7898.04898606723
584.3674310411345
5733.553299789926
4998.240116195096
5976.774552373119
6921.7523399474285
4182.537789512928
6467.43348143004
7857.960895692097
1863.2179696817998
3750.8035207670177
1785.5252885544933
4879.540896616151
21757.29274091864
9103.364904117738
6604.702784657895
3431.27721625661
4329.069747334425
12135.106526458
5093.842789927284
19657.371417396225
4236.4402370728
9265.621371670382
9947.154864498412
6979.46798067193
3549.4129419490673
1693.5005391441532
6096.837429625851
5620.529044674871
6203.2573678593135
12078.480666013216
3247.977449415793
8449.8062836875
2851.8664070996483
3363.6381468774807
5918.374630606474
15132.668017968963
6002.14370030958
4222.646365236251
5761.824404050453
649.1497706230248
7380.287535619749
195.8622306278199
2082.9166188738513
5418.966631203032
4676.686722228042
9870.773909955498
24027.56958140807
1636.32564139208
2990.423349631575
2957.0497264082196
10133.213875847252
9254.731220736323
19915.564586182332
4446.345604936021
5959.076249976099
7371.967701814394
4210.787706714955
2254.059507051603
2645.464131024693
1585.3673302027423
2165.4594187616212
2498.6240683895894
7012.19133525151
16721.685066498503
1685.0216759149191
5260.138904272786
1323.640595999143
9582.427652215874
4028.497211313805
6122.410110621956
5968.2064049179935
6042.523312275384
4189.657588218871
7903.313417976848
4262.902949881548
539.1401502345333
7385.307100985621
824.7446276829088
19611.25026594339
6250.479138808688
8370.954699949587
18448.696383609164
15045.82572965583
9368.275801260628
1104.1829066957412
522.2280420200374
3087.0057561571384
3289.4740732720093
1539.9483125899546
1182.7403135586517
4038.659478724682
1271.2655049010182
1204.7717980479315
159.25801272068077
15612.899424797031
3606.9365045042923
11199.966779201779
5981.938691761271
5951.532134467812
1373.027832182269
2655.0749269257926
6247.056035185689
8069.831176025658
8671.269022446735
7691.0912771965395
11285.733284134363
5747.8202207462255
7063.0593672817195
5179.78872512187
2523.9753991991824
6584.244408421615
1589.482949425483
5384.7839969655115
4983.739821212189
4039.4332100947186
3828.7905675839083
1646.9370862038513
3702.9221955315184
4809.269780147035
1778.3914240364902
2478.897404043241
1651.285933033383
4502.891957637756
5749.569797649685
3187.7216542575306
1386.4022913390734
1635.318400107141
1358.523116688392
14918.841060703222
8543.242317463533
6340.375886156803
4227.424459582803
584.6293223249966
1366.5274848983952
2148.7152379183235
3136.239546736058
1513.9132957259471
796.774998240065
987.1334847294677
14555.072424330081
21947.487398389385
19350.4241404462
7941.860134178048
4320.255064182394
159.25801272068077
127.56220829332936
46975.795949591404
24968.58651198634
2133.217390836191
2770.4448816332974
5211.496022855538
3664.7774790994827
5929.7153788717915
3643.058354505514
3692.1023510905297
5327.908857910516
3922.2581202218266
7438.038771033355
3581.6668130722487
5178.887961627315
5653.409789563943
2951.263464212907
7182.849238211705
2923.4738759632983
1900.6679640376135
2338.4910636661593
5630.7877842637945
3120.6190625788004
7169.91085866868
16671.787451440716
8015.630041646493
17302.63036966879
16809.07221171237
12994.190122623526
3352.530641480521
2335.291002893126
9177.328568461073
2349.8891887239447
12870.73138878511
6855.2953696444665
4421.254964626186
7130.432078768177
836.8670649418883
903.875190026954
672.123324182659
1238.118757326689
5982.603534653126
903.875190026954
1001.7671094184145
2458.4434633069645
1717.7229761036285
1415.3443844199107
1719.2733181398744
1152.4109273689835
903.875190026954
1415.3443844199107
4551.878940194879
3241.25125606204
1260.977091670013
541.6988247791833
4471.5118656652585
3528.7791058107764
2801.5477018772895
635.2521490450241
7338.393266760861
7498.496315914633
27630.38763581708
5673.005857564615
13420.63817733097
15897.530706120622
6829.462372939832
8217.488340496226
6151.146480625362
7012.880752476913
7995.8521367517615
11166.677478579057
6836.271774575117
8412.117872803981
223.97122338855888
6656.907406356137
6762.124872498045
3379.7506261986723
4746.710562628049
502.48053847804135
5887.95820007593
2827.988570563921
6036.937895873409
10246.226923445653
4958.811906982264
4469.890296870591
3646.9362655926907
5272.24883212561
1916.4050463600772
18474.222194083533
5782.493845977038
6038.877484099478
8353.561522273967
7167.362766889076
6836.124497546123
3468.977018231945
3290.278762270628
4834.313994863949
5183.091575695725
5605.312411267592
5647.652266635821
11498.19258587725
3326.1561150032912
1528.103329736552
4601.886385545885
1307.7245446562758
13708.913289473254
21885.275204850543
9361.835258367439
8850.53539485575
262.6936167347123
3516.8543396409245
1147.1214555987
4332.052006560257
11177.734259999916
4243.702198213783
2484.5572617780704
2820.989417899371
20472.14214527697
2929.0684098542924
6152.049488283297
15843.597651937152
4791.330614916586
3327.6834070255163
4027.865383190606
12534.35865187298
18804.571794646916
415.1531875344564
4136.33406725843
4696.701348784338
5886.248908736305
3690.774173452809
6301.312423032242
7126.166385401195
12641.608601843733
262.6936167347123
1926.0469343203856
2049.2650140623914
1263.5548078501909
522.2280420200374
2478.2391431110304
493.32647663042246
6890.109894932022
8160.623860096938
4393.99558119709
3582.4054087897894
5974.740588913555
3701.7750924337797
4927.768053589618
7449.228643183043
3127.7842982900233
26702.71239711514
2852.2616709102135
14598.7109576316
7457.332022219018
9525.565781628708
2290.852513149064
4913.873436656374
6391.84961844404
4395.271967881901
10225.130089763683
6381.053768185018
6355.474400945529
1989.0372391126189
8700.08047041498
782.8621342938213
7105.2852444874925
12748.200383179783
10620.884539813182
8141.554946274033
8096.500357311946
5172.1512692437855
5537.689942647309
3096.502886311489
17973.005091821084
11801.999960616304
17833.561794570018
9848.269532763217
23500.495647711254
34178.29291569628
2975.6457843861062
4770.448062414008
1957.2314113953014
2960.958114828447
6123.394644959827
4132.419500369872
4873.796262779884
3091.3868869308008
3495.9664467732705
6886.8647280814075
2522.624248003651
2092.565532447107
2564.014593035352
2129.091699859821
2413.265229631112
2325.6950961103275
1707.9964852593896
3111.8432513951284
23452.973105430938
3714.8332470129053
2163.2317768970534
2594.3300262641687
958.5867865330005
5014.2903138849215
262.6936167347123
6010.310371353613
127.18202506878771
4103.58072100773
25611.321420686734
2307.385659081337
2628.553017185333
4580.650696618547
3905.9365432252125
4943.8873950363895
1733.4950058379181
2238.6655959950785
2072.6561273507195
2963.1330615923475
2834.2557820960874
1144.1876500045644
4366.220290139867
2312.6293008493262
16231.106300003028
5108.45523268849
3402.2263095859744
2275.2841706647264
15140.499027675236
7962.137736291305
2864.2673242836995
3009.8537863980946
10510.843504254975
4940.1646354583645
5849.7084596771465
11105.516054671949
6555.929049414921
1553.169826353584
9124.765003488346
3336.547952242219
2756.7492524651584
5337.01127760689
4788.656315799159
3512.446494200855
10812.20364794006
824.438822928848
3061.5683903032104
9088.377365522056
8161.058816364407
8945.979024967384
11461.664274829205
3931.855990633111
2113.425375072847
3706.9544604390207
3491.917618616402
1242.4166815112183
4121.122818413197
2180.3218152696777
4262.043573013547
4246.452619047989
1398.6768623312944
7010.6006836501565
7878.805762167004
5545.746807520915
7441.846456269535
9782.183277877388
3480.2216391451125
1323.0793239939971
1834.6083414544453
1289.2623356152628
1392.3238762392232
4061.429284829428
17173.500405003135
7137.165136536887
4042.881191871404
8381.175835831838
13499.97410145475
9028.041712126826
4726.541777756059
9815.38077073054
6695.493674130695
7526.1392608827355
15462.958724973656
11202.351554409042
9407.694629485793
12646.298066800087
16654.273907604667
2227.9406210399666
8876.239336225372
7591.995002769657
5299.653739605229
2485.40988018119
4007.6556060196863
13320.197768162776
8589.832106604956
13372.955837848547
27736.242318484434
27764.367085800815
3317.073279532282
5664.992051304305
5693.814515642725
13456.652274041799
22031.38045731022
29919.82206245478
27407.116022668168
2838.964573135063
21641.59616126074
2309.3813262791186
4215.880907348816
8030.315279123292
12564.572953575982
23724.85827881515
30799.816574186192
8881.287866537263
6838.806362826954
13166.90795887372
4110.934862825421
852.533335163055
5752.604227717887
8445.484453839084
11560.341677543225
16950.613943915127
12492.550687952093
12637.004221518719
15614.121557450304
14854.159620634096
12808.393231097407
1522.5114070585694
10269.31417423157
16526.948421622867
13352.4843162971
12694.31470687397
11537.400095205225
1452.3626905288202
4106.7375421801
7406.725539106484
5968.619162826222
4122.86715762513
7115.659700946188
3029.8187513423745
2182.0211645745812
533.3507350487778
4438.9861574163815
1240.7230164202895
826.1206387081652
1719.2396735278412
2819.7671370593184
1988.9824642507856
38612.02010980889
6542.776057888381
41906.19814993538
5584.918365730507
28832.101026434415
14325.100223975163
24224.658169611663
6009.309765418516
12022.75438537008
1034.1450669275746
7856.798031927656
4287.450055434997
32116.365947982657
7103.218693956634
27165.586055627562
14335.40863134462
34390.10658015774
8747.947206428664
bigram, add-0.2 smoothing, average word perplexity: 4342.026729127849