26852.23414343841
3284.5920846797817
13889.388715947998
6169.026064497806
30377.17307601622
2509.550594158185
12695.38922224025
9452.252842371745
8052.516235517547
6533.49568083711
6190.4122026925825
4824.967729691202
9677.03951455927
4254.2676950127325
6572.882033033487
20307.62287398481
8970.873387926833
7342.647576952266
5862.904006454985
25205.18374964712
12609.341838023929
8429.223842810441
15419.107207931967
6702.177972521479
5990.612977959218
9075.128036929837
1755.785557834899
3286.833736193632
2937.7849085047305
19395.087739461585
10880.248459076602
6014.941772794448
4299.289375451117
5415.809723151085
4826.733298323263
4380.823494188841
6204.681770724246
4628.926182856619
12885.577357666525
21596.05315513322
9730.77854012982
4448.779972841931
4372.851860218581
2925.085034047101
7682.985024256985
3729.414700857054
1868.0598792973021
4865.403124624118
3888.500772564171
3449.087583976852
1682.9143329879855
5474.7132697575635
5401.280564616994
5714.011765709764
4074.4932519056715
5467.80761774304
12625.797518524181
7080.884292526596
12088.702251400093
11190.756166455902
5438.248722331344
18313.977277827824
2136.8719794549024
8981.90391012195
11408.64162898531
3652.2542403515436
8553.68927046297
9051.861408347797
4973.893423237755
9580.546055239314
8960.243859312053
5743.618065642863
8728.986174160475
5089.559625053027
3188.194126760231
7905.2416797554115
8710.015329392514
7874.635619631915
19551.047409955427
16354.070708211271
8470.355191158918
7408.9185115612145
10728.072405104698
16997.72130541757
16314.609381885106
17342.20525401629
11351.021357964122
31989.16810684987
10552.837989593148
8049.16933013255
24815.23270533479
9498.082017992121
10475.064182964526
16517.225899743593
10280.208309852575
6375.146988256036
9892.052719884387
9489.379238320547
8901.887072681939
4926.331232404124
11081.835531520646
1631.3523666346198
2092.311768728609
12378.168551098961
5717.05988549556
15812.75010131554
14247.331551583666
15834.405955008648
12071.414004439543
17809.896335543774
11949.85344287401
10971.114969651133
7411.873338743362
12400.438553294576
11256.20603418008
21215.445332579082
418.4254452375617
5730.420217927531
4604.598902588348
6912.083570921733
17190.176216101674
10416.388472928957
6655.183965728941
4230.422788635505
21290.934666356636
7512.932166753503
9797.718129560699
22859.385646397353
4609.91355888994
9001.97145500115
7779.771454367113
11036.894458916835
10611.898558398925
27089.327810020528
8863.19216025573
12256.452829093701
8832.774778505438
11944.164870341037
5255.462524221511
6964.262095945247
5805.9944792144815
3161.6031290058286
27124.71857636477
10509.616293098507
15188.323864588276
15309.339832731868
9559.122981031047
12007.784206004242
9703.727788807686
7653.242156911833
3051.0185123931155
18396.66788838511
14551.863179063947
9969.802602440293
10469.212213046414
13543.89561817638
9380.411309940897
11218.729188152844
12135.840966459427
12597.008211176344
20732.137355950552
14409.369943045871
46434.897629922365
21619.453763672984
24107.72970214557
18718.393129743727
23126.481823042257
21066.247736156663
11533.809241124487
21291.369282719363
3116.7164427198595
7888.113371364865
34188.1252410177
30642.9923367325
29007.48705425689
29576.143526677755
15429.19374630488
50613.32679143972
7784.121644143707
20783.581981897634
11177.995183146844
15814.080005598858
13380.88461316358
7268.555275616814
18327.189433751093
13773.738772959518
13857.21090501087
13611.623364178235
14499.851509782693
10283.805661840759
30322.123803796672
5931.45065030126
21705.04079732225
30405.916233427917
34363.76525230358
34922.06384231477
9186.190594758955
7156.281045036393
1731.1295285973113
18175.09439432774
14715.525269394784
6634.179221486218
8102.391541682531
12470.616386160185
31690.021830564892
13705.958233102321
9663.74815761686
12286.002001163293
14915.475802150731
14001.16403719787
6795.420374021811
12163.202806898344
6638.2416778817915
9417.555585776783
6286.449490081754
1939.9786818076618
2535.8998724304993
4014.4040378531204
1490.9610544183577
5572.775366674955
1914.7171309417697
34708.30579163171
23924.876011043565
9386.10443049283
17263.08569382044
37329.08577962431
7085.150136208743
5539.013298120678
7126.397186325459
8143.882758816859
715.9188330793957
4698.295589063645
7742.5247723003795
7489.114249705716
5691.4959913365465
5811.461739569068
9548.592734338717
7443.286001192455
5224.738733623763
8115.970709013862
6507.428701590288
23723.090154746835
1405.1655427362246
11534.11818998745
8194.566084489317
10106.636084322497
11374.483388186054
9747.8701647372
7552.367234847608
5783.557186317429
9985.365499690875
27487.17377787982
4873.922964468744
8687.727218980288
7885.850264598722
4506.17095318382
10796.477607195728
8257.29346418171
2117.38684803422
2990.7987385066476
1438.826626912465
7793.561305891517
2148.677881032177
13855.847256920528
6088.895533135608
21390.155749712187
14698.932240921356
8853.048057423399
14539.361551733633
12262.856017313105
13444.208739363236
5697.8755787236
14534.810755161874
5704.285533532022
776.2033463376983
5900.163609815072
5093.870484814433
3448.250681122149
6340.4330029559505
4242.738609239011
1912.5279079867043
7032.543942196884
6229.6273359686875
4489.7946718623725
24668.24304371182
5527.795635658987
9286.25265722545
3879.7696926541157
8487.300048849953
37214.19541892949
10074.754960909664
16229.84443301441
10893.88185581338
10269.768804490837
3990.863161472617
900.80687754553
7090.883926950218
8078.408454676072
9297.468891278244
10469.449914870209
12357.367917301839
8690.329811608317
10349.51103397577
31660.195121875215
7989.576586553665
9912.390326062041
15276.918687466115
1296.487519486218
7383.549002172812
5504.052144029867
15778.45406842066
9318.470069916842
15678.479473136364
3341.150899779578
13168.904687212096
10058.968380019542
6600.562094398416
11482.721356719605
8727.755935529713
8323.248658226683
9552.204581561178
23895.157096328632
5569.783588208239
6690.725769383531
9839.97869050569
6563.850861104306
6143.701859009212
12457.156955127259
8979.198554650779
7889.642021994806
7416.680698769504
13973.275830856472
14663.886342467931
9095.742906314863
7996.424112877225
7728.293337505556
8754.935731891517
6277.103853577911
12312.49723909746
6046.989319618049
15271.636175718595
2676.767007717366
11034.808385763396
6846.173991814005
15090.050271589076
22056.839450919735
17442.63240663839
6124.171245803642
9279.986653974287
17067.066934484705
15531.84280039441
17214.37076825326
11569.901097019096
9035.22175656885
12734.360837591352
13877.932499373028
15107.284608444414
9103.768644038915
9559.648942620206
14933.949464611544
11690.15080312301
13094.404710215498
11064.037784318343
6720.883886741602
3405.8394421353946
6414.901698695576
8955.177628962085
7186.813928575617
5853.38434583919
6904.081277972516
6867.943818397624
6484.9868090316895
6606.575081100853
11949.250147307017
11282.507684681248
15531.418032606462
5249.085446572335
6309.306378728993
4719.68061907512
8553.334030097349
7179.360468428475
5986.061750151327
7996.723605721422
2469.3376823912163
9499.83615549039
21651.02895345145
9301.795418757081
6138.805023446248
6810.650348104839
6098.770671470588
7560.55114210115
12701.730979349793
6806.068625075792
12673.584109670175
12236.252895768288
9254.547773293993
8147.027939642473
10355.55469644797
8727.854811098698
10246.111397029534
5147.603024384595
8060.861477018751
15083.64551735861
7040.960980391037
11206.225512788831
6403.80759817953
18477.339979328175
23630.354752546467
4206.91237933459
4444.5803565512015
16544.131464430102
24435.861491679054
4348.924324501592
11877.322545101959
1623.194649514492
9516.931259087065
13975.875213433486
12498.080242853703
20635.42039010787
6307.4467710404715
8665.108097355984
17968.953486366416
5611.807538533053
9095.40873998952
11225.0013685236
8670.07933939588
16569.931941841252
10552.82333797852
21456.784015463516
9427.246032557076
4138.862298438118
6556.564158139559
8553.344446090521
1378.4410443826446
19930.32993097946
4291.216321845583
900.80687754553
12938.303541745607
1222.9966337053484
5634.120644444526
5255.867892384046
12687.54952695576
6828.812871593952
9570.295767123416
11871.814738429244
12251.554301284898
7537.543926509788
9931.979373866252
14207.915486712518
16074.675634461557
6796.4388149787865
8933.500451083633
6734.808775021569
11956.3420388398
11236.04437893877
4072.8312523314057
5557.8077571122485
14225.875847558731
5285.189900463754
5462.95959361899
4455.334616335305
28993.189695817233
17077.199469419385
4199.9063588808285
5927.067695993051
4318.705876284055
5513.170800258395
12651.309952356027
9129.361093041975
13127.61748595992
9314.947433439822
2914.9337628940384
3948.2989280855304
7742.423490162572
2094.206872947998
5158.9958063977
3237.6570133397718
1898.6341079733704
7246.017999753075
15969.679046631232
4107.341525845099
23555.498790802052
19881.112911608187
14025.080971054496
27536.873489238387
5295.219763875125
11271.218343861092
10282.60818583733
4038.6096487674486
7028.565051109744
8789.40445786401
16927.075275701
12108.081011968528
11108.347275195003
16832.774250177034
14098.496966367386
10391.956335589686
4340.161308063828
11054.869416772028
8435.920843502648
12083.710205377389
16174.46555513659
9978.835840580086
5665.767919645311
10147.337191051067
12499.389909232896
7073.2073329822415
22312.51971620498
7881.69056056983
1219.3529678498405
6607.069835774764
18485.78880148011
13624.012096847258
1107.94855349893
7464.287570661198
7075.09036385886
10040.079547461726
7992.086586987715
8732.796559204236
7227.78683063978
10617.208621601854
20889.70555640909
12427.28328257279
16255.485058729146
13190.010431697847
7611.056057607242
1820.408066143111
3014.4296248691367
13668.623155763762
12734.62436721927
15780.540785220704
12543.8619832468
9866.8340799736
10849.855027708516
12038.26033977138
7007.489461511238
9057.183778275028
7316.2602825343765
4670.466468051337
5594.30973982511
16652.734525680433
8776.411343618945
10812.49238729438
7792.075291892105
2975.7042297626695
9163.745679153964
804.0409146965253
13332.871554207783
4889.113376839525
8836.665754966183
5174.1532481907425
8090.441899961456
5136.663051178019
8147.061118065736
6498.514589975653
7815.800346831472
15374.737299998289
11197.894600582045
17216.93952164253
25725.830180654437
5678.891537733477
10564.850007214509
9173.902336977917
7572.373434362506
12390.556327119682
10284.922236753806
7379.228077949991
6954.960542279881
12316.952845691321
11545.614317353291
1811.1524082886046
7246.811650830107
6551.48745044584
7211.715448693479
30220.326307511434
6667.634620115534
12901.310060765802
7444.607878037746
6864.246344523463
12241.103028844695
6003.611553559075
5885.20835745152
7439.579946323003
4576.571481006155
12138.746247386454
6947.393703094912
9709.517706952798
5068.412949114624
5441.14789182921
8123.560991399748
924.131136380769
23632.91249318309
5635.797382238258
5430.867268101999
6606.2385753465405
12141.049459463487
24278.813038213528
12673.575122656785
21554.200461909484
4545.9268516978545
7426.618490266208
5197.8473197914145
6157.554638294876
5532.156264288048
8587.543767778017
5043.583690708586
6151.9975688641625
2414.010365336731
6096.708692667135
4332.036854360843
10039.487263702174
1473.2845557194507
4620.551493055099
3840.6191397284156
9618.282589821029
5391.807948394714
7072.0239426719445
7588.630420046172
7805.850953843173
4895.053754824615
10680.914957610028
8437.704259114127
6757.408647134494
10900.148713337629
1416.1235699138692
44534.19037815605
6837.961445407799
6970.755432342003
8567.421595484175
7510.859382673668
6821.952103225752
2669.183062141468
10402.371835896127
12412.398340450836
6246.953985562796
6462.268567358532
9619.390104067257
2997.4715956773884
1639.0939777639144
10556.894953687439
4406.932698210979
5876.671758339614
8728.189295268507
5977.076206215782
7271.428150698485
1565.6522394650463
10737.974657543027
7960.533318515325
5468.662628050158
9341.073393534218
10830.25689500818
8310.391431916192
7327.697500552482
3021.5110092685504
5384.684745342444
440.2488926018028
2364.9076017383727
3408.570112935711
20967.408895000768
10337.25526806879
13827.029458702595
16160.07524168782
12416.562155127003
4614.289695995272
11766.136802273271
4427.736029927074
13854.092573834716
12260.224363171132
12680.226194955032
16721.51611566521
10383.485900766063
12300.921676823342
12748.08260348867
5191.485471800758
9803.82320535137
15426.3296854364
13307.173368430998
16760.997021581497
2669.0796055898777
13973.228115239828
418.4254452375617
3804.956159582293
23682.407629171914
4400.045103778905
4866.524252184708
6804.908901561227
9558.942579096733
6332.965822338938
7019.631832297436
16446.89303201004
12740.203297823453
7309.396297770897
29333.665005761104
12172.021246804868
16832.587085592564
14236.864583072847
22763.873003195353
8309.04932799006
6729.444079258624
7226.44398753111
5823.898758854314
7696.229897148982
15057.295773596637
13519.31420335174
9838.002009235095
19695.267498198675
12299.144323592976
19893.976871731084
22965.396760366155
748.5275320675702
8101.821369602791
13083.175743679809
13213.492635657525
5139.1887437686555
11199.525661990838
17793.39412201196
12709.236340068208
17096.17604211254
9845.215669122386
10092.557850373008
418.4254452375617
17082.938198590582
8490.427174881574
9818.331811799311
11996.792882469836
17103.140863957673
12426.994635159648
13956.94901156056
19728.254752325076
23438.880710103982
3401.885136710481
16918.83429837331
8449.274000029423
10358.039035769134
4476.555189262633
1709.8420506244463
1929.2655978243056
5327.447592901162
10807.417813769533
426.06532801117595
1709.7672686141477
2937.7849085047305
2978.357193480767
8102.685737046083
6496.080646416522
8784.908422590626
16230.607527807153
5293.226150963993
7753.994535185684
5061.514460283222
8332.30188411901
12800.550235402286
6626.851952965995
8788.759542116124
34808.52169967578
15151.104850472995
11128.576643922834
10493.594716624226
11715.005471256187
11426.512462040446
9933.000573053527
13972.03631255789
10535.861428452763
7286.602652965549
7865.021593166853
10317.03512683077
9770.897504992128
3807.7568998373804
10874.686249987568
6024.3193075455065
7615.043281161089
12079.511245974032
2526.1861697638556
6012.840417677732
418.4254452375617
20034.93585976874
5983.107847457369
30532.184770084743
6927.818462076034
19476.293953548167
8438.895921180543
11587.115503657647
10143.204788107283
12378.735612845865
14279.656941813024
7811.19009628664
17902.361680213507
7084.939265058734
5893.828886778842
16095.701346857693
2193.9742285556154
2464.058908022341
4419.431250860454
13031.66049918822
15054.993767696791
12108.61370870547
3842.736869406678
3843.3578162121953
3842.736869406678
3843.3578162121953
15328.376573915537
19648.23948798517
10007.264015647203
43481.59981176551
24264.653823846507
12892.520575456972
17143.016355047246
16946.5446241934
13231.250579253476
14827.60899114345
8544.731991321687
14340.85473317034
22309.795206588053
13487.771048864297
8737.721147068201
11500.88966756377
15663.745674173719
26342.51017614931
10148.139292415242
17538.691428532733
5734.564887768906
17082.721654092635
5985.2380393455605
8170.1967741940425
11634.808205106363
6608.612062900227
10416.156522022986
11106.459261646052
6342.665889888965
9079.33784446873
6433.753242981132
8988.41917918875
37526.27498975469
20265.792493885965
748.5275320675702
12446.786928552323
8182.560706119165
8749.697496744078
47041.786711946654
7391.161868084472
9298.340738580058
9442.234753922265
27854.95792174137
12086.036973515706
7830.857025720389
10699.033195978396
4755.626815351136
2967.2311956768763
6176.920417228404
5690.665267760957
4753.0556541684155
4918.13534535856
11464.365766050074
5316.706436126469
21308.426223503055
1060.0511257620603
8385.426700535416
8440.43546799991
13724.06590427691
15381.389529166467
16027.880434412782
1709.7747474039463
709.0033789444757
9928.560947042592
20718.837359320143
14866.820639144242
20467.329720708512
14066.029367239436
1628.8804448103087
36794.495690394164
7189.782089099158
15338.146084057611
13927.359123716786
11750.436796341495
11604.704714338437
9145.541367488097
11382.422245774034
20281.714998780386
14207.568432084097
25704.680236113796
16272.774660341245
7244.944298978381
15148.055986314694
14631.228999913128
11475.353502176267
22257.87953495954
19531.837075244654
13094.105539919634
12306.33655454963
20730.692432004933
3758.604228143798
9569.840853000173
8720.957284480259
9639.730122379377
13191.468223423637
5571.632364779168
15730.368637210742
6279.875158696232
15928.54459687714
17636.063391655345
10213.712596345753
418.4254452375617
11258.971541190955
26537.496186464552
24734.42276913352
15668.561441953087
12821.222114821428
13725.221117916755
13720.563894145489
18079.78758917082
29429.402888487934
10704.709295788783
8052.005451645878
9086.893089090421
13861.494462871937
5766.78658871489
6142.610691507195
8019.813215525055
7402.862394472763
900.80687754553
5764.070964543753
5406.639602499
14196.90663246052
19431.296982979147
25576.46178112646
33050.958624176455
25759.34637748786
3883.3259654650215
2838.4474196707697
4209.878984352127
4113.43246007657
5933.222492520903
5098.746955484472
4460.063341321121
6590.129872226217
8263.561931447244
7489.382353704669
6240.869659435138
4148.969814059693
2063.3857255790217
3385.8280445374903
7128.481748759061
1841.65179271084
2730.085814666194
5688.3339838150705
4955.437342118861
925.2798784401505
7501.13692610139
4288.16184111365
6606.507548240213
6087.75340588945
2675.050328195332
3598.0191499065886
9475.373527739746
15057.890772968294
7677.923414522997
2817.6949705256316
2979.935324319262
1058.0173386239576
1997.3790451743243
2265.33622016058
1405.8954821940235
3217.1788338217575
6300.647394319429
3561.9425646607774
15373.372979929942
4132.627604291516
4363.147095162462
4308.551394355319
5890.6004891963075
5689.275666905057
7582.936025333479
11994.902535893596
7823.00670390778
9299.959267235248
2270.349815931123
2589.658391986719
10459.709937480777
12093.711200207697
3905.128752290874
6428.692474739447
2733.058083474657
13726.294222122493
804.0409146965253
7108.060895345183
7982.053192120537
33095.87192393982
14974.32239436306
13518.053504583277
10409.789109654828
9644.925253272031
6483.052182531379
4894.760326847957
12802.96157590764
1859.627738610031
4764.734912586046
1755.441463472323
3804.9919400920267
1388.4371968985743
18856.285785915654
8047.144809284158
7666.549281959384
14072.890973545349
10588.533496391263
8829.530446475539
6631.142826118053
7767.614886325907
11227.272468122741
12212.855241044133
6890.030196111188
4697.3014685409335
22492.056623345055
7961.848205818419
7932.528216097685
6696.174686603592
9967.123098744085
17488.849568528018
10099.950549642052
9868.209500334275
34773.42502194262
11708.738506661648
11558.55801839517
11311.505373714963
9582.050039528775
8995.587400727793
5975.770031004741
7907.408311291691
14514.395721881609
28509.281256893944
10787.268567830324
15647.556579329781
11131.00662787164
13501.883436501774
8726.81268467635
10121.934955598985
6326.349749654803
4209.0732981932515
10130.860567364994
12647.709762726285
10536.683582428293
12884.26830497114
13890.626164195206
14171.978480685713
5276.297549740183
5376.274354556248
8546.203006297004
8652.305364487394
8812.782158674074
6095.951764224497
14247.91340360505
6412.052037749253
12977.775587578994
8199.564511814377
6796.228327007479
11997.770369465781
839.7062831207668
7683.064981941882
11121.143841347568
5456.549717186703
2660.748259643293
9063.880420337538
8423.552917584553
9456.803172429365
8147.008970571423
16138.328016598663
1617.4263813296905
11155.714235006913
12442.80376419957
6737.972005981204
7601.064709892127
2843.9720646402598
8167.673941796833
13343.722131247447
23506.36703664991
6056.898744450417
7494.931008747997
7280.90784776581
6438.653580993982
5460.8255996823855
5691.150378509619
9898.259555901821
12691.080395601415
9184.729782020451
14171.087488135487
15679.81057358256
8404.447154392068
11687.991172892373
8346.933091397797
18730.361980525246
9518.356934454407
8758.38169674799
7212.108798209206
14372.86531667757
4898.68200646815
13425.290006996196
900.80687754553
7133.804853198197
5966.7221322424675
4844.852176931268
21737.481278991454
7349.0103965320595
9210.776230722944
12117.777121017385
7465.943567395259
9915.55942764373
8496.168351245731
9968.815582948859
12697.886098201221
5673.507370817864
10610.162993056767
17435.870100228043
14264.445644868374
3984.7254868902987
3728.040470141601
4484.4432118205195
3083.4172434945744
3510.6393595996306
8374.950777814818
14964.343653052803
10326.328515044266
17296.15139256114
7491.84683337267
10492.122355678604
6302.15165384541
11311.732313333416
1821.0667604869952
4593.789517123563
15585.097653304561
1375.6240585395822
10350.838802975304
7445.355060049584
7240.824687441768
6392.001241913602
12043.00437183551
12011.905111143518
4685.126099041301
3528.9023522566204
5326.322351674603
7047.080712417655
3691.887293276199
4475.548251778916
28387.686247872352
21556.637081224035
8770.027394161218
10873.826560175557
13509.580939440275
17735.805085567306
7937.381411859972
3429.1975157645716
1898.6341079733704
5615.039832277442
46225.36045392454
7777.524256059182
13640.65817958005
15609.39929233723
23772.217399213463
14267.368666002529
3404.1567564252414
6943.285337656875
711.8177561674931
5072.772408444357
2254.3592648948347
2787.3067648753886
3225.5046521316303
3206.266676589831
7459.826441083333
13147.376268324691
3583.0458558975165
7280.257509416356
9540.886073167896
13958.472133289046
10221.546478799959
8186.696124154204
3522.750076346029
2157.827638866002
4327.619327924103
31649.66525215303
6475.643533053265
11761.661247413826
4995.1325841074495
3679.5033052140598
5049.131744569729
2479.4391211974694
12204.414887617324
3522.26753741364
2651.4727896359923
2114.2166311091387
6857.727553496468
4515.2086386839055
14501.67178912826
6811.12414496579
6297.207317096625
8194.191683185303
8576.779459931033
8067.111440235019
10622.741153776984
4286.7406003866
15513.139258792791
11655.572071269882
12457.504251489032
12628.84528518546
14210.183197803179
20253.254350907613
18007.14533903912
7461.648268419469
21713.76086134567
25794.608075754004
9023.920610009833
13479.618691216068
19034.222089040024
9338.370199882498
17104.526953799694
10654.733576174836
11106.063248381084
15763.062222163155
3890.7647918635075
8181.2286860129525
6473.849073057056
4533.780500573392
9920.079418011775
3774.6873436988676
7928.267443094826
6952.79783447781
8523.92781562388
6168.009391626704
4853.802183712243
4981.402823630306
583.2148873326071
13602.498286470061
12137.522112733985
11600.69175743284
8373.903162117736
2316.547390515549
9431.336154459908
12363.297673984038
15139.440491567582
10046.403413769018
7057.87568603826
8000.791097499882
35604.5830566958
10345.00352797637
12393.660771010342
23777.20570872837
9114.283014764727
12775.37999752389
2656.328854520484
8998.239520040546
4100.693642929419
5382.773343815914
11044.898194527426
10092.747736062278
21763.694306272635
7291.746346443352
3774.2215076301422
4558.133681720744
6605.192320440151
5212.783524998824
16961.20367852852
16979.617281677194
5445.98494864974
5379.754144346024
10572.027334819295
3656.1289953064247
6746.639465226416
4138.717309618273
5530.431915410667
24649.17468909604
7029.286169614235
6191.324839425105
7303.70854916398
11952.675591177163
4028.126641308353
4894.201118319823
10758.005171737286
10560.426428778406
7023.835323625933
9670.614656516762
5707.073597641997
9483.246655982024
39702.94692728874
6596.920554881408
6526.589156596749
1614.796957233665
4986.171975086633
1988.8053966457387
7657.8845265670025
4526.3471366810945
7096.661677400181
25168.76211967816
11683.750708045041
5807.610840883455
2924.904015028464
10415.07630194367
7497.571053058328
5724.781050753004
7283.194199477803
9316.179286414777
21308.73779628683
4852.253897218382
9604.673164643558
6566.352948302048
6838.202430625669
11288.01919120893
5482.35753330752
5199.279429413148
7894.4366784944505
9380.257953375809
7253.519909620722
6584.7758392523365
5401.211490782994
878.617210787863
20074.1556663123
6495.664775207422
3705.5123848095245
6206.897988321259
10108.191136023233
21267.045766362226
10486.564536679727
6823.10282775869
17770.319801929047
9584.476368100264
6484.2325511218
8312.52599674696
9955.81729236412
24608.5837554089
5647.269795199457
9555.143833901811
5040.627408090488
9656.392415782506
13135.728231259693
9692.579699287404
7236.161397173609
6309.0834323342715
8393.16815644892
6002.7170032122785
3619.2480477886215
24489.45214050998
6352.956829827552
12939.192582817466
10153.936857336135
27868.276315897823
6104.31971270953
6780.045011486614
7283.4500521634245
7443.902654419384
8158.615658404623
6105.894788691127
900.80687754553
6580.144842629381
10250.699300848637
24016.73528154983
4188.645149695809
11645.983562182075
4687.243381220257
9853.497424872994
4925.188694994701
6174.606316793632
8234.282284593462
16259.621623353903
8162.595172847465
11397.316620754798
12796.630890483364
15713.467112233751
3465.963434333492
9363.519591122571
19012.738631944754
9693.400530372128
11670.744001905468
9970.380053898984
6245.907737003227
23396.6673496827
8836.87592692768
3544.5433386746204
20975.480384736704
11260.482138115702
19861.799557888593
9169.651238146178
9557.965110786445
10885.100092008393
10588.66002110162
23818.3248900382
10413.445607941858
4217.27433249246
6949.352609604267
23984.07216941227
7692.099076335949
10658.014915530392
12902.746842596276
22641.605071330563
9817.558291887737
11238.74258808964
8954.774889522163
11530.76184766778
18163.68586253165
19161.844605710532
11251.563096433903
4856.33282012499
12178.0143814119
13463.726013852065
5034.65254581171
9364.013908353934
15572.974503600202
17304.408404730864
12474.399413760288
4808.286895813967
5083.129250437268
1755.339002256289
8062.970778355435
427.1421592183548
8454.17740718294
8976.593645657098
31989.35568007249
21649.983599633895
20164.351831875283
9097.705237475931
13101.106902603879
8234.959788665234
9918.84012406722
14832.60453509119
6650.787737995036
10010.131052256114
12426.06576701885
1602.746406047274
1258.534378718468
5252.198528950019
6510.8898389410015
8611.418192375762
11907.136394579453
3624.358089038739
11559.05736227072
10848.573903490496
9047.659407583196
12848.302272372288
12489.222470809453
10640.93920855607
3636.1312620148105
11209.675812368863
15641.922359201344
9491.315204226514
8599.256985591399
7936.310848188974
5605.471412440354
6958.127095093453
11512.52094058341
7810.727020681481
9286.81481058395
11466.693574560699
11078.537723626583
12810.550617177558
3595.8857417947306
9856.716854256629
12307.208391758497
5367.979887277528
7398.982992263015
4870.791866864752
11710.40347656652
9656.430550385448
14581.29942184991
18650.98114635903
9826.366196170598
14907.457199685763
19308.302984994632
10268.210064400297
418.4254452375617
5429.777971846396
1541.2088588804895
12472.688079681826
2859.6354356799807
8122.768690743818
6826.656420994923
7728.0561593415105
11058.13397636394
8327.496768594616
3402.867417843749
5034.0581212021125
7079.323668969116
5576.088721696461
3252.2755391691753
1443.8267331204452
7384.019740977371
9690.29987881835
18448.17691432416
8240.967255349546
20601.055746361788
8303.72112905469
12350.633020590956
10768.167325329998
27116.708157170342
14951.4048113374
9762.170954009123
7582.029112903738
3936.845624765698
38961.347372633245
3730.366536891609
7897.988660253103
5820.731435568091
24021.764436119123
4114.54134584665
8407.99942451322
8744.369787971918
8436.107784425809
418.4254452375617
3216.1407619422844
5141.714048558427
6432.663647274212
11136.39848016245
614.5416904207577
5368.8804211047145
9525.804974936887
801.395864454846
5079.26151033616
9478.272262865336
5538.987316610522
8145.272147418825
9228.754552523398
5152.159475515791
4788.3368084040685
2174.824203586788
3534.066035124952
4774.256153161501
9340.603932218917
3584.6822593845504
3354.0114913054017
3841.302805050383
4360.83085888384
5669.687657959183
2399.401082563319
3030.4380128200155
2920.0964707912935
3893.9525162300124
5737.0134395216455
6984.173480851924
2965.6123568643866
6041.56335586597
1945.5081483221456
4899.476077081862
5452.894682183222
5003.520036885293
3530.164236023898
17368.971100697494
3642.269569931893
6417.351346140708
3650.292722617702
9617.010023499122
2321.4535457125057
9450.141463678887
10328.795660402657
2919.8552635338256
4182.063931244555
4230.563266225968
17163.6682581008
5792.292508086298
3939.5567004738023
5528.904081706917
6012.358048125274
4010.1143184391967
8722.854268316947
7873.940746532559
4251.667737248552
3900.5730540104473
6660.595809753847
4679.419999334281
4155.256430578121
4218.94379449208
13685.404293976018
3383.5313442842253
6746.202956862676
19098.526245384743
4024.7957649743867
2317.97786303767
5617.6033084676055
7707.010192616225
5218.664813124033
9720.48917654712
9121.926711957578
7602.634664424655
11454.644263838625
15299.704479939124
5550.937248187296
3756.4107200021554
9360.056163404677
6427.3975685858695
6965.430833243004
4811.364617649513
4207.978002719625
2394.9947403037813
12711.89325215395
5965.8703555334905
7805.295129266459
7075.171672274855
8266.540790912797
9518.321831415686
4150.632154507034
8148.908434198341
14690.134266623916
6375.017974750296
5887.8458499796
5063.529181683594
7762.112552495055
13878.67918982094
13297.914286062909
15960.58794669324
7442.463108017052
12586.520643631677
16546.94421373241
6203.0700812453715
17187.738015255225
8599.024412740877
11640.311753999607
1875.4101587852012
8289.036734340309
12918.535602250757
8878.542443150667
8733.863846246079
19881.94909358014
5797.100647440768
10075.54110644854
6959.514008668901
9908.578928870502
9900.939334673989
9548.645952069248
5663.151513036793
9734.562552303238
3745.0168421367584
12290.468304442215
4451.571364609456
10429.050283177397
5087.626184088387
7736.124803563956
5136.178847638972
19938.35842995098
9185.046121245794
8361.039396233698
7591.701245573071
8019.41075311772
12228.794658537363
8722.566508701397
19208.971763444195
5992.228061734854
9884.088562613695
6053.332856745892
8666.405178011106
10146.00464625143
11117.526388362166
8608.143142288425
8782.762020243174
19178.287869495456
10915.986891625935
10425.823610698968
13772.427354690906
10350.370969688185
9962.010417637817
10147.69894654252
13576.47212165657
9505.621875410487
6921.491852722208
17616.129928164628
8218.417823105703
3642.5274522655504
8584.408930186735
6357.902556207892
10388.078947019529
8162.557592544126
1881.326901691197
11974.846465502433
6789.178115204991
13586.817073326063
14649.650116493147
46042.4731812495
21475.739761583805
3008.231969588058
8233.626196451794
14830.64175766789
19461.25069303256
21156.062824360197
18928.24445094501
23249.2288058221
30091.514445550943
45122.41194870761
18852.380543866897
5920.294109400763
6371.9433020006045
5412.780960323391
6632.1940271343265
21767.101464619267
13059.75944711933
18400.583437221598
14872.323884974063
17419.0078015349
32526.735983152656
22276.060923244087
22661.610110411362
40089.345709893045
10679.203292201966
28604.69968789944
26957.02051477613
26143.217937124293
14257.712826716594
30083.269372966955
11191.395144548214
16815.264503299342
15894.736078892278
6189.021840871264
5096.778246608405
9665.162183438659
10038.187891503221
11760.564399801438
8961.94153430482
14700.934359775909
9225.606670437815
17566.698212759205
23927.009974876924
15930.422528415973
15670.902944964753
15156.136779497328
24987.14051719499
6228.555847881214
1655.629651831209
1887.7721274584112
721.6227268004972
2894.3553397600085
2539.043856998066
7253.678021311444
4543.2755111650185
1637.7137617997957
2674.218808898007
1929.3689257266144
3864.931480111774
1243.1382722857945
3702.9217954968417
7415.2572943334735
5734.4637467121065
418.4254452375617
2872.677699061595
721.6227268004972
898.2868543910716
967.952310697736
2305.990737281715
1476.8865484613423
3483.0391204616126
6013.341530420628
2866.8346645866422
3123.207132797525
2001.465564063917
4124.3493436924955
3607.9717548287676
1779.826144581247
1354.4679416521597
7624.6455453711815
34364.14313905489
3401.80671123528
14441.767226140799
12149.588802774795
13351.693386119932
2598.8285686767144
13777.703262186415
9739.052905318933
12277.324338890901
7985.145475465307
13929.363380648338
1960.5741292682624
1139.142357397953
16563.430005856215
7464.26160524379
9621.616621102125
2176.252977445057
19141.58243971323
7193.536418217064
13239.593957289777
5959.310567550005
6420.132808593606
6858.376753202401
3237.733225020151
1898.6341079733704
7256.501046322085
900.80687754553
7132.5569143736375
7492.277737808225
854.8643026762458
8884.322252769622
9666.390503894872
4795.037409970095
4651.651527218031
4717.510993199687
4929.341166058034
5457.961211689933
4926.537788256589
5274.196718720151
5435.678199784473
3486.800482914475
3922.467583405044
3220.6448489444215
4588.027296663708
8640.348177965776
23642.517777635796
8064.056931958656
7845.944213895928
3365.9965581852675
5380.814787634539
5090.7246663659225
4694.844766749755
13384.896743160487
16913.851208573484
11731.566181806893
9982.9073894705
8353.186431007556
3754.3901385882905
3903.107061685702
7786.729600333188
5104.392203514027
1359.091866745186
4184.278415485816
23059.257958399536
4724.98742299349
12089.53033857177
5095.518806825101
10937.138383098698
8942.944753659782
10248.429204935846
5262.636763446853
7663.625832949995
12575.053244119343
23847.856616848294
12139.81471625966
5905.832013320534
4386.603745041063
6173.418706075113
5039.611195082836
3374.910547685098
16551.610545912416
6318.372466343616
5025.385415864243
5006.802799419069
13394.521383246478
2265.4755684096517
3330.3521804526295
12486.721510954223
8263.428604788403
10463.322860403232
8424.308654656734
8461.163710515155
6965.55339434833
9729.744586397666
418.4254452375617
3841.8508908048757
19964.785314596396
9202.988742427611
11852.455816335147
13031.898460308914
8814.172586615905
6363.023164424034
8262.37855515581
4409.777951554659
6793.292401175903
11533.637952017129
5234.172439774193
5522.460068060596
10968.749532846403
4257.35733877108
3761.661382194084
3723.156898313087
9452.169556542307
654.6067874195038
30141.05250817192
1605.1915557062016
9935.930248540964
9624.334485151428
16147.763996723685
7169.783365322174
19372.54667336521
6990.762475367271
23063.21730851397
3684.377805107013
4352.433634056851
2814.146352139324
5728.899244528942
15864.64299282472
19163.20795305536
17915.086679368185
13847.844213779032
4695.448861859772
17030.862652068874
18746.200595082675
13599.586525218618
8466.61972894974
11586.896223347305
24968.06267641664
5742.690819758538
10715.550480024354
26978.550791106398
5867.89828928591
6781.409336428065
11016.846461534935
5259.614098284419
8386.139005118162
6121.628375426513
6014.8680727506435
7373.641326480159
4132.3760098822495
4444.500342429384
5296.359254555368
6962.903986007439
9348.831524784102
2835.1947778114004
7514.334276773491
8478.136130014907
6209.823493866175
29782.20581538206
8250.140960209206
5690.510572003576
4466.393731792112
17268.05969520358
4806.500568142921
6929.637950936997
7267.787084083914
5856.436740170652
900.80687754553
10601.683142708775
736.2382688363418
8383.463010365114
9667.710506118314
1819.7912466960117
3969.133674858816
4456.548015933943
7171.068152413907
9660.763800372364
14611.524727351201
9696.670304746845
6729.1304867904755
15081.270362311401
4659.645511764549
8625.041516514317
418.4254452375617
4955.5858601525115
15615.168279745749
8561.612031878602
5927.061657233289
10097.972070832202
11370.804991041725
10925.558526418195
34139.53892421003
3123.8074683967366
7121.8498427626355
14543.531626782647
12422.02888483477
7692.105055335
12754.027744891831
13072.19242057619
13075.213308016004
14325.975339060407
8759.151845667599
8828.51185695507
12026.598561651
13253.009786732442
11510.553609403109
8199.451348474618
9909.605798490935
6802.6708307230265
3629.663522952018
6617.647795234124
11719.1530135281
13621.792171130313
19502.359060313072
2327.0948668414617
10214.643128234678
14089.541547996256
10312.643669363377
10073.763591147796
418.4254452375617
3153.9805178732936
1416.1442324013087
12629.093283187116
12138.873661210413
9381.175646583322
9136.760626374898
24162.916019896165
9631.558670270539
17007.76817438485
15155.297680863327
2380.691935160025
22864.448333611857
3253.938321634231
10028.81581541256
12720.330297030065
9788.9121159847
8498.384870934817
9093.019139668893
12420.449441993973
7441.211420947219
7937.449276792812
4562.801453004519
8548.175656779584
13544.111489155412
9007.866665130536
6262.977192084016
8207.592603432797
16810.81228412989
5007.096413323408
7576.2523074921255
19009.70533344499
3277.5632503847983
7849.9036911050325
5868.827734586343
3295.261795449978
1898.6341079733704
7572.784827947586
3112.387836986374
8936.289883482204
9112.611650810206
5496.150392067243
12540.65549287131
1223.073495149176
13286.570242046371
7054.867819615575
20556.600022532548
10543.465185618572
8596.929447798642
9633.37813813072
12203.279387992261
11532.357823613273
9477.418099274339
28684.14363328971
9358.141947282324
13248.101035677872
21150.570023815028
4018.8675076777718
8982.402315809091
12948.063702617157
12873.715391091302
6497.8273158777565
4187.81551911174
13146.558674705713
13641.519479524308
18358.3838420179
34138.00961232679
4501.189725448917
4994.046257316272
12377.838518090099
4895.757467818186
1798.9186783406212
9409.594004303975
10617.89335549457
9912.767168662709
9746.090709712256
24826.82057289629
6549.844998427994
5842.302939306709
4962.240450759615
5807.819935135192
2981.4066176062606
4238.424392442956
4456.460269879861
5694.98338264175
11131.346165295154
8372.452334168609
6209.673374447568
7605.363792476262
4560.9444366563675
4947.403192746445
6098.858893157501
7402.211918224695
14270.479245631255
2474.8086831997102
24230.59651528342
8911.93478765444
11517.666632773824
7266.953055529801
5775.490893605587
1574.9241556261359
2798.3899136099258
3786.324773705278
7196.470784450398
738.2626473382204
28326.595614467362
6259.426339226124
18406.446818918812
4571.533731296681
15770.659320316372
7205.60187172148
9504.137261237558
12891.653977358286
3777.230534714524
5282.882115494665
6568.096438515959
8098.793739238483
2538.253618186532
5219.139958524047
9599.567025692117
17989.728424781464
18444.675685261518
13316.459694534427
20698.87470703361
19866.113168184118
8085.458111997398
4233.716377550837
3385.0850792067517
4298.880521422018
9251.422399779662
7658.048931066658
23434.885964509227
5568.293689249769
3811.1896780683837
3815.738384134436
4666.707854039987
6494.485486991088
10862.62875809776
12453.955172904076
17092.337851089193
15100.187575801276
20842.39380049142
5836.086790423721
10256.704853932964
8381.613155103449
12713.531881997988
20436.712613682997
9425.22544163624
13030.131677629835
15295.613258913247
6693.547652914735
21751.679478159098
8233.13292316533
10094.903329659874
18334.64227631852
13031.27506973222
13171.029187219678
8624.691742286426
15656.944642572993
26401.2173787517
16691.352463561794
9781.756219049013
20436.376522879447
27722.367328838725
15216.982868478579
3390.884550596024
10642.696231440272
9321.803625681328
9071.5697130532
21307.669577324774
9010.29215687108
13905.363954555209
14847.754252822577
19343.165561183225
7960.218548424928
8736.768993867901
11731.851512172534
10484.11762922636
8657.392288750647
6880.49716478023
16107.253453913263
10387.103339860962
9141.888074201479
16448.274926493643
12925.288762621172
10469.758979315968
13607.09417727173
10106.947228083036
3762.306170775209
8419.178556025061
12563.49513871671
26358.934554304866
17522.36073136836
10114.265743201258
14645.282143895782
15367.304632224792
12843.206822550697
12114.14818873426
11441.193206210894
24613.141127065635
16145.354410628945
22215.62698680372
17624.432346197256
19361.312229206593
18356.404743720497
11092.312525027533
7028.396964102142
4748.657217616263
3219.579495997076
33373.40860278704
5571.357447303121
12828.745304358676
7197.593761156889
7557.67613059316
3657.5864979776607
18745.580459487104
1655.7993499979113
10074.863590985045
9280.317668002768
11243.480866340951
11559.271194113073
8180.513270042446
10502.516730055351
13546.700583334754
4358.616010095736
7923.823201614751
4618.81913752082
9199.1583831676
29960.410304390167
15216.992123171587
11260.394719427923
6759.891967800219
7747.555457306067
17323.04230341897
8877.025061844333
29121.422819203497
7916.349016583499
14886.609476127098
15828.774066560107
12813.648661186706
7628.993525056559
4181.537406646659
10835.635977233847
10562.232386214924
11246.490136003455
17852.277000400543
7022.652475747871
13495.412810274003
6192.187203182288
6920.68214605701
9048.561737081414
26129.347046563526
10818.297825147945
8317.727365418046
10714.645939690337
1728.094329286654
12230.983372329747
649.348060687926
4526.122848659555
8629.263153096586
7429.483208047565
14079.268932719586
33007.30460364881
4074.231796099426
6417.583883891402
6302.480843244277
18022.232345473327
17378.118236345665
22304.133892563288
8342.754934322547
10610.795938558585
11858.917496690097
8253.54076374958
4818.9987762044575
5255.503295952971
5331.7140702641345
5135.647516036982
6639.789665880141
12896.57244793321
19454.845813612195
3305.1546939943573
8341.10423692901
3228.6325701535116
15668.667282696479
7644.092985084632
9815.774442300395
10503.968486285481
10852.455850503955
7520.785501508115
13478.80489397776
7307.535380229063
1566.5611393431002
12286.701189633804
1755.1538039114168
30537.47606722231
10707.649524936964
12859.189317963735
23467.97121321137
21032.229343209252
14700.023746344274
3295.3393396107317
1898.6341079733704
7582.901425074144
9448.679772009798
3124.3018775382234
3494.9470690762823
8395.47855404254
3651.972330895238
3184.118520617291
527.4024802582777
29282.600402002747
7874.866283556548
17239.925831228764
10142.544158692788
9148.261285723307
3097.3841299317355
5584.106343949445
10662.206662943718
12575.781202900525
14005.699375996614
13324.38799416742
17840.95920243676
9822.145602263543
14021.443072553877
12666.179815930569
5869.989973370013
11505.727539435216
3886.080346905256
10258.940801142546
10019.671596890606
8493.244916390999
8538.221160236693
3603.377006559957
7135.649623972598
9374.599141366816
4462.912260238094
5209.71553468581
4015.2792712841456
8176.701597320412
10025.240521456002
6847.82910731996
3806.5432188272102
3762.1913459576604
4003.0056197942977
20424.722378006838
14449.216051970478
10963.159519839168
9260.149670811632
1808.276062563775
3779.9108870382915
5324.4097272246
6982.8759644359925
4200.371249713137
2064.9543413513375
2493.0823411051715
19505.090114627877
26176.788737962062
25430.349228085688
13523.406557971715
8326.959239472166
527.4024802582777
418.4254452375617
46572.71734831877
34102.323630274564
6965.400757827105
5911.290875412082
9710.430065084644
7207.615573470611
9819.080887001832
7710.946351543803
7805.52865253088
9442.636046775096
7328.654642118951
12586.729622207715
7155.590016677495
10551.020007240582
10731.072520393041
6540.094614672761
12602.062973454735
6354.090620105895
4355.836891479385
5156.363423546249
9949.086331432867
6316.636980580476
11688.299979992576
21287.190117913946
12714.727227284664
21814.907269527703
22938.939079568485
21279.408617574376
7011.91039960232
5374.928750469685
14708.296785334987
5308.2741467938995
17953.354767107678
11643.591977443171
8353.742511007902
11590.930585792954
1600.6070136516705
1731.1295285973113
1587.9389357613563
2357.863949830828
9761.98015074669
1731.1295285973113
1929.0462590782636
3542.8809382836043
3050.965147368961
2643.757267081794
3051.5786026565424
1820.408066143111
1731.1295285973113
2643.757267081794
7746.033108402687
6839.376146819765
3350.5879842275976
1187.6489893361515
8687.985575217423
6706.506617393853
6134.02599484269
1690.6248806276826
11922.137745969529
13891.474855821714
27809.460374194885
9586.997003865266
17531.108904465105
21846.504796832367
12447.052147422102
13335.214306137195
10383.399867523776
11429.080723306239
13722.92011045224
16021.274580971902
11138.285352677265
13287.438223746844
715.9188330793957
10933.797394152492
11100.222467322383
7003.961608651972
9656.686863346638
1446.3057665718702
10105.299734014516
5508.658405278468
9771.298300739021
15091.73811805105
8727.498495246951
8042.365712037548
7618.234781851564
9396.117673107094
4482.073555217698
25659.64306848091
11086.608002076819
11071.543106842986
14617.081744685709
12232.784529520983
11401.952009779547
6705.355123414823
6769.352009300999
9018.916136003965
9840.861106540788
10494.246705963913
8063.129294550277
20861.257943153705
6251.91917050905
3377.1098864572036
8755.944281417085
2642.464898841322
17926.12036704859
26016.25714991806
14849.035145299085
13462.056488753944
900.80687754553
7254.797188594809
2816.397803375949
8997.76917756111
17340.915315441263
8609.462202026178
5560.169254961292
5800.653026600938
29030.9820250257
6821.759332558822
11478.561675496809
23710.893152290904
9378.152949910778
6844.8301404310005
7783.56928248058
18562.225294896292
23548.117823493383
1416.1442324013087
7435.1411796325765
8749.267758146787
11129.769342965834
7417.569901883856
11300.771672740773
11786.924881138857
17609.85135260955
900.80687754553
4388.302872224884
4751.609639149215
3705.348446385466
1898.6341079733704
6660.931979834185
1296.487519486218
11888.775246539055
12934.288159360714
7842.433102235232
7493.113672404116
13266.955432800069
6846.946972865894
9372.511088631516
12167.93173293278
6301.625601679532
34284.22787568277
5305.4364839436985
20776.81117841018
11521.32429721199
17190.734385799944
5478.878250389519
8753.480195022736
11613.856394492575
8102.1099494883665
16433.9794527323
10667.038766840173
11619.158627492974
4453.069671561901
14527.328133116836
2388.048019097644
11927.728034860718
19125.7923583476
15469.933591131858
13545.724105983116
13339.005331832912
9537.979385755085
8999.166922912633
6821.485355620334
24798.414159667238
17035.33960681464
22330.102132175747
16004.668154691308
30703.150343205187
42024.08723383524
6978.416276166824
8783.993037100952
5092.906246096616
7380.582076619861
10890.132127156285
8800.08992015086
8875.790086852281
6477.805756563462
6925.8875522624585
12767.697931928566
5896.045374144724
5166.460472623134
5389.567893753346
4578.404036271866
4793.631950556548
4729.639611527625
4232.404397986319
5856.2157701843735
29758.648229894472
7498.972381106641
4435.994048863841
5301.92162007367
2445.094233978412
9522.74947237509
900.80687754553
9743.987999538065
459.09158381238535
7751.67297477706
33463.68298081853
5786.0495495869245
6163.661049747279
9308.279451539565
7787.053646220952
9434.025672676378
4469.97372835587
5035.4913430139395
5324.222188603479
6087.757183196783
7730.549072983186
3169.8092761158
8248.783165652345
4348.1717300158825
26227.530362594753
9802.292186199857
6299.520783242635
4379.044556794873
19577.93459398554
14434.24068203253
5541.2587895389015
7214.988740455851
17143.206793851776
9618.181964496342
10506.683534458385
16113.870319727963
10743.057090375023
4695.448861859772
16202.047112072732
6974.1055384383135
6307.4551855991685
9409.267608115655
8933.509746421583
6527.683346299581
20521.358175652684
2924.904015028464
6152.720644033693
14128.90878154311
13391.023566603653
14926.628074041757
13849.273855325631
7596.051502184337
4506.791573392626
7313.930202140115
10008.485265512503
3328.5273501639003
7245.5948087719935
4862.17742558249
8402.054649814185
7518.416176270116
3469.6169264444497
11877.062793143152
13410.805458454657
12315.18824757742
11868.904408943556
14532.188448263
7594.051316205942
3856.587628717387
4401.677887929734
3097.1919530965606
3033.566041568101
7656.195922950959
24066.565700076528
13929.522590741166
8729.043924728216
14028.92874044122
20898.1068171823
13988.135542775877
8810.176210089003
15312.412166985168
11646.839759510842
12889.979968661057
20439.86280187246
15156.831292663444
14188.89032480173
17834.70078575582
21371.284691466884
4087.08017437108
14399.36614845402
13041.07402827931
10385.663522087554
6619.6138710912455
8533.458290376298
17168.88094069444
18210.48790451826
21934.884305766027
35019.332550369
31454.731175928093
6936.636133259167
10511.699843553997
10530.275826697725
24546.250680575886
29773.903509468524
37745.31332763282
35953.48525241392
5982.44865337689
20371.61836562822
7114.961141916135
9265.828344666175
17149.648949451686
18287.092347130176
28145.074214982134
35535.718048687144
15267.683338026052
14767.81550239621
19445.1505884925
6705.660499917086
1837.5769804634963
9982.910062626783
13521.933912342223
15305.368632252943
21791.07875948927
18238.81347142454
16819.85652092333
23009.30239796915
19670.394676183005
20234.219775000423
2803.9180806976433
15623.991891884449
20248.87914967699
18801.44040293131
18336.573506667846
17354.425513134593
3245.6224394643646
9882.047738306974
13024.783493311053
10814.585428273558
7974.565239383501
12286.638070827872
6517.648011767801
4049.854691017087
1371.1302231001216
8619.29476490803
2358.975196922738
2628.0780093133335
3051.5652718339193
6104.380053073008
2992.1307203946367
38000.33765662962
9598.353253959132
39027.323162014145
7223.641227202332
33518.09860480078
21275.885053910835
30602.15803524756
7606.639750418567
17064.79069813908
1653.8334870387264
11755.18785803082
6488.619558206354
34264.4258980453
10195.589802287293
30943.557862165322
16096.216067102858
37493.32594068504
12417.297079271599
bigram, add-0.9 smoothing, average word perplexity: 8265.797109797302