24865.634794703376
2815.2720645653894
12648.640845701844
5458.054403886892
28214.59059857011
2033.1760593564168
11437.384596886957
8153.007370491477
7110.433595383611
5692.850134170677
5457.949326203522
4150.69404697459
8693.531292828122
3670.0857798919596
5835.255021263077
18329.785672527934
8058.473555733487
6454.875811434606
5146.308053130025
22890.11278053773
11593.523226898504
7454.816210099401
14184.107459887571
5914.6321409163875
5339.045922356524
8196.393299834432
1535.064414698564
2865.1158766333633
2589.289142734046
17460.416105412452
9849.490453760689
5361.037494505109
3693.074442667148
4692.520897836062
4152.300969156651
3759.645767762207
5434.119064093917
4054.2882801798564
11793.725538592784
19645.12614363291
8784.583565459332
3837.600727336612
3574.237610046523
2464.0146977748736
6815.3180935167375
3220.3075647340675
1547.5643350125317
4230.754628326445
3314.230991378745
2923.214719696343
1390.4244392390842
4771.079542952531
4684.083335649597
4839.985615104113
3482.5988250120777
4704.322483863872
11611.850851401834
6240.396043813651
11033.959469545218
10018.886889037316
4727.116192586092
16820.00764368085
1801.6381340265598
8076.004529508005
10241.913957916888
3145.9272150071347
7615.352896271271
8141.551305720051
4317.435384425873
8357.605854429521
8042.15169443805
4997.718744350695
7790.511089665121
4394.053754728891
2707.4557386042416
7023.68423899302
7704.870193146195
6962.0338997225
17626.267182903197
14999.728626338503
7568.869078432945
6597.170890206653
9538.119179063853
16048.92864051619
15218.864915221155
16148.221702809778
10162.442712163467
30340.875092910468
9386.704876874137
7092.243066802117
22887.969872558748
8383.174357847109
9552.724165593812
15384.096675878072
9210.231588369537
5546.431960616674
8913.700941506277
8434.657868988921
8113.047881401977
4406.939734143384
10021.643568752515
1381.9484005265235
1777.6556052577955
11287.840190578554
5133.431033700898
14761.600267756903
12941.750185667912
14761.833441788101
10974.685398468622
16898.24155872101
10992.174733523454
9936.49323178169
6591.287162093007
11356.954259484031
10340.754997059663
20704.779412582047
337.1088693625568
5176.258233975096
3970.0619453442728
6144.034109077663
15883.28551021842
9414.779469475605
5848.449350732787
3678.1489339155273
20113.94356077466
6674.469924462352
8732.623915972496
20419.446521636455
3901.305642125656
8207.04901233777
6990.010669411682
10033.659467735224
9554.739394857677
24793.11005774523
7915.766755392893
11140.833395786181
7985.859949236274
10831.227249751848
4604.286641022718
6100.558989947435
5043.566159384888
2613.1544263731826
24243.89428721253
9674.60690696845
14147.999820116247
14333.504086292302
8638.473435524953
11071.437689566234
8908.504500324285
6760.575282310561
2750.5253448837097
17524.467570105302
13551.487051151551
9101.761992904481
9523.048388915782
12587.626882952809
8568.064088998693
10434.741334928638
11651.889553218458
11259.517054267415
19382.11953442493
13030.039891055807
45882.56782554961
20897.193728393933
23591.715193089414
17128.062544841963
21590.377041742933
19456.47536763562
10296.49085164991
20081.39530222167
2615.5082036633657
7092.207932634675
33031.90214723886
29253.006225531488
27763.458361536515
28839.02532523621
13871.387267143302
50786.870718214486
6964.931469717828
19274.47289821978
10501.679204435031
15472.988539364133
12009.796828349381
6656.713978664971
17286.441535623333
12722.120059773672
12895.601718811313
12635.907597107987
13525.360052372136
9352.765816086972
28506.32959015076
5319.350763703945
20062.942910415866
28480.617015770087
32377.778760944162
33290.200198302
7915.726488471485
6486.895388464346
1529.7242007848122
16928.290458862117
13628.177484982527
5925.3206025574555
7262.05327181011
11541.079282455763
30844.95632457114
12694.70298041523
8754.032590322347
11439.402135110446
13478.634548410384
13016.412266868072
6042.0135661632985
11185.255659066432
5873.24444833788
8018.216519040787
5327.243996269971
1603.0010796425386
2096.6643341896306
3360.9610373370083
1227.3049637508404
4742.546481084109
1595.5799511348703
32543.02086441793
22049.964612968262
8403.278222916075
15956.811106559398
35782.910292448905
6209.063498587801
4722.396954435541
6206.109284100319
7264.030376097521
580.3385380134546
4078.659794634698
6844.630770338296
6562.424122781716
4940.42793562381
5000.984152728215
8452.122375415924
6434.337755878756
4497.045456406575
7118.809330705931
5616.199296406681
22884.098696207744
1191.7068053631479
10408.1815714411
7351.584176403958
9170.391626592093
10357.699130597544
8676.932541618693
6649.020565294881
5098.865971372095
9016.45478573699
25545.256866779986
4115.111038085788
7735.675171142018
6932.965100948599
4121.952512414988
10048.723807512259
7110.737279540901
1767.3351512402512
2499.6904777115124
1178.7382384197713
6881.515606485907
1795.0203418200024
12723.999599463099
5374.467851087498
19931.611583958565
12727.36367210669
7980.613366802142
13396.46880556339
11240.402681912525
12343.246095885168
5073.451237959308
13220.816559591012
4937.111996072519
626.9106099291141
5190.881274179433
4359.58732660278
2939.8779362925256
5520.062248418898
3627.602966312589
1590.1919658169045
6254.381436982671
5476.237902467981
4031.0788058789576
23119.146501371317
4730.840843950002
8155.157437690275
3344.6378067418664
7572.213936543987
35725.13867868016
9083.378548791365
15088.488395301552
9859.630122874203
9239.085301154515
3453.9127869406316
723.9424367995318
6373.062296460388
7185.632147125902
8404.323700121578
9529.106915917808
11508.874054002552
7866.453037104303
9330.06267439111
29910.816773991715
7195.830417807847
8893.843390522494
13462.926719310559
1094.7657232666547
6664.647192558085
5041.828336891737
14888.11842793835
8448.962595018676
14311.80652977017
2940.1738253210005
11765.528002894733
9099.174104709386
5837.681406803139
10511.5652987262
7962.167906481688
7461.468452487817
8529.886062208705
22042.31562093329
4994.658661327136
5823.373666243532
8856.335931662188
5917.818742222705
5372.871254793034
11425.666810693177
7979.349488341619
6894.55862653411
6765.830335705996
13136.09947394234
13648.255258013798
8141.5010097397535
7301.110903864272
6843.9286828072
7976.057347479647
5460.24587837513
11485.627674005775
5296.802447230481
14136.938526184913
2247.2895178472845
10016.442940377976
6107.439223029227
13817.485190347865
20972.81401142657
16369.698499078866
5613.469037397443
8461.962993677855
15878.369553057983
14420.27109706595
15989.043408927435
10696.63771432331
8232.59292167849
11635.247876763544
12500.374079542875
13763.547574802566
8168.346329976872
8768.773381541647
13854.34755233258
10655.452439161161
11957.709154110318
9859.852415445745
5861.611847074406
2910.7606223726166
5744.465270006401
8043.909184896896
6271.21414288261
5267.139028755842
6131.8629114338555
6091.961276482635
5758.268168485556
5939.902587626193
10875.217997892176
10558.635094987254
14598.467770517032
4657.601572412163
5536.829889950094
4131.94704719543
7711.026173772585
6350.29726689725
5243.468977836157
7167.239744691569
2095.939912398257
8657.930054407796
20545.10739987742
8453.800946222083
5477.5547123304705
6115.45003749679
5367.271970793674
6831.405574437978
11935.980563154535
6009.960179347282
11595.835985406908
11253.28488523986
8476.38854027529
7242.93199288371
9469.088160283343
8083.73394663251
9147.978141712305
4469.114831932241
7028.445179774341
13742.502066932171
6193.279750896671
9958.716207117239
5863.193211964876
16968.43315506047
22519.547395116242
3715.2238423378476
3876.6880122444813
15372.971630983791
23174.2403947804
3839.410764112942
10915.45821774745
1416.819142219969
8713.387153357016
12958.08737902898
11942.600686464379
19535.9521114145
5596.474114918399
8017.286383659843
16529.84865701588
4997.487956600326
8066.647245004451
10290.167056871074
7783.087791126733
14820.660731115102
9382.980917336643
20132.111147067357
8386.789768919689
3713.370459305199
5625.66517517152
7602.874251969215
1184.23227509255
18077.812192703506
3636.146336469542
723.9424367995318
11739.925898571712
1064.412118230931
4968.499508459682
4682.633198974817
11394.778062124118
6345.135905175618
8609.77204056829
10829.371617756891
11187.13127801597
6988.575994635581
8989.793048496496
13480.59411685811
14691.26557442933
6081.646408242478
7987.477355212679
5986.694569484682
10947.849331772555
9559.56551593953
3472.830571502105
4795.125041278304
13071.362209391606
4628.769372213009
4869.946728663627
3932.814818235798
27295.959069758843
15310.508652706549
3621.6783790880318
5174.486464621569
3762.162020556834
4816.945598351317
11430.461480939543
8090.683370770739
12181.52965852596
8311.630065966247
2452.6641656875527
3420.673139469612
6811.837579344404
1770.3053640282997
4433.109728655891
2691.9471960678075
1519.6282584828393
6285.696831884185
14229.54814892427
3513.6692678977515
22402.468799871476
18452.737605023856
12303.72955846569
26437.42874641004
4664.523149507335
10237.010836168962
9474.784722153612
3612.3145695571675
6259.1546601623095
7954.985092345693
15707.878077363383
11066.78703927839
10100.758151449161
15588.66694720187
13069.0562341321
9437.479540099454
3762.116929898479
10046.443092300318
7582.173916792951
11163.729015434059
14970.005775627942
8925.47452829437
4996.881761836871
9298.91999138751
11318.79982759922
6275.505550071741
20550.884788118547
7007.394739346693
1014.1189129122334
5649.996139319346
17192.91888341016
12281.860972198165
896.6524642840707
6494.972575546373
6224.404414047679
9032.7747379904
7112.920147025464
7795.993871730783
6478.949485729344
9600.28728679886
19531.767336435307
11348.489176447803
15252.946829688452
12006.800776036247
6761.895131071877
1656.0750022105417
2620.9374440324345
12499.873686787574
11644.350140716277
14681.678291186385
11498.357698090502
8869.176007477994
9819.307339271545
10984.973992317115
6234.452079413268
8189.032749183777
6562.410208439903
4222.987963873668
4941.034291288087
15622.857649809202
7796.013787935884
9713.715886248605
6681.335950701067
2584.939661636135
8116.163136652997
658.0819595673814
11911.36444398028
4191.451980795128
7951.046210154997
4538.94626175559
7190.676194361565
4436.8052075314745
7380.438841420913
5711.743060281422
6966.23364385977
14126.599508492338
10152.078567154278
15980.963360873022
24135.719054069243
4893.137470533003
9696.372786775457
8214.32024498339
6815.5209771083455
11060.875348120919
9345.114691050194
6120.755448098097
6149.818364630316
11203.093976907332
10788.194595472758
1548.513529656323
6384.139239414048
5811.369548197911
6434.195468609182
28789.589516387707
5827.281324479216
11891.184411852668
6624.543773834971
6094.577404795374
11082.016169735853
5192.382130935175
5143.857081869233
6504.172172342986
4028.0592802711585
10915.002471217806
6000.944591099243
8629.89275598485
4429.474235452213
4900.558091702585
7285.1805060136785
763.1382660146501
21416.138464305703
4915.152882225164
4915.594668096768
5999.667499251825
11037.217143646914
22715.08047386498
11728.645960968744
19800.162952114362
3889.766909219258
6587.964731614961
4519.849720936214
5424.31030556486
4779.363398526721
7772.143366044506
4373.277480042806
5200.291710599505
2000.0711045417459
5297.269967416483
3703.374982873339
8857.624346346101
1224.6539806010978
3994.09969877819
3270.6593612643724
8662.55050270452
4621.622856676333
6268.619876811213
6787.352586571832
6964.182576576319
4383.67901879815
9648.1946082322
7424.2977729560935
5958.071249042145
9949.828338720723
1179.004217119615
43671.96525889898
6022.612403585025
6109.433963639909
7617.107797174721
6638.459055229799
6040.781845651716
2324.702516828672
9401.885174630343
11307.475761791156
5496.211981413585
5639.90655025427
8602.815159121246
2566.7102549081274
1429.9736781223328
9421.847340568236
3778.2361683905715
5105.917017686657
7768.465654167377
5238.860633854137
6405.571603485344
1321.6268822193376
9669.752809320376
7021.17137894691
4781.566585619918
8325.661681412379
9693.484282188429
7352.049646283499
6446.101591921627
2549.7930065402584
4712.023660366947
350.1534918520738
1980.772479615461
2903.321890019382
19072.615592426504
9123.710856737316
12512.79114828738
14425.431175947278
10986.327694559586
4113.9758683141545
10496.940448277737
3814.3936398834144
12683.390607554596
11357.60705557578
11554.055273589427
15156.494795961211
9448.232165538657
11333.541681491966
11605.990229348728
4554.476078957424
8667.92077956477
14249.902397918857
11986.378881603223
15670.098693260392
2283.3938544524117
12457.942313153177
337.1088693625568
3336.7144442782756
21610.102343009396
3871.5646006692004
4236.6868756546655
6232.304282902704
8518.823590660899
5647.914454201002
6198.840958029679
15445.541668582438
11707.481918288675
6400.564740220735
27355.16737918875
11300.745897973127
15815.643312202807
13172.265223289829
21158.441469398338
7365.862190901348
6079.388406808979
6508.990029409116
5224.941865933243
6780.767132310387
13959.681634762888
12467.325130379717
9125.313715072753
18706.27094030459
11303.84752723477
18452.270865014387
21390.463222664097
602.3312609796408
7235.027343314584
11794.379921778624
11982.151809431814
4607.477794045866
10546.911445456371
16870.915927903912
11738.763652733998
16013.848350776918
9011.923720268374
9187.42730631606
337.1088693625568
15484.448378704079
7180.433718765079
8466.918041877745
10911.019628121807
15761.893148462608
11426.51659356341
12712.72462931557
17928.671189506716
22196.946677026648
2926.5081961031833
15763.67254856963
7507.766455531738
9358.019225840475
3924.118200239858
1509.2598450647795
1705.1599298146746
4709.001880621586
9866.480432380818
340.6473797552092
1509.1749791397165
2589.289142734046
2523.8589652967494
7125.27733608343
5656.245333035532
7829.1449026642895
15034.364515456593
4667.536532920993
6866.038611722785
4414.157148380405
7622.687884047214
11729.466271613263
5849.431800148217
7849.265285648792
33344.732747447924
13932.238389940572
9967.761514305897
9472.478754000816
10686.54296174525
10340.791168675427
8980.344936349931
12921.670530129415
9733.846877043197
6520.943612842929
7119.653606113865
9399.342254134466
8975.2129181734
3253.5330284519728
9913.196668778734
5359.514750003582
6855.655877972792
11065.091935469474
2236.674746865926
5287.131269715149
337.1088693625568
18518.886075636896
5204.6791167680285
28254.05561531643
6147.13475813817
17250.240925626375
7584.396517719666
10399.777938239231
8986.222289970108
10542.760843959539
12942.161943591545
6786.668994089485
16228.235732800938
6251.216988974723
5069.168790408683
14605.595810499877
1818.044409348082
2049.890672083897
3657.0728199916985
10927.034577353126
12620.663223349982
10058.21322361168
3124.9353519914976
3125.5842903721345
3124.9353519914976
3125.5842903721345
13719.678367178572
17854.69645025028
8913.141640888425
42859.1721852358
22581.59975005506
11919.541845677346
15774.123821276424
15619.86611456117
12258.853555763479
14341.701590356679
7736.108153896541
13200.071423586838
21090.904402675398
12491.938656653383
7874.704017289365
10497.07542743127
14698.285827627378
26380.10386652898
9279.32472220774
16253.128939797
5211.670271614242
15509.99933852905
5318.81598741106
7500.692357543146
10684.1205757569
5806.584698935092
9573.31411201199
10145.280803172376
5616.729307997117
8238.730632991708
5758.508111396569
8166.531147983294
37388.21139495125
19092.673452776915
602.3312609796408
11644.792441354346
7436.939966895142
7759.097095974072
46521.01666600623
6656.259688989658
8288.125948783661
8469.49220611275
26522.12036145752
11100.543582874823
6927.705307508306
9643.096146078711
4137.724087675375
2561.314132567847
5505.4716829327845
4966.958309141457
4162.980574145991
4356.38689583879
10472.488626523877
4799.616786073683
20445.876638527563
857.6955175291988
7607.224668353482
7464.871125382045
12519.288280970544
14383.46887660958
15178.161259014969
1509.1834665912706
578.4113975871242
9012.043756064972
19529.39852670807
13866.049117275135
19568.759139365797
12969.343327006109
1363.9982578547956
35467.014318162204
6615.470078848737
13990.182499776152
12885.281858607561
10501.480102013018
10458.626037867078
8263.070182697533
10359.035265785566
19146.933731171033
13113.768648079642
24425.977923374485
15081.247276329079
6400.802634544951
14061.633607030377
13534.353679820337
10641.516022226751
20944.85559520525
17892.036839554363
12072.400320021803
11135.623393320906
19882.803198139296
3311.385257038752
8580.242801296976
7816.761533587494
8724.462627181412
12072.037194937178
4862.225810062984
14444.929107521948
5583.3025541253655
14812.49074539604
16648.16461562986
8977.678393482334
337.1088693625568
10139.36793634649
24714.859892627293
23359.765018843267
14689.937975801622
11681.072644636582
12660.327740590285
12389.463982149031
16897.820621073177
27568.526097697348
9893.837146283355
7166.492288780295
8206.51781488844
12352.698339726412
5135.711147750879
5347.851746096051
7145.703479810733
6572.80839935355
723.9424367995318
5097.866474739706
4883.017814603831
13373.99152557598
18119.047056784435
24970.874899628237
31690.632309351065
24082.310376685124
3244.605147718514
2358.8652870253036
3582.197366092285
3558.821296987022
5146.784062509592
4426.347037086148
3814.528627943764
5761.591347491128
7232.809295291785
6422.477738586858
5367.392218308892
3529.7096636770816
1726.622769794441
2852.1760237093804
6288.043272226863
1543.4079593967438
2337.425348238404
4950.93600984617
4245.1451753630345
754.0187298623641
6575.399303668549
3662.7620915848497
5726.399965985923
5235.24968994851
2189.464282712865
3084.0224940902804
8443.616292127515
13467.312429441175
6750.247317350948
2362.9938136362775
2504.149716718708
874.8609266062603
1673.8936715748086
1910.01202129253
1161.9324482332468
2687.9417203945454
5457.778061120482
3061.8742492179963
14004.623854611888
3500.7976960720703
3688.707797284273
3713.1749860589734
5158.348514890225
4944.5972765382085
6811.252334269526
11070.775016265407
6885.376948396684
8015.412480971893
1869.6818914525297
2168.6925972234308
9461.255535817574
11024.72549179705
3271.3319146437257
5605.806828010819
2318.3384323435207
12674.751701264575
658.0819595673814
6382.496344735368
7158.903707587823
31486.64088813221
13995.25396231803
12304.125533718037
9538.857391013189
8696.80166429703
5752.928511289188
4317.083145665639
11736.246082614605
1538.4882052359267
4209.365727941363
1534.6781066743104
3279.425152282989
1197.6811358777131
17107.586620168666
7256.565147440448
6913.404626906839
13091.99788153022
9577.665750095439
7842.966820405566
5908.161513612109
7259.8378658410165
10109.62110786932
11372.246818967635
6309.906296718838
4048.9831722288295
20961.81846858851
7081.592886511322
7113.1376455743375
6002.846223578361
9067.427791565904
15912.385319661364
9080.986560515576
8860.753025237733
33587.08354924037
10732.321094693227
10568.88050870551
10282.755863443032
8591.16356514459
8338.662277341858
5500.548254709399
7085.489866812073
13400.142417610336
26819.42093220761
9827.356387221245
14118.52064947215
10123.912339763652
12732.818435015331
7842.836146582212
9297.45003980548
5588.598498152152
3653.258586490994
9009.700353065922
11450.405605867594
9427.349524431796
12016.52997772303
12933.8166557063
12927.41824664225
4580.570221200136
4628.279233626589
7649.661241938542
7728.353709533984
7955.643588309485
5415.821030277788
13219.126013933761
5640.532894792731
11752.933643907196
7480.252836855889
6039.162030679766
10978.550367943468
687.9407015078582
6862.564177453954
10253.569071798582
4413.487225526102
2196.5398283449513
8120.168306664718
7557.2033417264665
8428.852556089461
7199.481786057787
13881.970370080431
1319.8847074748403
10009.562654981219
12191.648832359433
5848.949349290031
6851.31141408221
2436.6978695407042
7288.536741340862
12196.542334655478
20720.086903373907
5339.453284181923
6783.992622490796
6516.091046783313
5705.090099526033
4817.923252472385
4931.679812968997
8850.296489314684
11487.117769790502
8225.947100043133
13020.006255261027
14517.517045267168
7449.486286293023
10780.760945561367
7721.446864963788
16826.833322688562
8579.04009606483
7736.905757776596
6402.4702036933495
13595.090940284372
4313.64108664124
12352.563269563934
723.9424367995318
6283.83698030984
5278.514654672326
4302.301441784479
19216.09853376308
6604.303072074164
8172.669998689148
11025.398112260704
6665.076624815072
8971.027688804015
7634.143543969482
8975.242300176844
11557.00216129753
5208.786482070114
9570.374139017784
15988.778916471432
12471.514697228376
3362.1579419419263
3111.022413400158
3875.345009874081
2598.1493688949204
2956.828970845273
7504.970874892853
13312.342520021892
9385.612710731757
16220.322935302702
6736.679092677585
9521.873198225829
5550.88129500513
10393.060473834255
1576.118413623623
3959.054984462085
14417.04138857789
1165.9672205315171
9278.44622568672
6650.893095166992
6422.125835941552
5771.282401610218
10829.871893607084
10428.873698892192
4015.7185874313905
3026.2945381605764
4674.630441038375
6209.515981565128
3125.0289915939493
3841.0664930258017
25836.565490594592
20326.37387327618
7893.516058403997
9999.828076738271
12433.308282645514
16700.807166720013
7115.158832116838
2882.0928850896485
1519.6282584828393
4776.786740770077
45761.185041715406
6866.603607833678
12440.494623927594
14404.21171443464
22198.58839437862
13156.34171509256
3006.268180498334
6221.686553359687
601.0493174058465
4191.426441458689
1855.1240669124757
2336.8696088982992
2635.685778833871
2764.328780013431
6597.3016181609755
11624.07696670464
3003.0012318112704
6455.768652474491
8506.87070006355
12595.543642361617
9367.837777380995
7340.241397662666
2968.5125333993315
1823.4884271415972
3685.8056330000686
30099.6769865991
5680.761288408945
10720.139306423584
4297.787790547305
3144.0981601619455
4380.367265594994
2009.592663379287
10308.158001085732
2908.959106247587
2152.045027432402
1718.2344175420449
5993.928065038336
3961.739904136035
13672.49958941735
5991.15345953756
5563.744673806805
7563.521549858448
7555.429282806685
7277.558291938008
9447.646364391774
3709.527953300982
14569.544493868543
10606.798235236725
11338.890289295667
11571.7856949024
13345.868437177298
19077.06803193731
16673.466496894845
6799.658162569154
20526.45169070843
24524.894216255943
7965.497351288258
12058.015908208512
17588.24594559497
8342.986191109423
15858.20845496937
9652.845108101368
10027.284330085447
14337.728152939617
3362.780230637114
7200.068604942588
5557.2164412429565
4008.1748559791936
9016.157640196163
3432.752152970043
6948.9356632960435
6035.591444031223
7530.98764956288
5315.39131655577
4152.953574625051
4176.181426180413
466.5350519869602
12421.711728830485
11040.378350789362
10528.063313227889
7637.012204506247
1984.32832935765
8837.438048141046
11431.073579890131
13948.21687026514
9087.1084178147
6339.550954924712
7145.173231650756
34028.99159325188
9379.146459286249
11324.429297915145
21812.17709874161
8152.849319445224
11493.506005799809
2176.7055598600436
7860.8074724106145
3526.250175641456
4656.824210754208
9997.858398011465
9002.506486774673
20125.987074837492
6326.846970077983
3228.54453344131
3906.4910497362284
5712.592090924241
4584.94271367867
15577.785165960926
15536.174827776837
4699.661462957696
4599.336344532925
9543.775191745164
3110.327437649059
5840.612352318587
3539.669691138137
4820.107306963987
23600.702050313936
6142.207058373145
5430.601507707992
6285.298045690435
10940.119611228576
3477.5438764895034
4236.918548643438
9593.014417224584
9586.783317959138
6183.820084992981
8573.480052188954
4960.524141345554
8464.981923032374
38262.10289712269
5860.2100828289185
5762.20893743727
1394.4866174235262
4319.200440629362
1670.6681470074166
6662.02155986392
4000.0007624923433
6215.587247237137
23647.67769155492
10532.89890918637
5158.289570923936
2372.547860494675
9319.232308172153
6677.586958502171
4967.594999166977
6472.122063463694
8329.954298278106
19556.349631732508
4162.933763623102
8529.73872163162
5822.609544625815
6058.505655495093
10156.684070031182
4621.551911605362
4478.151504345389
6927.274717304072
8337.713944661471
6348.064498490951
5796.715747974297
4653.587098735563
710.3932836126759
17740.010915071172
5658.6377026009695
3218.328111537089
5369.4430950124215
9054.601083393622
20205.144677425014
9474.587514543762
6040.2538002900765
16636.186974377873
8746.836608365793
5679.148478068317
7289.531083061645
9144.029740662172
22770.81938231158
4944.004173990632
8529.66714126865
4348.331525540426
8731.224040824727
12054.883867544722
8766.572261681096
6402.627238174032
5533.512313893702
7535.537551117929
5265.430933963109
3102.818604115775
22645.99075454987
5610.066345102802
11753.302527926802
9107.884322115433
27043.299245352184
5339.462395120821
5983.4265576886255
6526.341680887864
6623.0585280380665
7315.043469013312
5388.116615890004
723.9424367995318
5862.679056051258
9232.573925844781
22570.8752168192
3635.8879826669076
10505.401974624503
4052.4647092561218
8785.494388884646
4247.621701297181
5382.9870581396235
7432.407485496488
15107.156273086961
7390.391948508457
10265.789712883781
11637.506452885269
14715.319064965193
2968.5506966201597
8523.124466363566
18341.982492227675
8885.537077433075
10711.775387122794
9200.480240651646
5399.13720400477
22039.52824006027
8120.1419804834795
3115.297338972718
19794.934104585525
10341.533246685656
18692.418669217033
8309.282110647771
8693.179702934334
9873.236593851016
9638.542973731137
21955.635141178456
9252.733651778686
3747.758413601292
6041.503586376052
22113.57655277752
6935.926918642307
9665.067599972745
11782.216155673113
20950.488782174096
8982.646948867414
10228.191892353307
8079.45296236464
10639.926694153764
16855.81112073019
18045.83941109871
9941.559113388174
4165.742110134671
11270.99668859766
12236.34945082572
4440.16336895292
8390.330685068964
14313.111955854267
15857.999598338234
11460.882180390967
4244.440892381357
4423.840396602938
1534.5629124970117
7356.593969906634
341.62277067460525
7654.574819761953
7986.040298034695
31093.850407642363
20777.152161804184
19935.572791737122
8335.878753191453
11964.55981668418
7528.683883065794
8944.255314012024
13189.77355381818
5834.1206243127735
8924.737845779238
11244.953863580648
1365.4285993047476
1025.3537667253163
4568.000676853674
5811.646230628933
7728.827550489101
10772.876829607254
3051.4902918294642
10585.307812776626
9829.646054628482
8185.667062391583
11791.579203342571
11373.195085262052
9626.90222386882
3058.740629970431
10453.993482260015
14382.973134030706
8586.713233557566
7675.506717900841
6999.037758357716
4726.157165973327
6197.16579584764
10445.677382774504
6941.562269420373
8333.092886877868
10568.215216911618
10245.554960398802
12036.949585843506
3188.6689441884355
9006.81818613267
11321.860208358297
4729.129115322992
6690.020572932346
4299.749058933909
11116.99131721953
8657.3617916311
13754.714247084761
17633.072346574205
8999.090260759878
13942.047271153957
18331.47092191518
9466.269715192393
337.1088693625568
4953.8823438893
1300.5250353214237
11405.05755002152
2424.859342222186
7206.683776789031
5983.834257243748
6843.384103427451
9281.913139824279
7559.31816454728
2931.9324001225136
4391.657409146461
6315.763864502172
4952.934529853341
2788.1821786824657
1174.1232480065141
6428.86405757403
8837.773255296921
17123.753869166183
7344.91807470289
19340.316573273776
7506.272742716717
11181.692589641674
9718.731174465796
25555.616636080867
13674.173142460075
8863.067173582343
6697.373158646115
3444.9994791540144
37636.8712523364
3234.232665311794
7056.668422955975
5091.207233299953
22469.676493364706
3676.255879172773
7549.2380858407805
7864.1104170760045
7507.918319965155
337.1088693625568
2875.8782460216507
4680.384171990651
5741.5490133124695
10067.843304938535
498.5620908859817
4728.33581210746
8512.375541046413
653.7451540805254
4583.246210406524
8618.092025240534
4928.64747559185
7351.765319016249
8083.699294983998
4414.050732026752
4288.905784727382
1815.4553252834442
3049.114451470891
4144.47518337856
8577.259321730373
3080.86316849256
2887.5816215087484
3309.328858824987
3802.617955626129
4858.872922774118
2048.4808604212462
2587.5406578044112
2462.4403648931116
3246.755468663552
4956.839340692215
6130.490650698777
2516.1501588654314
5264.811161482077
1627.8581850692076
4353.624822384626
4735.614475872668
4344.14438360414
3043.2620209751067
15520.638846217436
3121.5396489509412
5613.1858665008285
3126.184925651146
8588.650973858536
1959.19753829427
8467.986529432552
9165.556194921826
2473.491487212296
3531.2123111368855
3630.3107869784176
15436.384546872514
5038.662473621995
3332.190431137786
5016.239879687977
5323.898298512109
3446.814638883124
7902.145622088131
6872.412116701633
3590.7625965869406
3352.682093964404
5781.219899977569
4091.6729122886163
3588.1051926692276
3617.4196638050007
12242.62178025609
2872.2061980843278
5900.884723123334
17675.385353657723
3442.5725633729253
1968.0283052689126
4849.190058096542
6872.868081335325
4523.902544741267
8572.410470793115
8159.808662642091
6772.303543924944
10145.565015191696
13125.067463461064
4759.742417278003
3195.5917526252656
8465.346305822568
5611.065132176202
6170.457791222814
4164.314214446266
3606.434956936823
2059.9660919961193
11834.12243936322
5425.752732571001
7024.164646400456
6268.006310142885
7378.065414629073
8465.208743653233
3763.650216026561
7527.419220073715
13681.692049262156
5634.109415330017
5168.043389091836
4591.073755330618
6963.211032587048
12709.85618708523
12237.324217596635
14848.979438770295
6660.592941385404
11578.531837679438
15477.435122781477
5561.417001500628
16027.14636638086
7767.23218945675
10727.4865723172
1641.835813891879
7472.081684378962
11885.714940404
7906.639483704818
7727.7656599022985
18638.09454899763
5159.985161918889
9013.53697563982
6111.289347406437
8910.481402653395
8906.889526842604
8560.970116908322
4983.505497428095
8838.872983215375
3260.4525110989107
11242.72467537334
3911.1501727865125
9440.580461049107
4332.4862670259945
7028.4511925427205
4584.324640570511
18423.339579846193
8278.120723899947
7425.750268435983
6841.336012543848
7203.572315501905
11260.143607862568
7793.207445228745
17839.51139588928
5338.069722289318
9035.409336931682
5277.7633950327645
7894.432828777338
9248.819230976022
10157.695468951091
7920.657542047527
8015.262244841435
18053.9521100232
9883.406165690978
9394.23258288013
12705.943472475696
9345.183417134564
9005.513781603217
9327.848160753698
12574.90700911086
8636.696785256818
6283.407832617236
15314.028107010367
7526.025514710169
3095.447145636771
7613.548678952609
5658.577236175368
9397.28887745486
7348.618007280171
1564.3923526658066
10659.58300945031
5954.91794691481
11955.616722257277
13313.726287240155
45377.22759550431
19700.297173455052
2548.355348356918
7188.154197331983
13000.073416742905
18164.50857899572
19902.505543296542
17887.84676178005
22439.772181725973
28379.087286784143
44520.01013194604
17534.8920683537
5125.223469193478
5662.88199178246
4709.560918705672
5699.417496201184
20442.557539630365
12004.942885595467
17133.912421516798
13442.07905729556
16620.824132396076
31337.615007102442
20955.772127646767
21074.50999388998
39643.34521489025
9670.413861013418
26955.940804036272
25933.19326121461
24638.64775103922
13162.865738750288
28694.295837647216
10130.953819064971
15854.378808550988
14211.665093920823
5353.430910139629
4538.200741679419
8767.49222414319
9242.490835697896
10823.311583799083
7984.199275129272
13858.44590446972
8424.455140850287
16567.092620314415
22901.74956127734
14946.935085953419
14722.624547062354
14111.51464724606
23251.467814971726
5398.439099049141
1347.0372391450126
1584.2847181236975
584.3812572373338
2460.2405173309385
2136.753743943635
6356.914785969358
3815.6020687696073
1359.3446074074227
2257.8440789014803
1585.9243589727878
3237.3279188296865
1029.5652681851404
3064.349008928021
6394.826243213968
5102.675969726533
337.1088693625568
2439.1369879968547
584.3812572373338
753.6534733551166
787.036538433331
2008.6590211790424
1223.7118400178872
2897.7851059111294
5336.4079103366485
2423.380477175863
2603.5972697572874
1645.2426908748346
3452.95879160848
3040.275323878562
1489.3226350297803
1121.0965513077463
6815.810373854326
32378.237262257036
2918.260476626042
13363.451531821322
11029.246230099243
12261.322517081791
2187.4223456610725
12602.423920838337
8865.04922261876
11333.295606784603
7123.595213885511
12736.866089565516
1700.9093996631823
917.3235799258244
15343.882650721149
6729.0693892353165
8682.787444676056
1911.6411323887012
17892.0721543422
6350.613551410503
12035.86170036811
5050.673605080831
5547.632078371331
5987.222699601318
2692.0286527738435
1519.6282584828393
6310.746713149092
723.9424367995318
6294.633247944576
6602.452800854762
699.4339098469868
7627.420466028043
8478.51171272553
4114.400580282839
4021.803964306553
4059.393740744918
4246.434457764802
4701.6348230168815
4219.8640697642795
4609.484757032195
4705.671230413647
2973.7138750045697
3377.171531337373
2699.0459731650417
3929.784354971044
7662.2218460306485
22085.085069210432
7098.461916447708
7038.75664169202
2863.07909477027
4711.366452639781
4377.583257766055
4058.540009220651
12235.819074182284
15711.601027029203
10804.022279749783
8956.213769193684
7190.19652248297
3199.309873670148
3319.578357752542
6944.206846937989
4434.9864041043875
1125.039110718076
3575.5800873136923
21064.22259501248
4025.5743152911123
10870.71022531116
4419.276916467524
9763.452351725879
8177.485710759107
9180.95540324539
4584.435736738684
6831.571881416177
11657.717018588626
22451.355440183324
10531.354423118595
5189.418817213962
3805.2117189530363
5327.354802834527
4578.775549169293
2926.5111511037785
14832.297897451586
5450.876976630537
4314.769803629261
4354.279586663381
12093.05780112079
1961.3735819925087
2747.127063044991
11359.97715551344
7379.194708868763
9492.272240776885
7541.812554289086
7608.4234136301575
6169.316693089368
8805.746408359828
337.1088693625568
3367.6250734229425
17967.521244983116
8285.470252400384
10683.556195085417
11912.666333978117
7904.3447424515325
5531.594158996352
7512.472007859899
3840.4518012362073
6036.388183120361
10319.01083704423
4569.94927944601
5021.381533326613
9397.256646389162
3593.9922366775027
3223.4056714781636
3218.8577592650763
8474.780176988867
528.910143097597
28188.55392450887
1289.0412423479809
8884.603952066298
8593.664252780163
14989.415134931978
6411.41131197852
18024.72614085112
6122.469275184999
21162.43096887465
3136.957118048685
3800.070679840031
2311.410898347962
5077.273405885095
14822.396326533966
18172.397201102744
16481.173682399112
12661.41126322832
3942.9817899806094
15986.204897141537
17535.4524663812
12496.610169714208
7650.553926080548
10511.85013018958
22937.302433870424
5039.375839705939
9719.751494482409
25186.59921027188
5109.489357161793
6045.916922251877
10073.790577153446
4530.774598118684
7382.172736808405
5316.759569303322
5238.356933234239
6471.037234563973
3616.714752329064
3855.2059225353655
4578.377303112387
6303.850789714412
8570.386439743415
2378.752903230548
6565.939303414298
7557.519362042748
5424.4314799059575
27896.29244851253
7428.067832218009
4935.293577449752
3827.001190863977
15339.639919590676
4233.233556528939
6185.593415719903
6354.508028353845
5163.933976752098
723.9424367995318
9668.94035251226
621.8408389908482
7546.159812592179
8857.110105976006
1551.335027133573
3437.129741284745
3851.481698785629
6361.172929521387
8726.783332891308
13436.27249232187
8750.016667047197
6026.094330215801
13879.812392335774
4060.8144658856354
7759.699624436383
337.1088693625568
4415.233269865542
14613.061017395614
7518.627653647309
5085.033590320138
9219.389460461363
10215.556951539118
9967.122213174265
32218.453054194026
2671.6210829127353
6423.117482941839
13383.098828219627
11263.006269360558
6810.79959671791
11620.675175059308
12368.716143078595
12113.639217807364
13274.524788262126
7877.492531094427
7789.103069028024
11010.872732127344
12206.737314732785
10610.168918924755
7355.254978148167
8838.790089994754
5796.415420822826
3182.1944532406474
5763.358617916368
10563.020294177371
12488.420451296186
18236.46839800251
1998.9194490382101
9385.515636627242
13057.954075288006
9633.504533069223
9059.230090100393
337.1088693625568
2700.2989962492716
1151.1392888714051
11342.849298346619
11078.852059962333
8427.473493782798
8182.914939090135
22519.65668224121
8786.094149702385
15670.260818094343
13991.942994210465
2007.0157459962566
21082.318568470666
2738.2170650898697
9129.158058742387
11727.0809811462
8878.438138973013
7545.98830715365
8201.357962187802
11332.461936516203
6695.902270872544
7139.079026353666
3915.9202501548684
7598.1102068371565
12830.898812653646
7830.608074051716
5497.653176262255
7368.0524134357975
15515.963300841548
4460.060851806916
6811.4995812561665
17698.775324450737
2813.607544999756
6999.62707177765
5169.7650835131835
2742.2163796320556
1519.6282584828393
6603.030449076286
2616.2405362156496
7859.831975188075
8261.30783111568
4816.964023968239
11698.908198275241
1064.498113379797
12397.353324157377
6272.033073458875
18759.043687998586
9590.51083133991
7705.497718191059
8654.797271159956
11240.823247780823
10563.438923739252
8533.73353345888
26378.323041134907
8438.127254527819
12059.177225015765
20078.14150671422
3506.866190052775
7941.0127611942125
11901.381947114201
11714.051675152146
5691.398160124947
3660.1154781759305
12005.552299999988
12607.923699534083
17470.18862177434
31948.69383236265
3849.822908417898
4371.730354527133
11165.731499644075
4225.7162719379885
1520.472986775754
8579.208612082293
9892.150478952502
8781.3980239358
8481.063511787936
22796.56325882987
5735.004683998133
5047.102949788744
4353.911415428455
5096.621179427515
2579.6759466619055
3748.8963720051215
3823.4134585807024
5015.206358950559
10133.026834549606
7701.357119136966
5464.957821137773
6611.697572262386
3873.8414960576383
4381.100195383022
5375.6542038903635
6695.373735322233
12407.26690414669
2029.0151522532885
23194.404072566864
8129.153540082905
10569.041481176855
6354.667031235052
5090.55171841434
1309.063122779163
2374.040877499814
3234.582145389564
6380.285581041678
596.4605331933697
26413.06456540462
5474.784178006488
17091.69736280747
3998.168916245117
14456.117828133192
6374.965088296702
8598.043914007012
11151.48889154093
3159.3860003167765
4654.766491281546
5751.587154242978
7140.951814530034
2190.071990862963
4535.922672813659
8568.142521707374
16716.853225753013
17344.3964902832
12281.109945707158
19405.79662413674
18180.099968178634
7437.783377598301
3750.594176365415
2942.9359852270413
3823.945328631989
8454.868477075288
6938.17003862948
21535.050374945546
4850.370970063557
3248.5189934216937
3290.0492227748628
4126.307941783076
5777.060936224182
9734.77031758687
11309.039094610613
15922.833198169928
14072.237717303484
18718.9662700164
5203.987600114288
9230.664859110235
7511.023830317891
11578.424073504362
18752.081492686473
8457.420701199566
12000.678280445929
14144.67926330783
6020.902935074091
20140.89660324327
7013.615215732336
8994.099161245253
16860.62521585416
11980.188120862496
12159.442496567322
7713.156696594861
14374.590198278267
24961.934133857092
15778.361767645652
8778.368681708484
19636.393548737873
26992.25213939338
14252.568690971193
2972.5108510034925
9634.395127224809
8441.186033792148
8289.01075225844
19898.349658286705
8077.7613126344995
12833.224924103872
13581.69144073773
17783.299213438535
7151.7885636178125
7643.487502124294
10762.279893488389
9307.290709544224
7828.834206967532
6005.3746725545325
14727.092160607488
9316.833099285728
8153.658844681414
15289.343052530072
11837.994814072781
9460.626064081645
12398.878327631503
9047.04476114073
3307.451963201513
7389.058877957783
11477.743298815509
24936.86304776989
16288.953600555273
9335.886359089818
13535.314748154336
14215.493056333004
11770.367656109367
10678.843150982315
10554.414342767115
22460.208208669977
14973.440013127085
20673.93663281043
16301.194451519621
17879.788524899515
17241.645715669707
9858.660434310494
6130.717216021851
4121.271769510947
2753.9703187962673
31964.565617685334
4860.181635467859
11703.086149749826
6382.823362568479
6697.157770851304
3098.5247645764475
16469.7642984773
1396.2725980110115
9159.546783779533
8341.543326458781
10106.4786005397
10583.276910804288
7287.409787693671
9632.048431325591
12350.433756071905
3770.696580713406
6972.396603549142
3927.425328575511
8260.689911090192
28361.342388580186
13931.554999453005
10283.977871197429
6003.534488817645
7002.777273884209
16241.020488645083
8065.286019956179
27408.979286575784
7124.371143866192
13725.496990237505
14602.059720877336
11602.30527103086
6706.193119460761
3598.302655900479
9809.04453575494
9479.130718925573
10158.08699454982
16674.927439088624
6175.910365704536
12433.169616027551
5423.952063972613
6106.046204599849
8356.31467796224
23955.660767241367
9799.312890213569
7397.358557698603
9654.325303299065
1456.6350420691772
11218.099252346421
529.7590344073664
3977.222122744159
7919.021555391675
6809.584153237249
13189.874100474437
31481.59035786506
3496.039069408624
5626.173242908175
5536.645646287806
16411.752159631204
15678.899404243646
21759.9951826828
7458.177204521492
9592.502605653293
10912.59369902225
7342.449992391185
4224.616875544359
4655.306031166189
4351.215731987903
4437.358685147719
5649.71561797255
11636.398042627625
18820.651077644536
2931.879849543945
7655.126117084047
2761.958491710612
14414.488027217523
6847.12498015929
9019.145760439273
9527.419284104928
9824.972717789908
6782.761668347826
12307.59526590782
6632.543894955917
1300.9168179596827
11259.576525425542
1534.3548633519956
28443.99551621508
9744.837835740289
11903.866906207862
22475.910383713726
19862.67886281102
13607.2683173632
2742.2993251580447
1519.6282584828393
6524.935207796869
7997.725572006287
2748.7587505998313
2911.38775239374
7421.49064592252
3054.479657202693
2695.627990920405
430.14515141847227
26763.395783730382
6936.715293504667
16023.348137696727
9253.178460671097
8443.138965924458
2692.804892123394
4925.632661092516
9720.107703216494
11619.677496282202
12920.179493549453
12115.484453037756
16532.082201150755
8953.460551338174
12507.645600773138
11021.314775071112
5090.379255849341
10432.405757504655
3335.9199783060944
9208.669450621997
8921.286881628479
7501.539681471343
7475.236194851417
3136.0209011885963
6367.519989113804
8377.268980998591
3830.7704399953714
4579.877834335673
3446.305192259747
7361.114070810502
9106.582783197444
6021.23877847441
3215.4696714858583
3267.180461123409
3342.876771837479
19305.317647403128
13212.746371004228
9968.21470557846
8127.578620154244
1502.145324449019
3200.9768848158615
4577.3079243619
6097.553318510142
3534.03529998828
1751.2003762067714
2120.814100621476
18486.766702032775
25274.605110541866
24294.860094470543
12338.347651566419
7445.376798100259
430.14515141847227
337.1088693625568
46285.66686335544
32333.513943368594
5742.121983944091
5190.515239013094
8718.298507957415
6412.8138920620195
8986.40262790346
6787.068270272374
6880.972329721401
8540.270804862743
6556.285737316175
11501.906226661524
6345.197123900603
9365.462200550832
9611.184278788001
5721.339404299991
11475.238321023093
5570.989099922042
3771.9015104217656
4501.737393620209
9019.753508770478
5591.649772840862
10763.330957290093
20344.728997184488
11743.765791434085
20918.691630818288
21726.446028918086
19611.63565208723
6191.27030368198
4655.0055761980675
13575.95988372366
4616.115606323807
16922.68840146916
10630.260655327826
7493.892155569985
10619.973423922653
1414.163886231258
1529.7242007848122
1364.7431232912752
2091.269537052417
8944.418120301874
1529.7242007848122
1704.9107053843757
3284.71759395003
2750.4634962356
2355.982932467128
2751.1743944445698
1656.0750022105417
1529.7242007848122
2355.982932467128
7062.59709295672
6040.017157399347
2834.1183048275443
1028.1471815316347
7754.083453314601
5988.037757041662
5359.231301227039
1422.5165606977373
10950.738806925912
12522.50037859598
27601.335390448967
8739.959154031078
16661.697057162637
20702.300043897547
11260.526758886612
12258.802611732626
9466.996395219572
10485.62968831987
12520.025041990244
14991.150564691397
10223.227432512074
12297.372566023478
580.3385380134546
10013.349104312043
10175.577987563724
6177.621246183007
8573.574929885159
1198.0708666224937
9200.901153050969
4900.98402212792
8968.658095690193
14106.153505547654
7896.019044591113
7256.104988085632
6718.840685530639
8514.19174676103
3867.319682660088
24272.36629047163
9939.549901001901
9995.628983895183
13314.549151087556
11150.552967867092
10423.373003200084
5965.3882072007145
5992.892494285955
8094.614788370009
8817.240531868756
9437.22169562491
7532.101286563015
18944.18908383702
5601.506168677077
2932.993410813786
7839.010364869679
2326.921783856787
17016.35783217528
25189.9256250875
13712.07357737808
12490.611197459459
723.9424367995318
6410.016909301529
2414.731908465794
7956.188260307845
16088.897131027525
7624.1774443713075
4844.843435263301
5112.219054266907
27392.895143171627
5913.131501799968
10323.640325012373
22211.957742811817
8375.582019190753
6044.567685600748
6942.458486734483
17326.830630507342
22604.460654500705
1151.1392888714051
6703.7191087704905
7846.563148470125
9990.776820369687
6592.55135826049
10242.538686151593
10796.633663773586
16572.131717989927
723.9424367995318
3807.2992910905054
4120.329014507971
3099.4593669761516
1519.6282584828393
5664.030766288934
1094.7657232666547
10831.022644477089
11947.08119898919
7083.7882773351175
6613.914780077378
11641.69753600727
6138.027544297577
8380.073812833896
11153.070555611777
5583.874530795083
32827.49983825038
4756.3477495381685
19530.73476279192
10664.598716690769
15581.926119677206
4730.843288456294
7906.176004448008
10497.01636329081
7281.5713350283095
15164.662071230372
9735.038133919086
10482.664955348915
3877.958083295797
13320.142919472419
1994.078959173122
10916.370293153537
17838.679142929395
14458.323544221426
12426.31781702395
12247.574107669869
8583.203108758262
8244.618353176811
5962.077887277357
23439.248955257965
15926.238622325038
21399.63735681361
14704.848103031754
29230.10201746105
40753.56019962607
6070.902583745091
7909.292119461178
4344.843574118994
6349.737054520247
9887.759465073335
7767.8695867655415
8009.342432761071
5714.63905626835
6131.536137729511
11509.08467284179
5107.558933210743
4442.859654878876
4747.032231917288
4001.482754228432
4240.543648259151
4179.799272694428
3647.1416519020086
5228.601333089126
28537.479266902454
6650.891046612175
3904.612081494848
4671.907202899148
2075.028381034795
8545.389687746185
723.9424367995318
8941.329921367766
367.70186219469423
6937.605801497177
32045.74070763749
4975.946360864071
5343.822867489085
8260.543120701994
6926.5339510844615
8442.929010748438
3806.437526562638
4383.788880820626
4542.531067164404
5376.52455681651
6550.60633944463
2672.0169987354006
7381.777516047939
3881.7695346925548
24311.329370285843
8797.846923778097
5645.686805314483
3890.9929501713486
18649.21649408625
13055.545441489394
4942.417632157506
6272.57006670296
15827.435582972188
8585.40382146848
9503.947197301402
15096.498963812177
9805.72110665126
3942.9817899806094
14757.20490450953
6146.613165129248
5481.761128923508
8524.612806241772
8019.844537327593
5836.974299259849
18475.317704693745
2372.547860494675
5455.2898777430755
13080.683436241889
12315.614367420814
13690.930171654101
13316.502237514633
6784.906894297503
3946.206046384696
6495.57179371288
8437.251053438089
2820.5959277024763
6555.771096382195
4233.16202843456
7483.355590456752
6778.215470095536
2970.6928082985114
10844.136250460842
12245.183352324944
10833.747144830939
10933.651850857725
13533.18607857102
6676.475929098969
3237.1186983962043
3794.013275062847
2655.8555850648827
2641.6717946893136
6852.9892958126475
22755.26638843053
12498.495627008142
7676.919660946222
12854.178689133842
19325.977087454005
12936.009610691706
7906.2136405792635
14189.863716317304
10589.955745298152
11764.329752357942
19378.457064482394
14306.777334880302
13175.642425838776
16761.347337137016
20400.806014627004
3658.215028375063
13235.202513648865
11892.741919976244
9247.119030345682
5638.800923637219
7471.048731334958
16277.699696246043
16082.493048243905
20163.31209596552
33560.296619177345
30610.183999847315
6116.757563058507
9400.635884146144
9497.40041840735
22344.34374655625
28121.686737488508
36291.57781117445
34406.167361839594
5237.019533555788
20205.521345591864
5873.702970053423
8068.9769981372
15184.521366936038
17045.21650825376
26992.490888255095
34468.947552490485
13907.692813820466
12931.80742057211
18169.213461545576
6156.076211948776
1598.7349157015658
9071.349050582832
12445.729867035227
14507.963926472818
20784.583670227148
17065.633211369557
15932.818796158946
21611.754384419313
18673.600204491864
18856.043536735797
2507.8186626766415
14515.391464999026
19424.06017617752
17690.935607011266
17165.120549082312
16167.329444565372
2814.511301322752
8519.092878238584
11841.23038560169
9783.38066720784
7111.2725570049715
11180.9219260667
5708.685021308965
3631.120412492446
1160.5240557404413
7715.274225620247
2092.535883744207
2157.9596608842353
2751.1589478241403
5331.499612964536
2749.7096767350513
37672.69194743753
8942.974259375478
39000.16721340267
6801.062839891086
32467.067481864113
19776.71202070426
29258.601520013173
7240.650359467929
15880.357806874927
1497.9477109406814
10859.779377000126
6019.798534460981
33515.043660290605
9524.888286518231
30047.884175942767
15694.497914816573
36717.369260028114
11663.785678855145
bigram, add-0.7 smoothing, average word perplexity: 7398.903932026884