27718.260033478968
3505.3217836219396
14439.04026735871
6496.349873126564
31290.98967801894
2742.281205920398
13255.093722490645
10038.190965415746
8480.396010033184
6921.828854468655
6529.231745193027
5138.762711772077
10119.728750411366
4527.687721365729
6909.686455503852
21177.710210822224
9382.30007631234
7749.267877975893
6192.710969339504
26197.76679344179
13053.35091510571
8871.075089446751
15962.82743894129
7061.3509458274275
6289.48455195564
9473.263024122693
1858.3987670141091
3481.041968575109
3098.1656945766517
20241.163428947624
11339.469808047837
6314.563977846511
4583.587191611824
5749.812390239058
5141.414344167696
4670.704158617656
6560.789444855607
4895.7596221013655
13377.803335110151
22452.020280015568
10156.671193209715
4734.147646796782
4752.2206266680705
3143.3032031306484
8077.773543266702
3968.341341232158
2021.3662234464862
5160.710970733857
4157.508970441035
3696.284575151408
1823.7698047434324
5798.850307842279
5732.893481687829
6120.849016984789
4351.33569646675
5821.503455610521
13078.670515306647
7464.760292500157
12560.75089157876
11717.09702356989
5767.086978832803
18975.11639566283
2296.5378976519505
9391.588502795767
11938.177700051087
3889.7320421032064
8981.41771421197
9464.461569330339
5279.547041420334
10138.568573945424
9376.284943492066
6089.046353965625
9155.82614088145
5415.546569384284
3415.720989266932
8307.83418462007
9167.408309162687
8290.761840484558
20398.106340992053
16959.53436064587
8879.448771474446
7780.028930783935
11265.10890793199
17429.598663649296
16803.44549559132
17868.420162317016
11884.469614521382
32699.292995656248
11076.945541987825
8486.239985685284
25644.8052359859
10003.470727827897
10885.833455614582
17029.941997404345
10764.991916507932
6758.446810367441
10334.182366232275
9965.222062284367
9252.428193067082
5162.583356883236
11557.076713897268
1750.0334960009295
2240.273968310611
12858.176236516878
5985.441912226133
16281.076068759587
14827.1058132709
16309.407271938842
12562.919467291553
18220.284704737212
12378.125196379146
11435.579785323496
7786.398058211756
12867.731324428089
11666.676536950983
21447.314717084035
458.842744706013
5982.7069133861
4901.009208003096
7264.294554729964
17766.466884955982
10867.997219299072
7027.04584735263
4487.660381377394
21810.315219037675
7894.0152990428505
10280.534429284573
23924.993710787046
4938.211491916824
9361.671667420693
8139.09238078011
11486.69853354845
11087.177430104293
28071.086914075295
9291.618714924869
12753.98514800657
9216.573632110445
12444.418502422837
5555.909274389345
7360.634163031943
6158.70631844883
3424.6418712506847
28338.845058812305
10887.498885242814
15650.829486890623
15742.099028836816
9976.663747778128
12426.771604813342
10062.504772525885
8055.3390411912
3187.848521991106
18786.703790160467
14995.757641067405
10359.844894158347
10895.81306848396
13970.092177404129
9747.483532245113
11573.275568050505
12359.622568287265
13202.187361953758
21314.638807478874
15024.159452647538
46669.83748784251
21952.79871793852
24362.05529613606
19426.324160901517
23804.43162430064
21768.82903732224
12092.749833085356
21818.685496806018
3353.4643346818625
8254.743840320149
34691.1413198974
31243.45405708408
29555.306539391127
29916.868598373185
16130.879484119305
50564.82408933519
8160.327884177301
21463.437227135546
11486.745776360583
15983.842182486707
13993.73075198177
7544.612841334947
18784.127621341897
14242.356103674076
14284.884296490014
14046.946957744054
14930.822548954917
10703.746220200155
31096.33662317849
6206.557027200226
22422.121050301885
31222.34035543097
35191.874522372585
35614.855729115036
9769.401534571172
7461.690116557588
1825.6523569729625
18721.940072010522
15202.128335140704
6958.948555767536
8482.8808705657
12888.68523721858
32058.23309394365
14154.930177572192
10074.601084412056
12658.396241472723
15566.137476179478
14439.03479906361
7137.569383216762
12599.850543340133
6989.272877209225
10057.637877881669
6729.93525202253
2101.995653432511
2746.5558838073134
4322.947925415252
1618.4414408116895
5959.9072535805835
2067.6531761802653
35597.37953183058
24730.812633976573
9829.747502695498
17834.64595436079
37973.78533883952
7484.913274048925
5918.892795477163
7550.386695423472
8542.305888208004
782.7884388414134
4986.3765753984135
8151.313371408718
7913.505148469969
6039.7466334216515
6186.991480087509
10045.876679553148
7904.424711886462
5561.76416989047
8572.454234856832
6919.158226677174
24097.1946916886
1506.1091604740411
12037.386660708142
8577.823312247056
10529.591977614813
11829.893665375665
10231.859960544078
7962.990727981018
6097.1989116552495
10421.83811384128
28325.04740640649
5229.601268686045
9120.661845204457
8319.469157292764
4682.189831316556
11130.47902658274
8781.414643131371
2284.506618934487
3224.3678936811502
1564.6115299903847
8208.509270464736
2318.3704877469277
14361.38511804213
6417.355750908494
22017.963417941155
15579.89944544975
9246.358462120923
15050.27178590765
12717.072406523823
13934.993044039078
5980.328720906591
15115.78316727789
6062.249755812846
849.6828520147496
6226.440878395691
5435.880441810675
3686.9367803572045
6718.088488759996
4531.4516440116495
2067.728134942563
7384.928135154857
6576.323838069158
4698.206127698935
25341.460865351783
5896.461558927597
9805.058139409377
4127.74588964017
8903.982342574365
37834.31009020174
10522.291645123529
16734.11265710805
11356.114434921348
10733.487492454702
4241.639267544734
988.3796538911101
7415.2456335521465
8482.949099567351
9698.537477277361
10892.613016624011
12736.470264357567
9064.69428638989
10808.921353594747
32390.20551725079
8347.601976227947
10372.992709136193
16086.639817580848
1392.3080722263649
7708.035606278157
5715.199850441797
16175.256318018455
9711.483889036956
16286.717677674562
3527.677560240203
13789.288058340273
10486.42453493141
6951.246723252851
11919.033176635885
9073.525844978258
8714.96968254087
10014.308483786506
24704.866798093175
5833.736494682027
7088.193258718901
10281.424760782733
6858.991790296804
6497.428981431358
12914.23245304308
9432.455971778869
8344.393565063512
7713.523819256464
14348.138507847641
15114.304742885113
9529.242569379823
8311.919260762203
8129.933182602237
9104.539958332341
6652.6495891751265
12683.126289281865
6390.98486887258
15768.920659720683
2877.772974931574
11491.097588449093
7184.374150381433
15652.014693352245
22532.266776410903
17916.85492459363
6356.517765599524
9647.337541221632
17590.893030909087
16028.761487616817
17753.416573956703
11963.011842324986
9397.663544687039
13224.100872056348
14489.829992079176
15704.347297924127
9526.787299237767
9916.399778905405
15413.557602601742
12148.916411081724
13598.908969672233
11608.393384931325
7115.1202247273395
3638.465233035475
6719.491610453513
9367.73642112335
7609.0527234616475
6121.855525554356
7257.857063914421
7224.854216231991
6818.395833592508
6910.669755309463
12432.11436492777
11603.60703178297
15942.92497511873
5520.88252155881
6664.963179055933
4992.653406234431
8937.246220613786
7559.064816294924
6326.778751391799
8373.528770155815
2645.353261112251
9878.790048509833
22132.78214541251
9687.227081449952
6442.3232093377665
7127.489367051946
6436.173671462495
7890.790394752894
13046.369665623806
7169.717156535582
13151.519506549032
12676.63017364472
9605.381404850663
8558.395142242021
10753.24380112374
9018.29317168995
10739.51580221137
5461.609240872498
8529.808401961365
15677.990242486756
7429.047388312209
11766.427498859686
6648.573449393545
19143.273723808215
24113.780456963836
4433.730555499467
4707.686797695731
17058.471046646147
24982.67468217919
4583.152898566732
12305.941817136287
1721.0948833726866
9878.898158317226
14427.36525429493
12749.984197547737
21123.186532123487
6632.5051295317335
8957.555066552282
18598.269657621157
5893.742420607457
9561.422350769888
11645.452781113905
9072.351254309042
17342.105399952987
11079.72960265498
22030.994931391724
9897.280744158506
4332.5169627577325
6989.127566211681
8984.845551166627
1469.6754863017534
20740.483757762602
4598.416611579346
988.3796538911101
13470.944117862602
1297.5678358085438
5939.274195619589
5519.2155731034945
13261.549036893197
7044.713498310776
10001.373752902975
12335.18516500139
12725.475258064524
7784.05937348516
10356.433127670065
14532.361545049655
16685.565980612515
7123.704787474842
9364.243222848912
7077.35239086194
12409.252418347958
12000.097423151732
4354.05518934333
5912.069111816755
14735.352540869771
5585.183963351191
5734.307520813853
4695.644740873956
29719.5230501525
17852.93834413192
4468.976629721324
6273.821558916881
4576.173965075193
5834.531506751587
13197.481283791261
9603.20878868539
13551.855430089545
9769.09137401686
3133.4991550344175
4193.668926790122
8169.267513710414
2247.3285385718627
5493.968504885931
3496.9752689713196
2085.3511304715817
7688.901111289274
16754.980688682906
4383.922920748924
24056.72960724488
20505.17643790481
14798.984053953716
28015.170790488988
5581.6071924608295
11735.46245749692
10644.371472416145
4232.605172762694
7379.682542408953
9167.099259630404
17463.506224832603
12572.750390022906
11561.239786732558
17379.852002381875
14556.27884872462
10820.013975767963
4607.514124362065
11505.246749593305
8824.441295362962
12493.119562766968
16701.916060944153
10454.011381273544
5971.147143281787
10528.240246969486
13024.551311752919
7434.201081679354
23085.440281383097
8279.568447857773
1316.6166271864824
7048.589004608404
19054.864297055745
14221.022533094576
1210.5539204038364
7910.549820643174
7464.82525581523
10493.942481604785
8392.013632440045
9157.297408487113
7568.409450146812
11075.432011148156
21481.21643144655
12910.74235397651
16700.527168850414
13717.969834583682
7998.831933004101
1897.2247977986533
3199.2175460095273
14188.020106522963
13218.70094025259
16266.575312653295
13010.450159868315
10316.16319553317
11310.150589742967
12508.760545793839
7359.431764093118
9451.53056036928
7657.410243280206
4875.416742439922
5894.348741883428
17110.687831589512
9218.66908209179
11305.922738142812
8303.944371997868
3156.8318359084205
9637.379935125184
874.089225837327
13965.724631960135
5211.9338457502845
9237.008619016393
5466.0415763785095
8498.55014781438
5461.494573607503
8496.211208586754
6859.7220012716425
8206.021667692028
15925.35856601428
11665.744454929916
17758.867524146168
26422.552774040152
6042.562726376142
10953.674468587773
9608.108276665544
7917.572768106617
12993.249859942833
10705.992467381506
7968.588885991307
7322.5366070417185
12813.718742569921
11884.626743578858
1934.019506489103
7639.77204606875
6889.3592443918715
7566.116567547365
30833.65833337494
7051.362064143487
13348.80439498029
7814.821388061461
7213.427151999057
12762.851022847026
6377.90481375886
6228.011938499591
7869.238299344658
4829.164723431417
12689.970844687037
7383.314501201938
10193.408541059482
5364.577119497843
5686.785515951827
8505.694178966014
1000.5615828021067
24593.020583679878
5965.788000418752
5666.430697521319
6881.576184818854
12628.158595703968
24945.003933425876
13096.103529354134
22310.246804793795
4850.50361895218
7808.566902414611
5509.775270376094
6493.121461875339
5876.387952361836
8953.556319118716
5353.88520144064
6602.174108323621
2614.1620249935913
6464.651781237255
4626.370977513786
10574.18219241488
1591.7946865599426
4912.55524234103
4108.033212941043
10051.991236942722
5750.294651303195
7438.872525292717
7953.811126714622
8189.379822416889
5130.692689749182
11144.789117582426
8901.300970809523
7126.943437111722
11328.553185445582
1529.1715280869491
44890.79452959885
7212.035842402613
7364.985866401636
8999.87432677745
7909.394708648402
7179.414674698589
2829.1176944441236
10853.614280499756
12907.27197672944
6591.637882129861
6843.045771178169
10080.431041198746
3200.205357648806
1736.8899677451313
11072.445712537512
4700.689778497551
6231.523365059606
9163.756039167218
6317.910609557758
7667.104096365835
1680.5399897230436
11217.739811083242
8391.981768498226
5786.796233647046
9801.424048058247
11345.466728624287
8748.159524571922
7732.8068105478405
3243.8787331268095
5694.557704789472
484.9705498898503
2546.1360553746968
3646.2138811389473
21787.726517548617
10882.950724364642
14410.321203543768
16929.31681745925
13069.830885352036
4843.289326235455
12334.289553103808
4713.501757176385
14370.719605020493
12667.03557418619
13182.003874606364
17416.227524438935
10802.445566958262
12732.243583799476
13261.018804085523
5482.609094186316
10316.440455398046
15946.135950596354
13891.14542683746
17240.175483205574
2849.6627852625784
14643.123525510571
458.842744706013
4021.848335627602
24574.354192015708
4643.366969328254
5156.568222888587
7066.085060182656
10028.62367570744
6645.588402637284
7394.738780324253
16887.48376085822
13197.282472852832
7724.408893570592
30170.981847512256
12556.418544449483
17280.236181614946
14707.927109290093
23471.4948683383
8736.776279517208
7025.947586691047
7552.428377303957
6098.503550154713
8112.31597832848
15540.657888307172
13986.343032282215
10157.499012480652
20129.395165211576
12742.429686313591
20525.37440662683
23648.209111429762
820.1081308912156
8496.863662086798
13658.480063383637
13760.17498543825
5382.215753878371
11493.88636434646
18201.91747179763
13143.381874292932
17575.256428586505
10219.99955348811
10497.112655565288
458.842744706013
17788.43647302525
9092.141351575789
10427.205245215164
12482.506194041665
17696.592221829706
12873.502621053014
14511.4909266499
20524.24983111511
23980.50907980186
3621.748720266577
17424.370927989326
8877.268879611356
10805.415507553325
4728.092898256908
1804.0799815492433
2034.1969959590033
5607.627195200816
11228.709050683954
468.14808680610156
1804.008967359351
3098.1656945766517
3191.7530718337953
8549.33245737272
6883.330633584152
9218.654172447787
16770.40502772222
5578.907940976481
8161.1981257773095
5360.347296825894
8654.186021127885
13280.355249670187
6983.58259240965
9215.924614435222
35434.51488794466
15692.36793172257
11649.822397022264
10953.458447896322
12174.542347265078
11912.710626554897
10363.593751302658
14438.547517181212
10895.640623552643
7635.210666942867
8202.10063933581
10727.91786084444
10128.046543270666
4067.7078592877183
11304.39288667747
6329.043615404446
7959.888801483251
12533.150640931752
2660.856998050843
6346.651652513314
458.842744706013
20702.746356747448
6341.11682896572
31485.565276342877
7282.079698357217
20452.345226853497
8825.133690797049
12118.372177018107
10667.97513780274
13218.708005584844
14875.225199696963
8281.639834654934
18644.10134781242
7468.065126095797
6275.125998114642
16753.56384143918
2373.3499310683583
2660.527024445536
4775.407267026598
13998.48520539479
16156.358795284455
13055.097855358725
4185.642087429
4186.250904612444
4185.642087429
4186.250904612444
16034.63265304005
20431.59907060329
10507.643446513317
43746.24761478488
25006.728470540507
13322.386888997318
17745.78312181629
17529.104025154124
13663.859106430522
15054.789073672713
8909.247512382624
14842.153773763786
22839.6196966316
13939.887986246336
9129.63691775543
11948.167941025298
16085.419786671193
26365.029404979257
10539.486050817643
18101.898892454003
5975.289648923711
17783.735012177127
6291.792515569782
8470.495242259254
12062.098636338182
6976.245789056407
10794.036612513431
11540.133665813175
6674.448156907176
9457.397395574066
6740.134581741943
9355.99863464369
37633.07966373159
20784.881850888167
820.1081308912156
12807.646931460902
8519.001690676338
9199.263229849319
47257.5298906977
7725.37816687517
9756.310805858222
9881.132358734
28441.36771192272
12527.325055762414
8243.776730568217
11173.312003378947
5034.969761216148
3155.097343569776
6479.32646717602
6019.900038035668
5022.34203329271
5173.863004116695
11896.76118754035
5552.117063793249
21697.65487397597
1158.3799690699493
8735.300382606467
8882.682373570791
14261.458260178155
15826.420988136162
16406.90808138687
1804.0160692815357
771.930605406033
10340.209245151324
21235.541655251003
15313.063605952939
20869.120426333917
14555.870718850967
1753.2927889207522
37356.55056370349
7448.77072593396
15933.343927433121
14388.129047534472
12309.006432290707
12118.48529448179
9545.079353665431
11840.915491990147
20780.89023302906
14691.908905001925
26260.640629449947
16799.90800714192
7630.767617550479
15626.692677212352
15121.313791063829
11848.225071191868
22826.758328539006
20241.475100698222
13549.645187243863
12830.652756803096
21101.095260786453
3964.147120331686
10015.714533050692
9127.403147604507
10051.773961578592
13688.205531774292
5899.481917675706
16301.200399530646
6597.826128904666
16422.55251231942
18073.218689733265
10771.54337351566
458.842744706013
11759.316835557225
27324.473878209224
25329.430488073132
16101.230081819278
13330.325186019667
14198.969776498181
14313.54480598969
18600.032394258757
30222.350805826103
11067.605410912836
8455.595645120957
9485.047550091402
14531.568460152794
6057.563415970708
6509.931120274589
8415.984943907584
7780.834920210818
988.3796538911101
6070.949391569399
5644.18535674998
14567.539265320434
19996.646415586518
25850.530865970686
33622.87658177762
26484.03658840729
4184.063735199984
3067.1181774135835
4504.794525071594
4371.999208994762
6296.452030337263
5410.503004611545
4762.424245018351
6972.295540068588
8731.208136668161
7984.748808655527
6645.77029302984
4436.68063470587
2225.0346470824643
3638.2798475986046
7512.359726319316
1984.355656308946
2915.332069311377
6029.766660614678
5286.217462646909
1009.1197796284903
7927.023752821433
4581.050293348978
7012.8857087553315
6483.577035815324
2908.834060626159
3839.773870948571
9938.337818045708
15761.978086205983
8098.818292330883
3033.1222198886844
3206.093478262994
1146.8389280585711
2151.854992041086
2434.414524615271
1523.6985785231716
3468.963519310624
6684.000697274579
3797.703690662635
15976.649658737033
4428.722478148549
4677.860211460908
4583.364863819266
6226.216394193041
6030.085395550715
7931.006555179497
12408.528391910317
8250.729597936099
9887.083758531671
2462.3515871251534
2790.1377540619305
10909.605095071533
12570.833195793262
4205.793401353032
6808.815743470094
2929.6761853916814
14189.318568180091
874.089225837327
7437.985884982969
8352.952466110906
33784.17501215473
15409.019684215511
14058.550955341847
10801.065982157581
10074.378850619021
6818.290257451899
5160.690289169896
13280.151396926407
2012.3881627607664
5019.882078665495
1858.0708395581228
4048.8645093325094
1478.6376488662327
19629.443266567607
8406.050513935334
8009.750494600318
14508.134023029834
11043.607638584863
9279.845550570437
6961.223134912096
7997.762646535915
11729.539757663495
12587.13800423418
7151.218274025327
4998.542340503206
23156.81612989376
8362.426615376478
8306.058367948976
7013.101040454996
10372.674338102215
18183.430408040625
10558.158846344943
10322.499982102383
35276.80667827502
12144.350644306745
12001.79276249864
11773.232116652074
10030.03494355085
9290.821332679814
6190.98007264266
8277.867369545043
15010.75464884583
29235.36564929118
11218.59491463721
16327.872138827413
11578.834592331375
13843.968550984038
9126.448295300466
10491.905913998642
6661.659165782845
4465.648591825487
10636.373933457591
13181.794401773293
11036.9330695392
13266.752277576243
14316.802025408846
14725.808346348867
5598.158453196199
5724.078996461667
8954.52021373169
9070.981589148152
9202.639302926025
6408.189473015439
14703.347988524438
6765.954246873965
13521.880238505822
8526.71506251246
7141.826968913426
12445.425414518058
913.0740017094979
8052.286007966859
11507.614135902184
5957.006857570674
2881.2100799951777
9492.377072458263
8816.023365379155
9916.20335379224
8578.658126541784
17144.714496925113
1760.1501372349016
11673.113246787803
12570.588265399965
7145.492291591911
7943.292102128433
3037.3175501569103
8567.650721259166
13850.93461863607
24706.78715114366
6388.497623569839
7817.075362061115
7630.277581753584
6773.889498108853
5757.3909094504725
6043.1417677961745
10370.94630081532
13228.380250000037
9618.040009253398
14684.575083212558
16193.59024352835
8836.043380116073
12093.32018901027
8630.211283716917
19576.6178389391
9940.316073213773
9223.329865559808
7582.377629779701
14722.799346102674
5168.023417893693
13901.668790958991
988.3796538911101
7522.039301445953
6283.706017009668
5093.909497055819
22829.88629047034
7687.823759971574
9683.343800785331
12601.097089572988
7828.855267594843
10336.851046851843
8884.291366332387
10416.647988122128
13204.303541944993
5884.463276136285
11076.331386567761
18073.333756024942
15061.669023959563
4274.652301634041
4020.5034310893266
4768.414628277206
3313.5755586445907
3771.7731132960243
8768.481447804
15712.039639954328
10747.879399146976
17767.51262088255
7834.145525683077
10929.256367673439
6647.379717695426
11721.80444821366
1935.8134072627522
4888.223904637728
16098.744343326425
1474.76009866188
10835.524753780335
7806.735891029387
7614.270519874084
6675.974177606295
12586.061422203007
12728.92377066788
4994.881690526116
3764.976527518098
5627.545854929943
7432.1584180023265
3958.8496109218477
4770.40182566412
29461.418315805357
22091.490906366205
9165.219868971148
11263.280554913452
13984.081516740878
18188.41200778585
8314.924039304582
3688.4853011357286
2085.3511304715817
6007.754617705694
46428.68200478054
8192.748442173986
14171.41973669991
16141.69631883383
24454.542577015814
14760.333389005256
3588.7140679216545
7272.410623550007
764.882429469724
5486.914971127041
2444.5084448021416
3001.6222779779628
3507.0028228593433
3411.5186236601685
7849.5235955918
13833.845317302748
3856.271864595206
7658.586753385452
10009.826771428297
14563.233270951163
10605.040288188395
8572.759144325402
3785.148512660428
2317.3207104353405
4627.032448316294
32302.8421327005
6840.219765151467
12228.613774629517
5319.981289344416
3930.701301928102
5356.181016788477
2706.0669940039297
13075.678616606985
3813.805278322109
2891.87074572795
2305.747090819988
7253.288940651774
4770.744159856426
14863.543670612547
7185.85896706962
6630.438418739344
8477.703291345008
9042.566290203804
8422.076917387123
11155.125490859638
4554.239085435756
15933.569475953802
12124.429693172106
12961.064808682188
13102.708548745384
14594.11035725964
20755.54599327159
18592.034365449883
7763.506324157612
22221.11034955316
26339.13509347354
9504.38342796355
14110.579573947773
19665.03940633494
9786.846575689584
17653.451123858566
11101.077017781688
11588.424458314996
16389.282189883288
4137.707688509222
8631.200930234603
6898.220161051673
4778.765654845798
10328.907629879184
3932.1050249233754
8373.958461302085
7375.386062622776
8973.90268214029
6560.630171902642
5181.139275573145
5357.021803097635
640.5720765438921
14126.660512212957
12629.84395166738
12080.28944438855
8708.15348287202
2471.4548970523565
9697.314234008432
12778.481025812103
15666.563633390402
10476.560570104284
7386.860774734395
8387.804574920967
36271.05450255224
10778.744383682631
12870.628931493626
24626.266081703794
9547.047306831197
13348.254807216763
2887.4290562439014
9517.564745658721
4368.737841366221
5718.569643709662
11515.453345109434
10584.816229478729
22471.37084269231
7732.813833803543
4030.6423739721245
4861.519992792122
7015.511707273513
5502.244338737542
17571.841657321605
17617.15194829357
5788.727649548959
5742.47203373852
11033.565463429897
3910.9641092644097
7159.304394404668
4418.213654964747
5857.401543097352
25108.301373024293
7434.637998418126
6539.636346656693
7771.002555453401
12401.023982966404
4284.728629411271
5199.2278592060175
11279.213783477624
10994.106088325318
7405.943067455615
10165.457666453101
6050.1797368553625
9937.902688129274
40293.5519504171
6932.253573936051
6879.055025363055
1719.0666759226788
5295.112397973818
2140.096359985883
8113.956235585814
4766.432424281629
7497.1133118255075
25838.46098025498
12196.53298753327
6105.064792816903
3189.8408063940483
10906.791534654956
7870.479090416723
6074.753606960357
7653.122367713697
9761.40166984835
22060.153760883648
5170.3374871159795
10089.60600794515
6905.865166893846
7194.281519341839
11794.222463882217
5875.781106648294
5533.796461185328
8335.436154835703
9851.207883356334
7667.5012333003515
6946.360228792415
5747.455620019883
960.4859644401008
21093.161239193396
6878.511310698167
3931.492783269153
6593.874933918983
10577.904071171972
21732.529901677102
10942.376377236975
7180.502452579111
18266.831693996388
9961.817474204672
6854.529840424443
8781.695971450636
10320.56667917867
25404.675303689706
5970.076630386208
10017.222598297762
5360.593725395485
10070.105382908378
13620.252386756802
10111.845917199065
7617.122931734748
6664.690813165456
8780.896478385868
6344.1130669345475
3861.3544508812424
25280.18183952921
6690.952415592168
13469.20653759347
10627.29945966802
28245.566508706466
6457.844067122931
7145.9420714429925
7629.693031927373
7818.322596491607
8540.417014807745
6434.88952755512
988.3796538911101
6902.444910901866
10706.65918377179
24642.96568048886
4444.869510698219
12161.578179880733
4982.954843756446
10333.243097315659
5239.054739936471
6539.486659299175
8598.009044926575
16766.65581606979
8510.386455652919
11905.326944836434
13309.714595984567
16156.652016375563
3698.627254588732
9743.983749560583
19318.39535249212
10054.119036996097
12097.542669851184
10315.047498157901
6635.763562476702
23999.067583952325
9161.413088552366
3743.3590889088605
21491.69761293153
11667.787738113322
20374.5662928354
9555.858123319167
9946.30069708791
11337.6921107397
11013.895535949188
24625.017359112433
10937.432166896782
4433.189411951562
7371.147796147692
24795.20657418169
8034.274757630533
11107.751885680933
13402.394313836767
23384.391666762174
10190.979690375427
11690.000945821494
9349.145277717282
11925.897483843697
18735.400042952933
19656.21828935373
11840.161249230317
5179.054609399369
12583.040601656941
14009.834172740342
5309.058385869663
9803.72606701599
16126.777385813415
17939.345343398698
12922.98407791082
5065.148680685893
5388.071723557873
1857.973240771474
8381.35960223617
469.2906054503838
8822.087324873533
9425.720061821474
32388.889754402553
22023.383628247208
20284.153162428243
9442.701346127902
13607.662573376703
8552.968584387965
10356.734211541103
15574.316395525691
7024.350420167377
10502.071293478788
12956.795064518
1715.2221781913308
1370.7703474740058
5570.516979985749
6829.937978914276
9011.879010447758
12417.348920761377
3895.5674388830816
11993.881498922614
11305.852466126491
9435.658907806608
13317.316884281596
12986.116491286835
11093.666092869269
3909.4060689529106
11545.459110521086
16198.421016174523
9898.356775349508
9018.420627703279
8365.540938164682
6020.3707896145825
7304.894293833563
11989.146163263491
8204.600117466554
9716.81779223929
11869.515660362333
11443.286794315187
13157.891595301278
3785.5342639207743
10238.285966335972
12745.744003288359
5661.820202547664
7721.3886970558315
5135.003840153378
11970.357098538952
10108.36602949155
14950.77197945662
19103.459447113186
10200.53881502588
15336.658359262849
19741.23651925032
10629.916062767552
458.842744706013
5647.335354347101
1654.5750903800238
12952.611065251349
3065.4023101800635
8539.854269170784
7212.837096234317
8133.880547221868
11881.36607616507
8675.231513709099
3623.601585976268
5331.709360534985
7428.454758336972
5862.140321601644
3466.803135253183
1573.8473487049725
7823.2911283375715
10075.306895190282
19034.602200675316
8650.572479655822
21150.690884585398
8665.580727036893
12873.547773043954
11239.34911455196
27796.10543453742
15514.97521012641
10164.522264721409
7985.76253888912
4164.816301677001
39521.980277606686
3961.9596099534847
8280.584786502024
6156.789475131214
24693.938793177647
4316.742853961784
8797.28675443083
9142.96622912042
8856.67882840395
458.842744706013
3372.8106517136407
5353.292674736812
6744.780051509442
11614.35936646434
670.7612032947459
5663.83111910669
9984.75295293831
872.3701677578127
5305.159890823029
9864.943123868494
5822.480939734761
8506.082671826656
9748.682547329307
5495.578062990766
5017.525170244992
2346.6079765859768
3761.1569483269345
5065.442282856243
9681.77569660176
3821.017737582595
3572.319584290096
4090.1019463704056
4619.242164963044
6047.5509700519715
2565.5468475250336
3239.6233847093263
3137.2646774062578
4201.090174118216
6098.79135723199
7375.239218153093
3178.9208289572252
6400.924846932938
2097.6132786434227
5151.754910990921
5786.076941088436
5309.710502130676
3758.097756476059
18196.6032498627
3885.28676099035
6786.932268828657
3896.5313984416343
10082.562869539472
2494.3267611102633
9893.324662949486
10854.644621359146
3131.222475925962
4488.7922789444165
4511.69065622025
17932.46716431967
6137.95274021413
4229.982154099117
5763.860941444832
6327.929616422099
4273.429600342565
9099.944091350411
8332.912127739843
4562.097875478918
4156.767818803369
7066.969771818184
4951.435129290742
4419.317332663485
4499.98506619225
14337.153078410849
3624.6971243024364
7134.201521918917
19740.58263593291
4297.422024777096
2483.2530400594337
5973.498518405769
8085.980244578154
5540.281580722886
10240.046007919631
9556.553034359235
7980.64821022278
12043.77056860073
16279.336751722034
5919.7526573454825
4020.143388561713
9763.779743713005
6803.7048749327705
7329.165673915911
5112.938124071655
4487.723346922489
2551.3735225314867
13103.132266733764
6211.6274743078
8159.355642608924
7440.21337857002
8670.62856636781
9993.650853573265
4331.276075655195
8431.10682699791
15136.690912217713
6714.385388727106
6218.64430415717
5280.208589600345
8124.105089522463
14396.972779997908
13772.787123791617
16453.101577386413
7798.443425515586
13036.549912727902
17020.91446806211
6496.240675732458
17702.742030714948
8975.75485126532
12051.79962894574
1984.9535808220667
8659.663456611774
13377.695799408864
9319.018761095567
9193.903164805732
20428.756439366585
6090.583139262795
10555.929470223085
7349.7499674486335
10359.83514624951
10348.685001754191
9994.247206510176
5974.562691413015
10137.814667789096
3970.7266875527393
12755.5590762121
4701.356741608669
10875.222288649002
5434.456495647883
8057.08674978102
5391.185403044127
20601.655107321574
9597.740257427826
8787.817373700702
7934.8462650785
8390.901630626055
12662.846371892867
9150.325891355922
19811.07454782021
6292.602995440171
10268.127767520336
6408.522941698823
9017.18587143419
10551.249882906539
11550.796915078086
8920.877806599003
9130.139042376184
19673.98469784236
11379.918583330531
10888.664806416784
14248.162900934789
10799.732625686487
10395.634611830264
10515.151935760265
14019.73606027281
9898.192040784204
7212.216274597067
18635.677690610013
8532.547616628317
3901.052438570245
9026.140691324597
6678.340080659096
10834.61511868416
8532.028188861586
2031.4293733607428
12549.37994296196
7174.348842485195
14324.590485752455
15246.251324734874
46316.93758006444
22247.70439991156
3225.0151597767317
8716.77518608551
15655.033922590223
20049.359850958514
21715.384644368594
19393.42552537076
23620.527109329287
30824.039356147146
45382.37024370054
19447.135396342117
6292.650936252545
6694.864348943163
5739.725453868601
7064.638161503304
22352.740785545848
13535.875470868683
18958.662662444767
15520.156177767283
17784.168623738064
33044.0753618575
22865.550091770325
23367.05615037612
40306.65747222208
11136.635212892772
29317.35549962831
27400.505356392405
26793.21323260783
14740.560070285383
30683.291355574245
11665.191830778136
17240.899051803677
16643.428973551123
6575.641380086146
5353.404440553444
10067.273504344828
10399.456656415867
12179.466295604861
9402.65748186875
15078.844119881833
9588.036107930759
18010.275467320742
24378.478037224057
16366.946406422343
16090.555486458965
15620.358027346283
25729.26885280345
6610.8028698800645
1804.3756716023975
2032.9001653434175
788.0991375711956
3099.1157425893625
2730.6054931619105
7665.052381833864
4887.248870911364
1771.9067527494763
2871.4018702279154
2095.2219508746866
4161.743725829987
1346.2843231645177
4008.3036002606464
7884.086152148048
6022.642887129547
458.842744706013
3077.9764486881886
788.0991375711956
967.6415692503526
1056.2351299781142
2445.2032367315196
1598.2880543351318
3761.808422818072
6325.01499861187
3076.5640844584273
3370.206582539397
2173.470166208649
4441.789251582617
3875.703353231492
1918.7963902855497
1466.9588287804604
7991.968370902293
35192.22262279963
3625.1251469087174
14920.360241743825
12652.045467125365
13838.178997557403
2789.0135829952387
14298.303622593376
10132.004500692137
12697.994446262092
8378.412341156522
14455.18063759557
2081.6791269969
1247.4254606340608
17101.197147326253
7797.851220395883
10044.997725127856
2300.1611395456366
19691.453721616035
7578.714249968732
13775.063630377319
6385.890472740801
6820.682154523673
7257.771499430399
3497.0493576710624
2085.3511304715817
7690.50698483122
988.3796538911101
7514.213592589184
7899.44624412343
929.4417722734279
9461.263637765993
10202.712630081158
5109.290989624125
4944.703218283265
5023.801533805506
5247.134105338404
5807.705161961205
5255.827961318264
5582.14421421877
5773.7914761052825
3727.6396915023442
4177.382226332607
3468.5041568058814
4894.359258298641
9084.79879559858
24318.627263178336
8501.71570033814
8213.055089843021
3602.444137592766
5690.011244754332
5421.101681936244
4990.928952452137
13897.761344403007
17440.78552131451
12148.2057243626
10445.443671267549
8887.10362245727
4014.579255456641
4176.775182110197
8169.402098138853
5413.440018129876
1472.147024493214
4470.906197897952
23915.08776842512
5050.360976445552
12633.712604196438
5408.061587436417
11463.240064886331
9287.142304006838
10725.39288026415
5575.942300047777
8040.631538105258
12984.056833506182
24454.706793308436
12863.117549271243
6232.1820191091265
4656.706430810385
6565.784426636613
5250.3305978543385
3579.319006600792
17314.57738014026
6716.14144118941
5356.166493145154
5309.667573673413
13977.977247358765
2407.8919300219254
3604.9168722712834
12988.391752165933
8666.262463303678
10898.901283609826
8824.38320152297
8848.499984625627
7329.347375488746
10146.513409919498
458.842744706013
4061.693471671445
20847.276026699572
9616.327211633405
12375.547503838856
13526.256528784079
9226.490734059113
6741.9165109603255
8601.685494769159
4674.680314152787
7138.713012296379
12078.666877452351
5541.32194653197
5751.248558075381
11692.294889837776
4566.881043235596
4013.156715853057
3955.489825463372
9895.715934610836
715.6993474838384
30973.242909972334
1759.4199603526272
10411.670318229992
10091.138672734573
16661.96804113311
7515.719191531103
19965.31561331524
7387.477274459608
23889.83953292
3941.326509314531
4608.48456637749
3051.9190761335076
6029.212298425447
16325.81374454728
19600.580525660906
18548.808033816964
14375.635883019826
5042.3919209897
17489.685962810705
19275.627057113397
14090.42990655269
8836.841039136547
12068.371536481656
25839.114614800957
6063.607838363024
11162.305930903882
27742.02926352819
6215.356035770394
7115.543661512381
11438.264397241555
5596.461393626278
8839.119993056507
6491.9811188076665
6370.914497737166
7784.704681447722
4370.729502146065
4712.899383047545
5623.31177263336
7260.403140106196
9700.461944112396
3052.0463415208474
7942.891888632185
8888.810621591536
6568.785528487345
30589.14295266445
8619.603100845434
6040.087073031522
4765.165686221176
18117.207660085438
5069.883351050453
7271.272998934714
7685.217942483779
6176.504884697418
988.3796538911101
11018.148713633147
791.0445604114697
8762.34954091245
10033.46330259202
1945.738175519592
4216.125823566754
4736.786277382701
7540.7177189321665
10080.719711755133
15133.330252404663
10121.981518319557
7050.098683147291
15612.317264104451
4937.430457085661
9016.880993447063
458.842744706013
5203.51037851003
16058.843477879389
9034.942125456022
6316.7692351423
10491.922533094037
11886.577381012161
11355.026169485094
34938.84019138845
3336.120102483452
7436.683998171859
15061.127229393594
12940.298807747678
8093.880427107055
13262.122584176897
13388.593501134686
13503.098835174094
14795.963955577277
9156.863741397325
9300.835737369609
12479.146985410402
13719.6349759046
11914.370134863026
8583.740987498202
10394.358445110867
7274.107061774527
3833.516769821493
7009.801800200582
12237.227894506763
14127.45369931918
20054.614739416822
2479.008948809933
10587.915466170643
14548.880220230736
10619.034132139614
10530.721288192286
458.842744706013
3363.7720662939996
1543.9728779879038
13203.549509120709
12611.539734295375
9811.781733600656
9567.47170697722
24888.241405289882
10013.15510002147
17598.172678560524
15673.2070488985
2558.6427015299055
23642.85509082378
3492.2965392890037
10434.363549750831
13165.1147256568
10199.463891048708
8933.350145209746
9496.114649979296
12907.390070556818
7780.2137658343345
8301.674396989865
4861.833647329583
8980.518688618966
13861.957941434364
9542.489142099446
6613.094517655993
8589.386375798946
17383.125918129528
5256.581449229953
7924.956453991251
19577.32499232053
3494.2507747862996
8235.3066202595
6190.275930663958
3557.766217929193
2085.3511304715817
8020.558687619583
3342.7040175933257
9422.891990008908
9500.922790717997
5810.161810353757
12917.85415760559
1297.641232776903
13681.367716543304
7409.913250627133
21340.45326784939
10967.701086796958
8999.558633853201
10072.356965407938
12631.902572817771
11963.862257831928
9902.29056374773
29659.396095757245
9770.632415075634
13779.978465963282
21622.920797717892
4257.305248696852
9451.069671020838
13412.173745274544
13393.343413779563
6865.165733338731
4431.809119642137
13656.333584091442
14097.691258556924
18755.57214050288
35038.34387667958
4805.028473191077
5280.590995547272
12919.91296033662
5207.404994825031
1930.5356016865692
9784.428395390596
10945.931383071289
10425.372559695159
10324.421159374668
25710.473319612076
6923.7629794133145
6210.6280725734005
5243.130656569335
6137.132050955978
3169.689190117404
4465.252241357321
4750.881475783179
6006.39907846851
11581.128238197258
8677.366716273553
6549.330405504286
8059.334979446569
4883.560846800843
5206.54016444392
6430.35860418607
7720.860550954593
15108.25736467265
2686.674132833114
24684.670159940342
9267.102750854532
11941.030039371373
7682.650961858465
6090.953282889544
1701.775705103364
2997.0356342128866
4045.168032496301
7567.405925895146
807.6650818002679
29139.67731876156
6615.722591925217
18984.49689754675
4837.267259284382
16353.005929932042
7585.177025570629
9914.282104439248
13682.135998563941
4068.405184026926
5572.493322883691
6941.611094280869
8532.956645204958
2700.5804741078855
5532.327784105665
10062.106923116657
18544.86028193479
18929.56902303556
13776.197018167237
21263.37403486912
20599.387452900537
8375.095380834666
4457.304488087943
3591.0329757371046
4518.555220678622
9608.6149658655
7984.953714103816
24258.494741229333
5899.930978474117
4073.9848505779437
4061.5504346591083
4914.846158150418
6820.621495650404
11372.90535291564
12965.059010816492
17606.434429519082
15555.13362627623
21769.7218605077
6126.072298571826
10719.138623135957
8777.30045918947
13221.4869026026
21174.17675886139
9862.726919552777
13491.55499703557
15807.233845840026
6999.014740719322
22459.53917082415
8791.836547746228
10591.293928242025
18982.26263177379
13500.170169320674
13623.835062325768
9038.013685786955
16222.532090598796
27013.520833326198
17096.428216925735
10235.301551242399
20794.292764713482
28050.831178700442
15646.56723354594
3583.915895637398
11094.517184141123
9720.825966650636
9424.376451278935
21923.459853599536
9432.79200921883
14383.329816624668
15407.713203081048
20030.713987777028
8326.553993987884
9232.034969330534
12164.994849042163
11013.177263768734
9035.868790299824
7281.851910764284
16714.743421783278
10870.929716668323
9589.604278979472
16959.266855310845
13410.884818648505
10923.714605050824
14143.935150223106
10589.871160597351
3973.305154059566
8891.623426740742
13047.065087054369
26978.141532412337
18065.165245026594
10463.735560640005
15136.949614011726
15875.27078689602
13321.088583299961
12754.822600494188
11838.006952608437
25544.971793565946
16663.04935224479
22889.60422275732
18206.75308872838
20001.477136840425
18845.91499507778
11661.318007253169
7440.366574295084
5040.5920615543955
3439.1386639617585
33980.490705415694
5897.735314317714
13330.449137973723
7567.343027911036
7949.85474612888
3920.1340919913855
19743.423203802882
1776.6156430634192
10482.68841585885
9704.936776519784
11754.076264092831
11994.432402185028
8586.172612625569
10893.20007750574
14078.419311928801
4631.143419042135
8359.074311808567
4942.6571779657725
9620.949251405294
30648.58505383769
15789.03452167052
11695.24596672081
7106.4445290962485
8083.596004485501
17803.47071945459
9240.84847646698
29844.94348171602
8272.693749776625
15400.805346962117
16373.296647185
13350.189033773335
8050.677984301703
4450.622641150265
11298.200650593924
11051.187512372137
11735.336375066478
18370.433442747748
7407.456996792157
13967.820973456397
6545.156163343941
7295.064405860039
9362.297660589433
27065.393922386796
11273.639762983516
8737.242006771412
11190.494880675344
1856.812703098694
12680.293202802704
707.0558434418095
4776.105840399145
8951.712017529053
7713.396672313032
14476.641336761424
33637.47787807463
4342.798203550401
6782.334406358092
6653.966382092112
18729.352987573322
18130.984603245153
22548.645529938585
8748.25137272526
11071.62121001328
12281.640247371093
8668.690674976115
5092.930003500319
5531.470974114802
5801.189399657178
5459.355706944106
7099.664617882236
13461.143549546829
19741.380959654045
3476.8318835994296
8652.555592441584
3448.368800384595
16221.63711230176
8005.652448065238
10174.153958989973
10942.530400564214
11311.982027897353
7855.588591123578
14000.040907397448
7614.277154628949
1693.9376194696601
12744.157926736752
1857.7967825644716
31429.983975786203
11140.829050586262
13286.958526165457
23901.12002341016
21539.114107166857
15182.663793808
3557.8415740338805
2085.3511304715817
8071.976202505881
10114.036926705781
3299.3516826728637
3772.0523854215317
8838.389080891111
3935.191664677036
3414.1266421941514
574.3793002975784
30338.180057297304
8297.882757802394
17773.32913357561
10540.12761861632
9468.31826044932
3284.463659354773
5884.35311060123
11082.902601675376
13002.909094708355
14483.494858302494
13866.297265169185
18412.78123215006
10211.220824299233
14700.18477261425
13401.323952534289
6229.557120992955
11988.583568623422
4142.505929986136
10730.955991042787
10514.071856842305
8942.880220390507
9021.696399457047
3821.339151108499
7485.40984482596
9824.518342546657
4755.088894932537
5499.673528654895
4281.289124755083
8548.08405148391
10437.39920323654
7225.171695962727
4083.5963114338115
3990.443465658037
4313.104607962041
20917.595959185073
14999.38174174493
11410.047099386771
9774.287007605759
1952.353681828698
4048.100879166861
5669.304965810581
7388.974091953066
4514.420437515085
2212.758665360139
2668.484271637386
19953.941689871135
26575.755354772195
25915.784090338675
14053.152691089854
8726.178012583689
574.3793002975784
458.842744706013
46717.35688921455
34854.01427109624
7541.500170406904
6242.7445015571275
10160.245773147806
7570.0227024341975
10192.63536313644
8133.11591952623
8226.047472553355
9851.235548222368
7682.2997581817635
13069.880088757416
7526.220714078145
11086.714564361548
11236.962613975378
6914.182258102287
13101.892965007099
6712.995776691793
4627.563617836555
5458.048018155482
10366.99403919211
6648.587436865822
12096.83959931559
21701.947872021334
13144.81459130836
22206.367728022764
23466.743601159153
22009.838569036212
7385.042223227849
5708.962073170674
15208.85193463055
5628.466592886523
18407.2386978746
12096.487391490293
8742.424498762473
12029.02667110578
1688.193875844928
1825.6523569729625
1692.5997291079996
2481.8056762163333
10126.938695763354
1825.6523569729625
2033.9888472772107
3661.9484214836452
3187.798337829096
2776.558057080625
3188.3752504410722
1897.2247977986533
1825.6523569729625
2776.558057080625
8053.2007776859555
7201.063816433174
3593.8334976069655
1263.0767089379756
9111.369663178888
7036.096070522612
6491.930295079742
1818.7640192198035
12356.677294830017
14503.844506305653
27916.147342221444
9968.966457726225
17918.273045449172
22342.257341623757
12976.276026778178
13815.21326911357
10796.881463803875
11852.001139034097
14258.482245383466
16482.354499614885
11547.543428335714
13723.456782134244
782.7884388414134
11346.73619018435
11514.80786772095
7382.045662616998
10145.834310331484
1566.4854042413574
10511.77115173578
5786.833174248147
10131.305821490416
15526.244577439093
9104.372724973615
8398.917933984529
8029.069848786837
9791.277466749072
4769.273412195661
26259.239183537564
11601.962241715613
11553.57948335769
15194.674422236612
12718.812301117929
11841.561001964228
7045.729128093884
7122.616855771345
9438.075785722229
10304.551844333759
10969.710846849222
8302.812586086846
21702.895769627285
6548.2691167785915
3585.1770718781722
9171.768435094637
2789.3427871112895
18332.22024194547
26376.683101921466
15353.38146516351
13895.258297811684
988.3796538911101
7641.260831067419
3003.993482867029
9471.416498540022
17892.433526199653
9058.883397593168
5890.349005209733
6117.980151820117
29735.80598534022
7241.150479363516
11997.789713156366
24353.904246390277
9830.82069393579
7211.921041475346
8166.540089999828
19108.29773235509
23957.761546114314
1543.9728779879038
7767.800069874787
9160.397531264705
11643.06332655462
7792.001911887178
11773.895685153235
12230.506353915067
18070.87030834968
988.3796538911101
4658.374986861339
5043.113168628482
3990.922393132981
2085.3511304715817
7122.917223383741
1392.3080722263649
12361.571184345035
13371.682672997851
8185.541032712578
7893.8304743468825
14002.409752142214
7170.793807730515
9823.114797139198
12624.351701168602
6629.311028439655
34905.88466902057
5555.6236650755145
21324.530584949796
11903.087866327105
17904.109499654187
5824.877659097225
9138.585586356287
12114.242730845268
8474.176477500987
16993.04505528404
11088.128988939246
12130.772839077477
4719.3237802633375
15062.363846262362
2571.741124300563
12378.667933596778
19691.745524243684
15921.000607419148
14042.027639019214
13822.756053149214
9969.35561312317
9340.819091861018
7216.1411013032375
25390.58507754416
17529.87661533609
22741.077751929784
16584.107916475663
31343.80132539704
42538.07420856271
7392.412389165806
9178.09319761828
5440.179897809058
7853.905500068175
11336.100937457226
9266.597280385213
9265.41086132444
6825.34887661589
7291.948147066615
13330.138597651621
6259.446964131151
5501.079152342306
5683.066422075898
4845.827410602854
5049.204761648545
4981.971057104205
4501.056664277741
6143.810319745301
30282.62047807581
7885.291189797421
4682.289090760637
5592.881873323435
2620.6365491187007
9962.453571132428
988.3796538911101
10105.205703195938
504.0086365112863
8121.95110043834
34060.077153472965
6157.974627720771
6540.699261641676
9782.410414422231
8177.471384151335
9882.518871520924
4780.454098413845
5336.8173313682655
5688.487545872386
6414.1171364826
8277.711960163531
3403.290746238043
8642.738745186885
4562.3350547088785
27048.003903165736
10251.52042613368
6598.598214183516
4604.887389404942
19989.528038920605
15048.71904283985
5813.845914111676
7640.95792246544
17716.48759140332
10086.173895480677
10956.445319827972
16561.57363550107
11171.220414654837
5042.3919209897
16837.551007760587
7352.405474040941
6687.9672626289
9808.071156742286
9346.38296875398
6844.083921581523
21426.28142807263
3189.8408063940483
6471.890057892555
14594.445900241077
13866.19193713493
15474.289170363161
14089.710276373728
7963.943673323779
4766.758550114142
7688.3067210327
10735.598612833477
3566.4423509838743
7559.732332022989
5153.81382400213
8818.811014752922
7858.443262151993
3702.838410682185
12339.265461236422
13929.473295961188
12977.751205675475
12286.325027495002
14977.959532593664
8010.06766701863
4146.0911945352545
4682.973598242809
3304.7740798111763
3216.438599103794
8021.791553016819
24631.051967520092
14565.597271104021
9208.21133621705
14549.834880364173
21597.67608501938
14457.586147349652
9220.534196493465
15807.208174079975
12120.398562004395
13390.83392889593
20908.69560388573
15536.418954802091
14640.847204413818
18309.604142069653
21799.19360661265
4284.489666983829
14917.415490560037
13552.400551616032
10902.425949571307
7070.8672782635385
9025.53829498177
17576.088253010486
19163.14131267117
22715.887280223422
35648.22886280714
31834.43790151372
7310.408366118367
11020.538815106413
10990.895284854274
25498.44085656073
30499.878535222626
38355.99995319659
36603.81399668701
6329.265083726684
20485.576746084836
7705.369088164012
9821.410311567735
18024.586106885545
18844.13326246767
28676.064289661383
36010.13036455087
15873.742688405036
15605.298197202064
20002.09175242595
6951.45344039939
1949.4210148418597
10392.58580496616
14004.267428885447
15661.918695565479
22236.345787497037
18755.828114774882
17215.079777854327
23609.406767742767
20111.35415820539
20816.41681331149
2939.841050825428
16115.595911953713
20619.374487160967
19291.11992387108
18856.231201322684
17877.68808519132
3447.2845532049228
10512.350230702696
13551.747715768492
11275.792591134648
8368.263449061971
12782.181307152208
6890.42891813542
4240.686680641083
1471.3237343500616
9022.431852509793
2482.858619667011
2853.0022847909167
3188.3627132319975
6460.276209140337
3104.9320744091865
38185.92371846412
9891.056541532213
39094.77383205573
7422.677879193343
33988.00146933133
21948.797321320573
31193.637501871748
7772.5236817369005
17609.303157740855
1727.4963329726095
12166.890831986948
6697.784984266587
34620.193228187294
10497.412784635773
31351.60219915721
16276.328159006645
37843.74155925008
12746.809918466965
bigram, add-1 smoothing, average word perplexity: 8658.75916988546