25906.225992768028
3055.0148649493744
13295.414978556313
5823.927925041608
29359.15017048244
2273.276097439737
12092.252695620204
8825.957304435411
7597.4375079508545
6124.919674817212
5834.277792876461
4496.357159958679
9203.504831505557
3969.0252986997043
6215.908677467041
19362.823322399337
8531.307188576353
6912.504381459352
5515.116041038385
24109.48027599982
12125.488795616446
7958.795468561461
14829.217063277401
6321.180540409642
5674.768527061989
8651.074301123532
1648.2669495850614
3082.0877035410144
2768.6476557250066
18473.047939417116
10385.782487477953
5698.01742606946
4003.03478588687
5064.321755865204
4497.751523760266
4077.786190058085
5830.1080412914425
4349.128391909425
12359.641427330178
20665.103545435937
9275.244086262715
4150.599365670252
3980.53924489109
2699.010683000974
7263.5970555252525
3480.5820036455525
1710.3020632897687
4556.18872114927
3607.9679376001627
3191.8715159575363
1538.6031668578478
5133.078351053178
5052.598938327386
5287.898694428754
3785.5165981850614
5096.317933557037
12139.084713042857
6674.066273383104
11581.978269166933
10626.942825023498
5092.4993068637195
17599.05618734374
1972.1464974111257
8545.036328111784
10845.265925768637
3404.831054751964
8099.869324718712
8612.517154449271
4653.935894778968
8988.745392525288
8517.180285320639
5380.758927070146
8275.46367476419
4749.753800008761
2952.4980615039776
7478.596669133738
8224.124891639558
7433.164620048732
18631.457119336857
15703.63408438536
8035.057385836932
7015.884319204437
10154.516246861333
16538.82963168261
15788.88291658402
16771.80932121638
10779.351274216388
31207.779169641923
9991.633390981011
7585.988432929998
23902.170097342805
8959.824922568303
10032.788363196583
15970.526293674777
9763.79462222202
5972.165265887659
9420.337420003934
8981.099493302589
8523.83066083712
4675.287673303934
10572.181055792003
1508.8440436941444
1938.3808009795925
11857.41165251214
5433.922575301928
15308.600391921202
13621.79843880718
15321.031974042202
11544.167912161343
17370.957044185663
11489.897979583357
10473.470888267884
7014.807890943295
11899.004274056018
10816.13869232723
20968.374012025044
377.856832187376
5462.55904509376
4294.953810476258
6539.812589836039
16565.58012589451
9933.909972578302
6263.434144186441
3961.229644618569
20728.300966008363
7107.822013954154
9283.588970485467
21696.324087205085
4264.979229681625
8618.512578402157
7398.119323618056
10554.60743034823
10103.133268688895
26003.646574665767
8406.308064083796
11721.175478592604
8424.053600121437
11408.594542943436
4939.157329760863
6545.488473084284
5435.226990502945
2891.2816820872904
25768.890740031504
10106.833175194848
14689.753650148687
14842.122012743239
9114.67920755019
11557.95868687812
9320.568868147251
7223.233516026997
2905.7371615007314
17977.685707768378
14072.687469264973
9552.154570679273
10013.424799183887
13085.202642462495
8988.770015874929
10840.622453259111
11900.266011446214
11951.674634928186
20092.050786620825
13747.539157320714
46173.654873220046
21268.29441857643
23849.703373814376
17955.48607855296
22392.051614203345
20299.795282529336
10937.24507933835
20715.548049094985
2871.079383488494
7501.656984736617
33638.08311418986
29983.685927694765
28412.909808844757
29217.095199300813
14678.722448050623
50683.6326480404
7386.728878549923
20056.49465078144
10850.553456464777
15642.958662887573
12722.29772028915
6973.726798989477
17830.677480455448
13269.29448991509
13396.283864045206
13143.39009529041
14033.709197450678
9835.243413745857
29464.762872631163
5636.906160337132
20923.076489497846
29498.65923480292
33433.36194852831
34152.53220450468
8569.934682510642
6832.374445096553
1632.6903051374798
17580.449322189157
14193.12119226817
6290.711325605411
7696.974759039317
12023.254611975997
31287.715333137512
13221.558082246756
9225.223411811616
11881.854184862994
14221.958551544374
13529.221326143317
6431.511887257544
11693.768147909632
6267.3769845015795
8739.509266774248
5819.96390336898
1773.8293426740047
2319.484496341138
3694.2295980304452
1360.7068728303066
5167.797712605481
1757.5561731701691
33699.680491940155
23037.055300906955
8912.445924240059
16640.638443391686
36604.90891383685
6661.265042230584
5141.037628535379
6679.516355139108
7719.328199671583
648.4544640980704
4396.43806987441
7308.416785529779
7040.095026401736
5325.964949532037
5417.059256810489
9019.17775964303
6954.657291469147
4870.705481660055
7632.896146382352
6074.227538902438
23320.248723289973
1300.5378914623186
10993.364683515065
7787.26710123655
9655.294889599552
10885.87050096337
9231.446993809956
7115.8859938845235
5451.810875280886
9518.780173959345
26566.18802027999
4503.079354507936
8227.619750271799
7425.203114207613
4320.023089395889
10437.554859061383
7701.965022005445
1945.214930436865
2749.566542003387
1310.3020921427942
7352.679258238739
1974.4234914546303
13312.571686836782
5742.300574847063
20699.20733882648
13751.531466081557
8432.769748017889
13990.465599122315
11772.915424172836
12915.972458920767
5396.6561921068605
13906.233005314158
5330.073147551168
701.9692972519329
5555.968542417294
4735.8819921783825
3199.7020753542565
5942.204502591123
3942.0358518490875
1753.5148186692415
6657.094883835642
5863.9954754937235
4268.205693133246
23931.93081321117
5140.178989881396
8737.80930130461
3619.3965980422836
8044.87465239731
36517.244179679066
9596.978175403428
15684.114897398516
10397.209824539505
9773.67544549778
3728.8845021008933
812.6857586682743
6744.825211388007
7647.511839094462
8867.857196915827
10016.816001437672
11949.987840304382
8292.321297148612
9858.509924190856
30840.869699047933
7607.195394614426
9421.146030259526
14405.838467748672
1197.4548734830157
7037.068052632397
5280.341400137876
15351.372699210622
8899.23699015672
15023.106534329541
3145.8132097997295
12497.456600985915
9598.606822473981
6230.442740054564
11015.462965323413
8358.724775327795
7906.8251733364905
9059.213232538355
23012.34972148722
5290.949527046256
6270.3268771901285
9366.913715645924
6251.145233205887
5769.914817492219
11963.352863956656
8496.53548074951
7407.737857126121
7101.861477592699
13570.986835103424
14177.47731020464
8634.781872362428
7660.784376402374
7301.120899281073
8380.355825622091
5880.7428360098165
11915.113487810191
5683.36810957206
14730.58977766318
2466.995459050775
10545.285805341455
6488.341344507356
14481.650245646062
21539.824906671354
16929.584412889366
5877.317058157559
8886.541951370402
16499.147006453655
14997.98953150508
16629.33855463499
11149.496977301324
8648.36646039438
12207.125935213246
13217.872242697205
14463.312757797603
8652.658988983132
9178.649730001802
14416.684662358071
11194.719425602143
12549.938597952576
10483.319524361326
6304.238034726608
3163.737897471542
6091.017394884201
8515.520851001482
6742.035500851948
5569.351549429863
6529.908623088281
6491.419645296618
6132.706603097326
6284.077850130717
11432.35243378097
10935.904293806323
15085.5493294179
4962.164902752032
5934.3121286629475
4433.496860349728
8146.006540365387
6777.679295143366
5626.047312326449
7596.058785111434
2286.510438168125
9094.55727370006
21124.941776558382
8892.11008986225
5818.199958664889
6474.46193352057
5743.456304988331
7208.744753792933
12333.07478847494
6420.673862827085
12157.522958718795
11763.858532515045
8879.744222663532
7710.035540451867
9929.295799806467
8417.584461775868
9717.689595458347
4817.615350753316
7562.019502463146
14441.558030211465
6630.2868673497305
10605.955839039249
6142.988288257702
17755.849229401192
23102.155332080794
3968.0965703734223
4168.3058270625315
15985.292803259683
23836.8407814826
4101.718617839566
11415.942727716187
1521.9350474151674
9129.96727899923
13488.496687771842
12229.816922644151
20108.76686985297
5963.215716996184
8352.831532536246
17283.33728599553
5313.999639961293
8598.905882681678
10775.08550474354
8241.864175784745
15733.316485268935
9989.40162569183
20827.673114735
8925.607322511674
3933.1990663868924
6103.0666372824835
8094.303093351197
1283.4779230166369
19047.45711641003
3971.0385932159184
812.6857586682743
12363.924993791255
1145.4426547213338
5311.514802169852
4977.843720627531
12068.121429960396
6596.661267156025
9108.326522633773
11372.206799158326
11741.12816306168
7273.520623997648
9478.252582272306
13858.80333566424
15413.175702032391
6450.218505095333
8476.135325198296
6372.430409500262
11471.243929352913
10424.642101135545
3779.658751012744
5186.35797244217
13674.092226102508
4967.3818562204115
5175.770213517923
4201.817681836223
28190.84529418014
16234.00498549635
3918.1221652729923
5561.6257228540035
4048.0851090714373
5174.894182267945
12064.842482835813
8626.833591585164
12672.706804016432
8830.900245104394
2688.3513775307997
3691.2652488813906
7291.260642430203
1935.4501800544272
4806.264765817371
2969.6754853979396
1710.1100238866948
6779.521963632524
15130.82017685661
3817.90031435873
23007.453355879323
19200.85357588331
13196.330012340428
27014.031161507144
4990.586742675759
10773.821788931755
9894.483915441266
3832.5828817071215
6656.264279908449
8386.886404622881
16344.985522472407
11608.343230727076
10623.496846265183
16238.82602883166
13605.054626597268
9933.049133117693
4059.079266264505
10570.755593090973
8023.302456725385
11642.699015770775
15600.392812847198
9471.23484328981
5342.060698485545
9739.260630057308
11933.373574041672
6688.388781544964
21472.018044842396
7459.042919871258
1118.667554395268
6141.99669022142
17868.375062430438
12980.58756135635
1003.3683175903551
6993.7363892208805
6662.87341748691
9554.923234028129
7567.200302269188
8280.677524351608
6865.910989866447
10127.419038386071
20243.63755598527
11908.741483144096
15775.255410973836
12622.129683137306
7200.098026078543
1740.185810164195
2822.022666762217
13108.4996796642
12212.330388907352
15254.856250309176
12042.069423152263
9386.42656397437
10355.10281120942
11532.491362004575
6633.753266861716
8637.84629332744
6952.625412235732
4453.703365625828
5277.4900444766945
16159.080038041784
8303.994823095276
10283.891662955168
7252.52052315157
2785.5496088228315
8658.50404531441
732.1043119350792
12650.99467139955
4549.770466536201
8409.618040525771
4866.022593727634
7656.045675925265
4795.908760958422
7776.4410643401825
6116.989256073979
7403.770709524286
14778.161203654792
10695.526067224939
16627.55447512056
24967.629161847613
5296.669272121578
10147.61474238511
8711.01999444261
7206.248409438692
11748.649987862667
9833.26393469671
6764.140915332149
6565.311277205859
11782.481796773747
11181.76350750095
1682.9236951772496
6829.626952716206
6193.303484505729
6835.659599912302
29543.637854985733
6260.891541642658
12417.851308661173
7049.3585281877695
6492.621630880041
11682.918889997703
5609.447483482955
5524.718557012677
6985.817435811463
4310.312370477275
11549.337326241988
6487.792281388014
9190.429348443444
4757.513778801249
5180.0170661329275
7718.070224650706
845.0937856845732
22579.896793337295
5286.615648071912
5181.385089800228
6313.324898128877
11613.408940677415
23540.790471023043
12219.755482599163
20722.78738015375
4226.414416585255
7021.1354105375185
4868.782914066925
5802.403524879476
5167.525575515547
8195.422721265802
4717.552464805359
5685.4345126284425
2209.4783508603878
5708.648116274027
4025.0065846234465
9469.34985371353
1351.0589058888872
4315.090233580242
3562.042483673738
9156.785429166966
5016.383187690668
6683.195555730876
7201.14695835809
7398.843265455632
4646.767005567624
10184.10127700462
7946.863073636935
6368.811295535322
10442.416715313975
1299.5577288783545
44131.19223042854
6442.678879063341
6553.486108681968
8108.06024217239
7088.577887682391
6443.616376371467
2501.4765979951976
9920.356974723618
11881.436923062109
5882.9176685248485
6062.2550111427245
9128.619372225552
2786.704881442264
1537.0329071380713
10008.486967239562
4100.09872330411
5502.511745945811
8264.714575303673
5618.377589137516
6852.240269435245
1446.2332852568215
10224.060970972409
7504.909807760397
5134.455914293595
8850.907635205134
10281.533081888934
7846.488448470985
6900.021015336672
2790.5215506367244
5058.104730063215
395.3162863454223
2176.749319023286
3161.392231147947
20067.72285426875
9753.06244604724
13197.442362816042
15329.090847222735
11724.21754496308
4371.994016003963
11156.190075222617
4128.700797945233
13294.45925955793
11825.470309849587
12140.047793104697
15971.825268989382
9933.974000894437
11836.827579046876
12198.611550989492
4883.0895568531305
9256.301904751383
14863.734115473266
12675.298123341852
16240.48326041361
2480.709644630175
13248.164378835909
377.856832187376
3577.174230258128
22700.492766061416
4143.531416711893
4560.744041413401
6527.930813155344
9057.447197411762
6001.515324133279
6622.258811402839
15968.790814041473
12246.07344221026
6869.474004111394
28402.027911253612
11755.687457527594
16347.011305711687
13727.506569779744
21996.656947084477
7853.6376868799225
6415.003975039815
6879.8761203028425
5533.638021871244
7253.834889944934
14533.044061436784
13015.365236731277
9495.464776662817
19223.397098443496
11821.834199978568
19206.76276123267
22217.4109960115
675.958776398187
7682.630104508684
12464.510171702259
12623.59345912133
4881.822181851815
10885.087508690141
17351.90375584726
12243.083309860047
16578.25621516698
9444.166486176959
9657.877740653314
377.856832187376
16318.619586804605
7854.633465385576
9167.046737054216
11475.236672428138
16461.356146768918
11946.785014923045
13359.992792340016
18866.973020346497
22847.798542642435
3170.7082007552217
16368.389073822533
7994.333474187362
9877.61828376754
4209.423056115166
1611.7711809950363
1819.822359488276
5028.965618776409
10355.306731819837
383.57397895485144
1611.6918779381488
2768.6476557250066
2756.1448825006873
7629.497643533981
6088.149588569555
8323.377062824253
15654.108897088272
4990.413024982678
7323.609984872236
4746.970290455806
7989.793063188336
12285.814023607638
6249.945588473306
8334.781404444002
34116.46585144734
14567.211853022207
10570.132903363356
10001.899087619617
11221.239351399247
10904.798777036081
9473.708000081157
13468.759719491532
10150.257143720884
6916.447458559737
7505.566904395788
9876.05195226904
9388.221935256926
3536.8569143161594
10412.985434350905
5702.138975528727
7248.29860595848
11592.319133400913
2385.1662955614443
5660.726900776729
377.856832187376
19310.643747636223
5605.324219424209
29463.56636461432
6550.846275876226
18413.929889616156
8026.919961312701
11016.637004083626
9584.59108375373
11488.829963606095
13638.138664958242
7314.255518532712
17100.782982096254
6680.5123666517275
5492.839118917097
15383.188112738993
2009.0747120332474
2260.7664447449515
4047.183259590598
12009.724334153501
13879.184490076008
11111.24454674125
3489.412003901977
3490.0462135575926
3489.412003901977
3490.0462135575926
14560.55139738051
18793.90617772465
9477.409688992686
43187.97632369603
23460.225208277032
12427.313006390377
16489.218391751678
16313.401683071617
12765.011477268874
14590.099205095376
8155.204901051297
13796.41922266103
21730.313708979127
13006.731883985669
8320.90386282876
11019.433716985215
15204.017272725872
26343.84137197016
9729.76290387239
16925.849771856534
5480.79040515349
16328.049186966597
5661.880770551017
7848.337829623766
11177.37213170241
6219.858901040366
10010.930516483293
10643.192813009748
5991.232388798697
8674.761385744714
6107.735780527809
8593.6128644523
37440.7421499008
19704.49302838051
675.958776398187
12060.755231050507
7823.2783699106785
8271.356344165599
46798.162755894526
7036.08861203058
8810.698261532152
8973.494464263227
27218.14043476263
11612.539560086752
7393.574483878524
10191.036542620986
4457.608089902278
2769.8162930745943
5853.588786121646
5340.807193768152
4467.537280251977
4646.577983335075
10992.359965051473
5066.771574844489
20892.27601498962
959.8734768892645
8010.903340868582
7969.4834651292085
13145.892113499633
14902.50052718477
15620.04523821734
1611.69980894624
644.5513648041575
9487.699776629677
20153.622353374085
14386.636637823432
20035.7119390631
13539.533574447232
1499.3244390354273
36169.36643823263
6913.180194081924
14693.629682245075
13428.981515586564
11150.455862350913
11053.72705428876
8719.832561104955
10890.594116892642
19739.936512869972
13684.164349726881
25096.614991656486
15702.71433534966
6836.233710007049
14629.085424609613
14104.45360777388
11074.888737778496
21634.547391150467
18753.466645057477
12603.97777994054
11743.690062469364
20327.044094033474
3541.687424449588
9093.213825081784
8285.723360358508
9199.075902235032
12655.340570384253
5226.7782573215245
15114.49251522599
5942.806070117633
15394.524620131382
17163.42905802362
9617.83977355455
377.856832187376
10721.282366569081
25673.036640440212
24082.048873306307
15200.576120420978
12273.87479646138
13214.75355341333
13081.984762106962
17515.45169647235
28550.95071426196
10315.167628523131
7623.737300919618
8662.34621052324
13138.491612971035
5460.395796281676
5756.267712281112
7597.928201875856
7001.558298021339
812.6857586682743
5440.591211765419
5153.83650636335
13800.566706010164
18809.451142021153
25284.028136042216
32412.18576749653
24963.596246274687
3570.6610637608105
2602.6551845693284
3902.933114591451
3842.989254998489
5551.012093519219
4771.513492652298
4144.737194731044
6187.680287185104
7765.811287294411
6969.829614691826
5815.765882452805
3847.3180106411223
1897.453978904878
3124.210330720756
6721.685713369119
1694.8679351217056
2537.806404545095
5329.644219659653
4609.152494205659
840.2776448987881
7051.860700326482
3982.681025976567
6178.796111026864
5672.626374728187
2435.4564379039543
3346.568302013934
8979.18736923448
14296.58758335218
7229.958911993164
2594.65465577394
2746.2912039135404
967.4384134575909
1838.271618101203
2090.794123490257
1285.4259511816208
2957.169665424939
5893.14609270136
3317.129623480499
14719.40858139048
3823.898618420536
4034.080837698336
4019.2420037834295
5535.695186994841
5328.520350616735
7211.125876673107
11550.897490023604
7369.31128919978
8677.834245364114
2073.0007730428224
2382.797419021567
9978.84289480356
11580.594690297496
3594.065631120879
6028.717246429388
2529.6144010442745
13224.112841802094
732.1043119350792
6757.481519313551
7585.592760933139
32334.94703453028
14505.364017669408
12935.896068215457
9990.797612130495
9187.428166129715
6129.026038514469
4614.3761773115475
12290.51056887321
1701.8401121046707
4495.344099440556
1647.9037474709553
3549.1434425751104
1294.9562423584553
18019.603873463046
7665.353363156931
7302.3450438375685
13603.132345272343
10101.863023643085
8352.081436946297
6281.266243295941
7522.528227660418
10689.481798652087
11809.783043339405
6610.711192780273
4381.500626403523
21764.65635567482
7536.310961255299
7536.202174024363
6360.521727841702
9533.786188553617
16735.436893235903
9609.551989825379
9382.862255552367
34214.36165809893
11240.216706346184
11083.025248747645
10816.747650809833
9104.246021953173
8679.559537515444
5746.444675789216
7511.4909492323
13979.98835692236
27709.251073097726
10325.432520487519
14914.254861513347
10648.285951978194
13133.219790073443
8300.541490752703
9725.513389725798
5969.8898221539475
3939.0108707528566
9590.671958235926
12073.124720967633
10002.22755112665
12469.744950339438
13431.789892743349
13575.081607888775
4937.970948541457
5011.830811923176
8112.679658561523
8206.353449200222
8398.54796212578
5766.189097632002
13755.560625487395
6038.030562489858
12390.790503972677
7851.9664435160985
6429.874156511036
11511.377463582967
764.717851817718
7288.063195583618
10705.075784341861
4942.314721729336
2432.800448704225
8608.063137103953
8005.459125991151
8963.102511888199
7688.800339000982
15054.506417036058
1470.7771631097223
10603.293152723025
12315.703226372134
6307.035956256505
7238.277279528671
2644.08733553676
7742.826990777657
12794.857503641986
22184.461136532358
5708.161217431937
7151.8531085450095
6910.75143148295
6083.5480028180245
5148.556254989495
5321.588157505882
9393.226928031503
12113.245000120563
8722.411280426155
13618.731004915739
15123.965210782097
7943.943573123158
11252.413649078135
8045.116458098053
17817.629485865782
9066.420204181066
8264.537747450937
6820.077926417131
13998.447059162847
4614.727653655415
12911.391481526001
812.6857586682743
6722.380400745687
5632.6208183689705
4581.779467894688
20539.23107340132
6989.109506627996
8708.913295076545
11595.123518556995
7079.442809110505
9462.339788774218
8081.13754888359
9490.23704643139
12151.38310935389
5449.0740502573935
10110.311315905168
16744.49302494465
13404.617357303192
3681.17717879491
3425.294806950722
4187.454828026057
2845.300674691693
3239.4442058455415
7955.326529342314
14167.175168794916
9874.17412720387
16783.304912529144
7127.333652842098
10024.882053787784
5937.724537797143
10870.777347900632
1701.4373236152417
4284.82583049809
15027.547774704779
1272.864375850385
9833.741238075396
7061.404874123435
6844.747590875524
6091.443217739875
11460.035289397358
11247.738803156082
4359.528132328978
3283.1565700825736
5009.55074731683
6640.752731469934
3414.4343022390613
4166.4533062849305
27188.190392405842
20971.87210043489
8347.856563975765
10454.715718271167
12995.340951814942
17242.846684500953
7538.683853247663
3160.8154188496833
1710.1100238866948
5205.50547204246
46003.4255920873
7336.906589280991
13066.53399948453
15033.173489300812
23024.700980464928
13735.303519893072
3210.488609814489
6594.246584992573
657.2815588884039
4641.549669682452
2058.1126789733535
2566.038848794165
2935.313491205394
2991.037303621301
7043.984232327326
12413.468964200461
3299.085537530994
6880.538727016797
9041.637364646174
13305.627874173591
9810.842965486634
7777.228752257816
3250.9605069421546
1993.4630598246724
4014.5362628726275
30921.24240408282
6090.320142016048
11260.958244058465
4655.167021469773
3417.8299973894545
4724.77759210138
2247.440903923355
11283.750836482295
3221.017582521031
2405.0114017626347
1918.504188687617
6439.192640947883
4246.257876439844
14107.038469933992
6414.123352886879
5942.88204459588
7890.646064023537
8082.662993879473
7687.116087953402
10055.518051280891
4005.864636719993
15060.581169441499
11151.836353295867
11918.902559770213
12120.719953411448
13796.12158362464
19697.635728032838
17371.127100374728
7141.504933900363
21152.932500291678
25193.96917334946
8512.606339595637
12798.447207512721
18345.8341985178
8858.960247456265
16509.170928740437
10174.182404239342
10587.902195375575
15082.734516067892
3632.9893393940147
7705.549578491116
6027.933671754171
4277.505042894377
9484.144040659266
3608.723821421288
7454.810103338134
6507.383936177619
8044.658959298083
5754.028857110605
4511.79055300616
4588.456427385849
525.2178187763298
13036.885131924799
11609.891352793175
11085.54941038177
8018.134274124208
2154.5296318271044
9145.949001613559
11916.275487622515
14569.47073984503
9585.13324009128
6709.8852507826905
7588.134591006314
34862.609811825474
9880.398540122707
11880.555356395475
22844.814359561726
8651.391301316835
12159.758127964566
2419.570219225923
8447.666549873282
3820.488836811473
5029.749119584024
10541.090461778422
9567.299164038395
20986.877453910776
6824.494619754031
3507.3667585905437
4240.516642764863
6172.047712766214
4907.898777358992
16299.86258088072
16289.455153127738
5083.957004926693
4999.529728251581
10077.477754403786
3389.8033167733706
6308.394115223988
3846.491325910797
5185.633879271208
24149.328268031033
6599.798964629742
5822.783671215547
6809.800636746682
11468.11136514818
3759.678952140273
4574.2148929699615
10198.241632612499
10093.460359751913
6617.830217920564
9141.872193448251
5344.884813525792
8994.329391706298
39032.39497764765
6240.78787364735
6155.305219761347
1506.8060209391654
4661.665725246416
1832.560258264485
7175.334230538043
4271.684334649478
6670.879127103244
24442.24151944143
11131.617371084943
5492.998696601556
2652.638657471721
9887.994591187975
7101.32811652346
5356.6585470677455
6890.813238959252
8840.85524905417
20479.668294944408
4517.291905222686
9086.65114554366
6206.452359829815
6460.84965007163
10744.468797998896
5065.305734957999
4848.234780096998
7426.555558123211
8877.644453173467
6815.046331350005
6202.693043138902
5037.490748523333
795.295527641967
18961.894803754618
6090.247385587744
3468.3927944930592
5799.80089869734
9602.616429258544
20760.75256231977
9999.223015271118
6444.241986314941
17229.778029813955
9181.136680219992
6093.536093518598
7816.553940885037
9565.265425826829
23735.88330388033
5306.269438106401
9061.193126735434
4704.071857054727
9212.042746960708
12616.156185053274
9245.739047241092
6832.563836805309
5933.172430549076
7979.608797734078
5644.072357025714
3366.9337951301213
23617.172644841798
5993.876285763467
12369.686353134539
9649.2947631914
27468.288201825973
5732.495344103566
6393.69155610211
6916.8348352544035
7046.774016907043
7751.685445031557
5758.051678044856
812.6857586682743
6234.959673895432
9761.413620560967
23330.283040794053
3919.659792835492
11095.952761362958
4377.777925412535
9339.65902256392
4595.548140499349
5790.163976844502
7847.186854329035
15709.281972999564
7790.803931351603
10853.034137865987
12241.898705591937
15235.31039766949
3223.1319730553078
8958.076515423634
18688.200536095064
9305.592938610349
11210.947824068136
9600.548327835371
5834.79906653821
22746.406291857715
8491.122699321431
3335.750422335071
20413.121020779123
10820.547946933706
19304.207308510235
8755.868263581233
9142.026348443887
10399.083000417675
10132.212091523634
22933.77223987407
9853.920926656108
3989.484674363453
6507.132077647109
23095.4413348888
7327.345537809696
10178.869059033035
12365.100626391006
21834.494479400302
9416.579494055846
10753.644880136217
8533.232722873263
11104.179395321766
17540.65939254611
18627.626907193764
10621.138226156312
4519.235569280022
11742.589431749693
12875.274663812275
4745.829648385933
8894.682027178264
14971.618690530495
16614.22158663026
11989.372750476232
4535.665822607991
4762.567325419061
1647.7955295038462
7722.757768910192
384.5955631785671
8066.131977600219
8498.397114500616
31559.28418259059
21237.48785430306
20047.08740954168
8730.137893611096
12555.877390629208
7894.937917905297
9449.947643202695
14040.638294042561
6255.260665684848
9486.224577264788
11857.763665826014
1486.3513729086928
1143.4760306680373
4918.82526399699
6172.598282261303
8185.339480760878
11361.218642947235
3343.3568012835403
11091.658360076073
10358.530464220461
8632.63657072146
12342.142989926424
11954.069239052787
10154.175032404206
3352.9425537335924
10847.633180174626
15039.787548349008
9055.887487096295
8153.209428360474
7482.215693537713
5174.641291663296
6590.133415502777
11000.269149956308
7391.225762688737
8827.358138339769
11034.762377112898
10681.45297352859
12438.441070635725
3397.408983947774
9447.988482510375
11834.82456467992
5057.987256188909
7056.42044764902
4593.099992386022
11427.439519080814
9174.575075687773
14184.377016665974
18163.113218126433
9427.41815211986
14444.76955404735
18840.624153770557
9881.854337344419
377.856832187376
5199.404942025227
1423.4065768673618
11958.968305911243
2646.4755625636576
7679.851444768363
6418.205517372035
7299.181203534983
10193.079920170152
7956.884642002581
3172.7902511313987
4721.495087750622
6709.61939407053
5273.95883616455
3026.6497672846504
1310.6679276209397
6920.482932573545
9279.400314626026
17814.333998120375
7807.095256559759
20001.12186418471
7918.723206296954
11789.096228355922
10263.391454748911
26374.149707175715
14340.93396888342
9330.223119370015
7153.980254988424
3697.5332761791956
38337.13747828616
3488.3518534110117
7491.461568954966
5466.508488501556
23284.82119188529
3901.6456236013096
7993.48440264521
8319.637132663338
7988.088507729435
377.856832187376
3050.979817296463
4918.121138178011
6099.473574514115
10623.097226104359
557.1787078841598
5057.898886716653
9036.8199208018
728.5791229281596
4839.448994794828
9064.386820621427
5241.785671553807
7761.845797453151
8675.568402459901
4792.445146395438
4546.167463890335
1997.9888319339393
3297.2307529782784
4468.0580321950765
8974.019100243942
3338.473755518859
3126.2688704423003
3581.6203639883647
4089.3456065244854
5274.191835467767
2227.336439814715
2813.463532725406
2695.4967853594476
3576.271871516139
5357.277318527113
6570.4949771009315
2745.0339855919437
5663.823218031477
1789.1186518848256
4634.1798250493885
5103.591789056083
4682.438063021546
3292.3973169925866
16480.459366673116
3388.2440990690934
6027.224818104927
3393.98245014696
9120.85902551133
2143.3203279936524
8976.851079537213
9767.835395105638
2700.9602905321526
3863.4143740467807
3937.3859646233223
16335.056388752053
5426.933541620017
3640.6771348557754
5280.466219584242
5678.719562584621
3735.1762691784397
8324.762530625861
7388.473977503514
3928.4606210039733
3633.1155280742023
6233.096883831625
4393.58536558187
3878.8296086189057
3925.3889993775506
12989.688841621799
3133.1307572019505
6336.298838304479
18412.68001564797
3740.41566901719
2146.4856391853536
5243.724190767735
7304.07115523264
4880.737016846051
9166.606998623809
8658.092929331815
7201.230418147576
10824.258420273638
14251.390446191232
5165.08429767898
3482.0606664669344
8928.962843692007
6030.945479011136
6580.398276120235
4495.875949969748
3914.895049945301
2231.5513281939166
12290.821405956352
5704.842564081084
7428.27043959635
6685.853736295576
7837.170001244277
9010.759793870837
3961.8260545899307
7848.7594825934675
14207.564844152012
6016.0365057346935
5538.643829326607
4834.500157482605
7376.570827272884
13319.044887822845
12788.34628776657
15428.595151263698
7064.4775558994415
12102.72791234502
16034.935595953692
5892.490012839772
16632.031961873978
8197.684083358954
11200.574577698255
1761.2976138593308
7894.54663611341
12423.57724128341
8409.422870449138
8246.663222248164
19288.366225877824
5487.801510776905
9563.307661095174
6547.85000211044
9427.289753465038
9422.245388350855
9072.723589712858
5333.846600597588
9303.349548860493
3508.83988002661
11788.59192147498
4188.896919383845
9952.679015595242
4721.181335878953
7394.49425346983
4867.9501972683265
19216.119109882933
8746.68271395943
7908.4406398716865
7228.371371034626
7624.978881078243
11763.203997643835
8271.50860463172
18555.191252063592
5675.01645306576
9474.740338522757
5677.50118720567
8293.485889901964
9713.520710569248
10654.962488567233
8275.947158724088
8412.536804856087
18641.064188298493
10419.19254920575
9929.70765338896
13260.65687752258
9867.547110117597
9500.286274001977
9753.657992430215
13097.229948601378
9086.736577633374
6612.967515840145
16513.279319280107
7884.169419358666
3374.4329105676447
8115.1361087244395
6019.05290658896
9910.859852152284
7769.517812845631
1725.8702716585037
11348.212820615878
6383.717424595479
12799.74042049855
14008.23300772721
45731.81859270933
20631.45264571046
2783.035063631498
7725.435595337458
13948.575772294445
18834.937241846863
20554.280327900924
18428.587425063633
22856.48047484236
29282.021382682193
44836.21488150745
18217.220852578117
5531.941939246103
6029.098551927692
5070.192624801019
6178.124820306416
21133.438139809932
12551.37692887728
17795.458135574045
14182.06723627585
17032.16493843043
31961.25111718328
21642.09228948422
21900.69312526663
39867.00798366857
10192.238539378572
27822.211683706722
26471.005715901774
25429.6090218278
13734.464022531605
29424.394058420985
10682.128464901005
16355.184999405292
15087.750947016328
5782.660940916759
4825.872232820586
9233.784435603011
9653.928913947455
11310.482332814325
8490.886700207748
14295.793440585961
8839.253166955892
17087.93268657146
23437.35226016006
15459.377271504583
15217.224345514294
14655.62250823937
24166.915967384633
5825.528233435213
1503.3026144020296
1738.431383204355
653.7535957290315
2681.780228532747
2341.367885774127
6818.925953347807
4186.595106214959
1500.3313601225318
2470.034248239312
1759.7587829056577
3557.243745220592
1137.6711143672383
3388.574939721283
6920.100282633552
5428.802200762985
377.856832187376
2660.087253309056
653.7535957290315
827.0496545825898
878.2615835583777
2160.7754856036768
1352.1605601137048
3195.3864428153024
5684.78221846105
2649.471932224248
2868.009276524047
1825.5508939342044
3795.2166029299524
3329.9643416202925
1636.8562361720485
1239.2876063460913
7233.991410047302
33433.77584791063
3166.7769026700275
13925.334529301968
11610.922864843957
12828.428654425054
2398.729151232639
13215.131048152085
9318.473489089625
11824.495584861093
7568.220096736646
13359.463354689331
1833.955275008878
1029.1451691043903
15980.700303898066
7109.313070990627
9169.314733907582
2047.0452187709059
18544.8769883072
6785.474491313722
12662.45753033094
5515.063245975934
5996.9625730574835
6436.104850369916
2969.7541210444156
1710.1100238866948
6797.917310822232
812.6857586682743
6727.393127070478
7061.295119332944
778.2655666246287
8274.68072425824
9093.63394906288
4464.25050003881
4344.745865247449
4396.783546460621
4596.561891425592
5090.207159127316
4581.982844737788
4950.827935711905
5080.534046938289
3235.9826232495275
3656.311730379586
2964.526285734174
4267.230125261485
8167.723685179489
22902.459742157644
7597.969613366013
7455.877600077169
3120.004367636483
5055.506453836761
4743.717058283262
4384.810601874844
12833.412849080803
16340.661545273324
11285.381134855623
9488.461771202472
7789.054259854542
3483.181414750172
3617.935270524916
7379.77887311336
4779.11665964918
1243.5054364224154
3886.3414847935596
22115.056513211588
4384.123058349049
11504.421097323771
4766.788949266967
10372.898587358963
8574.610479121406
9735.830252840622
4933.0125705119835
7262.042593663257
12134.97529629049
23184.050878086106
11365.297590997252
5559.365431783373
4103.477232109694
5761.577489441634
4816.510623984333
3157.9554569093752
15727.887207715909
5897.79254556193
4679.033665667679
4689.130963458842
12768.861203865079
2116.9505586466216
3044.792060771829
11946.387996749314
7835.838423489179
9996.420476508183
7998.313632551285
8049.270958753661
6580.122022921601
9284.516190965898
377.856832187376
3611.0694929128495
19009.244303031635
8761.086350490388
11290.851185746296
12496.70029137092
8375.058384024718
5960.817151043143
7900.628338682929
4132.375061872695
6427.055883804266
10949.442301371468
4911.2453148679515
5279.995927434947
10205.494973783383
3933.683345311959
3498.960809058238
3478.259153048985
8980.184013257101
592.374038518888
29219.1344737161
1448.4466451914877
9428.769072203853
9126.939592040591
15592.883510777447
6802.899081376384
18729.07945739525
6570.379190984772
22159.260385494155
3416.7793272737695
4083.6448405247866
2567.576885432661
5412.470594057225
15366.001539451125
18689.504305274084
17229.253349193506
13279.066618048979
4329.769821221923
16532.454233904875
18169.449673967487
13070.776950520682
8072.641821977694
11070.265227333164
24006.96981831179
5402.3682021718905
10236.71658452392
26132.748949218723
5500.368179305795
6426.12367655839
10564.029592327133
4905.273116457334
7902.276814902426
5730.957622970126
5638.442366932214
6937.144513614385
3881.6951083519425
4159.484877221825
4949.112480332583
6645.300882734197
8973.586235648097
2611.0614526455242
7056.937603073426
8036.179876813174
5829.47805830754
28890.596858918598
7854.563256902416
5323.179417729239
4154.343907015469
16346.545119270051
4528.451287377938
6568.852105521175
6825.5918793405735
5519.847511278592
812.6857586682743
10153.93817038268
679.9139787427588
7979.561776673401
9277.080334586244
1688.593291556935
3710.116063275674
4162.187088981483
6779.193717079913
9211.320728119565
14048.523548573698
9241.235294105394
6388.940758891583
14506.61745481241
4368.187412235886
8207.45419830006
377.856832187376
4693.660898783254
15135.505266549657
8057.8523840386015
5517.4513039791445
9675.603954577875
10816.175434683975
10464.809591586276
33240.504737171024
2902.7495799070116
6785.328835558459
13986.764883272077
11865.400915158978
7265.77689981095
12209.214400962994
12733.574663354058
12614.252823913204
13821.101283802262
8334.31655067764
8326.310213070372
11539.442006069548
12750.96034428393
11077.694872238339
7791.386847806751
9392.936033249845
6310.929739195804
3413.2817208761685
6203.369670248675
11163.384463290331
13077.886504533917
18899.83525446992
2167.4744425251
9815.508122672067
13594.836932969562
9985.425026843935
9585.202415187112
377.856832187376
2933.3565677876486
1285.2797009938529
12011.509612076485
11630.307143789203
8921.506536020968
8676.954529453345
23377.149173061316
9224.200995772013
16368.3789683293
14597.484316847334
2197.0923779655395
22015.692287660426
3003.1202141473527
9595.50694765391
12243.067326381346
9350.287518991068
8037.434377630979
8663.068406194954
11897.724929923874
7081.021170989654
7551.2539599474985
4248.270161263487
8088.924161974973
13202.002379982603
8439.020630833982
5892.304940042682
7801.907316884854
16191.495901539773
4742.504018542204
7206.383681755016
18387.42393841761
3051.1718526961035
7439.495985721707
5529.647540230582
3023.7870932931796
1710.1100238866948
7101.539566750354
2870.7115903402782
8417.095075547266
8700.779730716158
5165.927250820723
12136.078839175469
1145.5236353833286
12860.579158234386
6676.940834810975
19700.89168196868
10086.514991366192
8167.220310090501
9162.794594468587
11741.732322680778
11067.7348322828
9023.057928820053
27598.303661320362
8915.849923264735
12676.9485579851
20638.292766630606
3769.3038784194655
8480.947418896874
12446.893389353776
12316.19762541746
6107.8279508999585
3931.2732744106797
12598.74298466101
13147.481217808587
17931.682707620283
33117.61466568262
4183.464043627236
4691.973272850419
11795.613910311096
4569.293741798621
1662.455947852505
9009.415311076778
10267.927983978463
9366.656500752928
9133.454860693702
23860.78353031652
6154.771490767577
5455.432828355912
4666.651955217768
5461.875845050322
2785.1597748218805
4000.2687238487943
4148.007595546551
5365.616159223526
10650.570934427593
8048.306323355222
5849.366574539356
7124.236550989423
4224.966777943471
4673.121971754905
5748.39326568905
7061.735275820485
13373.214596053778
2255.8163174823358
23736.61213527344
8533.968940662338
11062.391095614159
6825.696632614435
5442.98426994334
1444.1647970109805
2591.1378883653074
3516.663319865279
6802.13697427824
667.8831337694644
27424.24879525903
5880.360557478074
17778.84529824821
4292.565317607537
15141.41804285774
6803.502761355219
9067.031289072065
12050.63186585017
3474.672657448151
4977.812537929419
6172.674731333713
7636.41219136207
2368.489736011872
4887.962172385868
9103.531423958984
17383.883367020808
17919.05671640385
12820.432817989928
20083.256009735112
19064.25065429716
7774.422890024514
3998.78407147004
3169.581226145193
4068.0032859625803
8868.447417464386
7310.411261625124
22532.471989558988
5219.381839502916
3536.61354578313
3559.12853662289
4404.64873422608
6147.833385450259
10318.530311781355
11904.331660658805
16534.124581416065
14608.30767665836
19830.809659477454
5529.655065923784
9762.488749809265
7961.003761862645
12168.194945807967
19633.64698501815
8958.552530536645
12535.321028257236
14743.989830688472
6368.682601972793
20982.69103855451
7641.848660673119
9564.498340206335
17631.162814539923
12526.911363184992
12685.017088565866
8184.651219720289
15044.002454926273
25722.36049090605
16254.054879910493
9297.904592781517
20052.01265978899
27370.698517588768
14754.477356275715
3187.656478071682
10158.06561169188
8896.837299619243
8694.592905193633
20636.3469267326
8560.251383747202
13391.01907804982
14242.036856650802
18597.76153084328
7570.068400214925
8209.008493285515
11266.349812575436
9917.667975887796
8256.417339567795
6456.231104927622
15448.035572807372
9870.967456161974
8664.942676958011
15894.48494536404
12403.29635778707
9984.021966543607
13028.06075413896
9594.331279095948
3540.9002938309545
7919.717556725567
12042.79369329238
25682.398087368532
16933.40318834859
9739.88914843575
14113.924611195062
14816.925978141326
12328.660567684803
11424.888746564806
11015.188520354577
23590.794741025733
15584.972092663887
21481.151209988046
16992.552164276654
18658.465724053724
17824.593343515364
10492.96531974311
6593.123278806398
4442.939847466104
2991.609697618264
32705.658961808404
5226.539662413574
12288.78802151641
6804.1565433750575
7141.520135080902
3384.234632788629
17659.458807202765
1529.2780859740549
9635.823011718594
8827.564382383907
10696.501647840818
11091.03866738128
7749.059938621739
10083.883914864997
12973.354973819924
4072.518123910582
7462.988974011841
4281.037234306632
8747.524318319453
29202.79780693636
14600.698534302051
10792.136113878423
6393.394133904168
7388.696792677405
16804.693025640667
8486.815813231502
28315.79642930065
7535.15765840614
14330.922580128976
15241.146341635209
12233.838366375321
7182.2507835911265
3898.154950237019
10341.2230738796
10040.1872155965
10722.863500522184
17290.03726975816
6613.50738790261
12986.203213621411
5819.539402868684
6525.517875756276
8714.468943997532
25098.908261729965
10329.050116032386
7872.570265379314
10204.746664922754
1594.8920479733404
11745.893330335492
590.2975071541366
4260.729312956146
8286.27201868317
7129.205600743798
13652.268101913081
32295.50557933997
3792.648772708187
6033.285155024242
5931.154857466421
17253.746226997286
16564.546171009526
22042.08495790868
7914.057714143246
10119.608658292835
11404.621673624471
7812.899230566392
4530.362790347186
4964.3021254529485
4848.701029370434
4795.841211388804
6157.521497427334
12290.872578268538
19148.933506141715
3124.028013027684
8009.7973003577345
3000.259328911799
15069.288975137439
7259.331626624224
9432.36259967342
10034.210298208438
10358.902785945127
7164.463510132371
12917.25627571287
6981.470195641288
1435.6948054448537
11794.13901011462
1647.599993283311
29548.611573102287
10244.197074884845
12400.15523550702
22995.68987973368
20476.852311452345
14177.58237351011
3023.8671345186017
1710.1100238866948
7068.480248391308
8744.922534114572
2941.218034938045
3208.4472772897752
7924.783771637293
3358.8236444151535
2945.0278932232277
479.36320876880035
28100.124993930483
7422.845322531673
16659.777462523303
9715.406057391334
8807.763831404505
2900.674687975232
5265.59753653357
10209.902069889744
12116.7533412385
13487.345309661472
12743.181644184913
17217.632405578148
9404.708760597501
13293.438254299193
11875.784339009298
5491.27171612415
10988.994159480488
3617.810797635221
9753.585935383564
9490.79399716775
8014.466649449237
8024.379927438033
3375.4562826827887
6764.281956268055
8894.024012065298
4155.572084789786
4903.996378906179
3737.542817690196
7782.438820588011
9583.480739867737
6447.811520112242
3517.699835365191
3521.7550729859618
3680.0339673847952
19890.12435252672
13856.430123221005
10484.529576960364
8713.035357126777
1658.430529418055
3498.139956108412
4961.315907492896
6553.645024214019
3874.10498594265
1911.358921894753
2310.836756183912
19018.517766585188
25745.06369248112
24893.895151579214
12954.29912248197
7901.611296744734
479.36320876880035
377.856832187376
46426.87363645433
33267.64405239496
6366.246431514908
5561.572788058421
9231.523922440658
6823.162334892816
9418.709979192361
7263.647264300115
7358.64202682785
9007.281355495947
6954.484663125362
12066.445009358085
6763.1610107984725
9979.345876959896
10191.134471487721
6143.6789660064815
12062.438192843656
5974.577869728364
4071.279017101784
4838.4580386257885
9501.84893283091
5965.428296659954
11246.088222490962
20837.129625709196
12249.991797050141
21388.16785153604
22362.21791626196
20484.364738342916
6615.321650450257
5024.432865838026
14166.777230826245
4971.698035724313
17461.13983708059
11157.016798742738
7939.160937642895
11123.074120396672
1509.4491779324292
1632.6903051374798
1478.8707175497852
2227.992149169467
9369.405415268067
1632.6903051374798
1819.5896112818
3417.460587676599
2905.6799869922506
2503.933864970121
2906.3372015969912
1740.185810164195
1632.6903051374798
2503.933864970121
7417.241482779339
6453.729482762853
3097.7735943242023
1109.4826656222297
8237.175940505624
6358.26238039495
5757.471950675445
1558.720316721151
11455.562101935076
13233.804268228343
27703.59104504115
9178.991437275137
17114.150356053757
21303.336521695062
11877.69707901263
12818.762633647942
9941.879440782284
10975.568734905313
13146.084185662734
15526.403468424414
10698.757716483056
12814.600678461971
648.4544640980704
10491.183459681011
10655.73038454179
6603.701930718551
9134.501711339914
1323.6077208911713
9670.175457243997
5214.316479692749
9385.378040073816
14620.853577822068
8326.182212388385
7662.83027163408
7182.866047789116
8972.235360623468
4182.083468558769
25001.579322415782
10534.701793806094
10554.431473467108
13993.355183546983
11712.227535565571
10931.17916836875
6346.320308850171
6394.078322136284
8572.71667103886
9346.921957156552
9985.4611383736
7807.221855643496
19946.37191196818
5937.443717568325
3160.1943152087306
8313.310379806082
2488.705395024916
17489.337153557997
25622.945784576168
14304.579029643099
12995.974675949503
812.6857586682743
6845.701114495065
2620.4013967574488
8494.412348967966
16742.902344133912
8132.765751186059
5212.610910428513
5466.347187999684
28255.08966900699
6380.231753640744
10922.713163337803
23001.703314798036
8894.932245511356
6456.9045319450925
7376.912888870498
17971.405526553022
23099.731257853906
1285.2797009938529
7081.712498584428
8312.840896288928
10581.175645907439
7019.189727975666
10792.58469174481
11311.053912573809
17112.611152342117
812.6857586682743
4105.310625269908
4444.823821681047
3408.6823179245303
1710.1100238866948
6175.719468782866
1197.4548734830157
11380.859127544632
12461.765454236414
7476.554248814363
7067.88236011922
12482.718041604428
6503.810743116589
8893.14290438627
11679.530702172544
5954.265437241503
33596.08850995029
5039.916037634751
20182.078236058853
11110.379838486497
16420.246388773532
5115.128789139961
8344.170147482168
11077.061590732807
7705.997505301311
15827.65359077389
10217.771605698856
11072.012310805792
4173.360710955303
13949.42267786051
2195.8248635044265
11442.545041132471
18511.424937924017
14984.659937096469
13009.78177425024
12816.46570781775
9077.684089710048
8635.155059157518
6404.640906079438
24151.6418513237
16503.141468454276
21885.17095261876
15381.013966449995
30002.399897687705
41435.65628133482
6539.3034010112015
8362.703285476213
4728.606317748008
6880.487947379771
10409.560315728788
8302.316088220172
8458.78144774619
6108.774497588239
6540.125175198137
12163.206564730219
5513.065473728845
4814.591424621759
5078.525856308909
4297.653119417551
4524.8199419049415
4463.054835579858
3948.5527478089252
5552.0529632726875
29180.771942402458
7088.888020606904
4177.453533708282
4995.751755084927
2263.5229584875024
9052.270278739436
812.6857586682743
9357.637373534426
413.66729518072464
7358.256662189536
32797.657004281595
5393.08833572848
5765.790084033196
8802.789476948252
7371.563035968851
8955.90102903876
4145.944551002101
4718.66903753763
4943.0364513617915
5742.956197954943
7156.012026830572
2926.484992165457
7829.903123683326
4121.999951639523
25321.333838763312
9319.787410638259
5982.909828778057
4141.741761711945
19133.295382608205
13772.701792253078
5251.775220278258
6760.389410929469
16517.163777457696
9119.724582650855
10024.517707134231
15628.10823427013
10289.41819118763
4329.769821221923
15512.189720495833
6573.408520578864
5906.468460016183
8983.141367332939
8492.956460200843
6192.983288464623
19542.047781923706
2652.638657471721
5814.956048328675
13626.735852066016
12876.746604507487
14335.093070966892
13592.481697184621
7204.444765587652
4233.984413650847
6917.5922769105755
9243.82998066867
3080.389943188351
6912.142426595336
4556.081294075175
7958.46753059598
7159.486611691223
3226.086375737163
11380.872882840787
12851.91333634685
11603.189294314741
11420.03493574775
14052.793998400517
7151.03605942015
3554.1460432842337
4106.064128178563
2881.3032862139016
2842.4161479365866
7267.929775120372
23445.467015510265
13243.583222330371
8220.299454581569
13466.40691932821
20144.13957889207
13483.184984925989
8373.634306856806
14776.09328586116
11138.879029601427
12350.331006870276
19932.162339669943
14748.708425725352
13702.660481466215
17321.162277320123
20907.547088635914
3878.930323127885
13841.172290706902
12490.373034474997
9835.752768771796
6143.333432654638
8016.559513100167
16737.355810262783
17187.147302580124
21088.097155944135
34327.346117466266
31047.981840155957
6540.014335305431
9973.307140329392
10034.580257109243
23500.930525877546
28984.644579952746
37062.379450893415
35226.70626754972
5619.229742895932
20275.138670766148
6504.8895431419
8683.030939336311
16206.770602010909
17689.80643077901
27584.550370547862
35023.763982617056
14615.143345860633
13878.978046758346
18837.523029321757
6441.716758310642
1720.9169250847285
9544.291054908921
13004.685976248236
14922.40529835228
21309.51367441027
17678.336084688388
16394.374660601636
22347.95500882974
19193.50273460694
19585.6686303525
2660.3253022599433
15093.190897098468
19851.94902219074
18270.837990374548
17775.5788995356
16787.261232297635
3035.151436885853
9219.159933803805
12457.185213753872
10319.276118755246
7556.966355719646
11755.14868285417
6124.807498671021
3847.3668421073226
1267.6873565366834
8185.332273550858
2229.1730937754637
2396.5648280317373
2906.322920543471
5729.034602848401
2873.9778011748767
37826.17912889873
9283.651347685423
38990.68597790137
7016.685462052442
33012.82806534033
20554.701415467676
29960.129694342897
7429.920402051828
16489.935933677432
1577.4314149827842
11320.76032274238
6263.612565102407
33895.31304564292
9872.711559135234
30510.074114441813
15902.939223972773
37118.67131951575
12058.155780334533
bigram, add-0.8 smoothing, average word perplexity: 7847.364797775396