20937.866630166347
2013.5090496483515
10249.552383770711
4185.7883172741
23643.167862354654
1284.7594181395768
9023.58042476812
5759.223686097571
5380.172641022
4202.180666820211
4159.571379825319
2975.2783912165673
6851.9925782008595
2659.899929000299
4492.80286226162
14481.143135198545
6354.920088706684
4851.6722455279805
3863.380920530653
18151.584802862722
9567.409609188308
5659.865674444853
11766.647081074047
4480.362565564364
4164.705456139933
6568.95653054661
1148.877288263276
2113.9721805304143
1966.2736328568833
13637.209745868699
7880.11896547941
4185.4463815494555
2652.335631979935
3409.2615383245516
2981.8889683790167
2683.160767626766
4069.1649378716315
3045.321478636773
9749.869388308602
15818.002416759537
7009.687158304959
2776.6378934849345
2257.0207123281325
1688.5019314843926
5225.946440119899
2345.2631641491794
1021.1390899606137
3118.173487296123
2326.7391280488846
2025.7693128291266
915.9144936665521
3515.994657413023
3414.092450420788
3327.3852190592547
2460.959585324834
3361.4323705921674
9671.992594957248
4714.127820912945
9029.874148378558
7817.480616594043
3468.6425350576974
13922.804219818221
1243.5773944608936
6392.241262589817
8088.654960392084
2275.050954595884
5900.332073319803
6456.42871484669
3171.950140836095
6137.775816216835
6341.900819434808
3682.3689046405575
6067.253501575851
3197.290849862644
1896.9945434725641
5418.462562674386
5866.441040185494
5299.8670332453985
13884.801533324222
12422.339626098157
5906.518598570711
5124.899168314412
7328.031122603511
14337.651327963935
13112.955096038986
13803.734563148806
7923.308980358123
26987.55502302254
7199.874243497852
5354.175363984379
18935.759660303207
6332.780373052473
7777.508087336207
13296.147547108536
7235.217430932084
4082.6620359087524
7095.268707990853
6472.061847730591
6597.736101896419
3457.9892156701358
8015.166707744951
965.6982338312213
1241.6512916040074
9148.789187031274
4084.0525432584927
12743.35968118593
10426.920570402657
12683.451995861325
8904.919951757951
15189.455644505351
9168.993555826064
7985.633523329375
5097.2079962050875
9377.321643192456
8604.985141975583
19814.493140151688
213.21726073800738
4158.378437514683
2870.9875456481445
4758.166708429063
13331.773033810503
7539.106321474612
4408.089340752891
2713.595420387671
17817.274140627433
5134.908152462071
6766.7877181961585
15652.112592887286
2666.827406757135
6734.031491185952
5536.733617322679
8133.7907081384255
7568.846791737815
20063.52412711372
6154.951770626464
9004.941586846886
6417.993878999285
8739.328307591544
3443.150081233072
4547.669771343625
3697.0732642459234
1724.4674750520824
18229.603758796115
8124.764617993095
12142.061887512356
12439.524391171677
6937.491211360807
9293.229274912892
7422.891757530018
5101.1004121183605
2201.6509695042614
15872.792217016367
11624.022765453212
7468.002556166976
7753.367647788442
10752.455587145267
7056.210560308537
8981.21754885829
10829.218630716858
8792.935251312803
16623.69503170872
10399.157664104876
44813.236989754754
19639.218210499614
22930.99392294529
14104.355886759029
18597.115741913363
16244.979649907338
8000.410005553773
17664.128759904826
1773.4960257613695
5674.667533370744
30729.292583082628
26413.7071782818
25365.050716159403
27611.676621237115
10976.916716205678
51575.28118619837
5502.480213081542
16474.32038487892
9287.69865208266
15043.835375677776
9415.94091033964
5514.614486581157
15227.465517712184
10707.322534231891
11044.489071381457
10770.630303588907
11627.487390315515
7612.123971418321
24714.725500332956
4170.038242430012
16784.48578654402
24414.645686806627
28066.087279365394
29875.573071460316
5647.998871662514
5271.414536532139
1184.0329903789952
14460.826790764026
11564.239233317336
4644.176474120279
5702.909447982919
9791.416174766082
29174.627931852767
10738.15139230881
7060.118270084645
9769.571648322113
10834.628046700996
11116.810354898978
4656.891439664975
9319.523389483358
4493.669317027139
5515.967888616755
3642.063669104935
1053.6031226867412
1379.443289054732
2259.6139693961472
802.0327609341763
3306.8644489092317
1071.078967230689
27687.804506454217
18195.382043077298
6570.255312754841
13356.48971254519
32408.062504057038
4613.28788658608
3301.739070266865
4567.114914220539
5637.49823692986
370.9717385073793
2995.017867177108
5203.610338679189
4891.597936297019
3618.9850077572346
3577.905525708993
6434.114637581202
4617.83859907464
3216.2381263570337
5317.541523694189
4038.774096721887
21313.650471099063
831.7816983261296
8270.325941123234
5801.031468088916
7426.79278455489
8428.038320845908
6691.7097682766835
4992.6408631776185
3861.679267072151
7199.834952298506
21595.350393566256
2817.755306631212
5991.531547571693
5192.211566382759
3427.0178839768946
8617.172717346626
5048.917545929454
1188.9152035505606
1682.5444677849073
760.9483703546099
5215.447994114561
1216.0648389125583
10555.013058649798
4092.0406600075157
16940.957454491974
9038.759962915276
6351.18582679075
11223.583721074536
9273.3622569628
10239.799839150226
3920.61483252568
10667.504432617336
3605.0384039587443
395.4308607619669
3921.1664291972565
3083.555045186551
2070.3072639930506
4055.6208331159833
2573.71857808559
1066.053783407364
4812.619379112986
4126.957254548993
3187.7870485375897
19989.71662258682
3329.044668273324
6127.777185967721
2401.7568129517863
5897.908217962523
32449.65264178497
7233.1593183790665
12856.647991920236
7893.017625659032
7300.725218130072
2521.252961703805
452.4801528375176
5036.0133031858395
5537.461462039017
6719.893290874129
7759.298793251072
9890.695592102738
6350.9868820999245
7421.085141539207
26075.873446172613
5708.969977447403
7005.939062434254
10035.253258549497
757.6480585700233
5326.370213427337
4200.147466049728
13179.57209314324
6830.544357311069
11693.44918424456
2236.460302389118
9056.26087841438
7264.513825244348
4470.286269332897
8684.71172007402
6536.1602078144515
5882.170248574057
6633.751432473892
18373.924365773073
3958.2757401286913
4265.075352050411
7000.503801070848
4743.0711585540985
3990.7688077505777
9427.730410101847
6135.842366637299
5102.439749647645
5576.090910187423
11549.668564451405
11690.019698656368
6386.700747362148
6011.039425760669
5218.053590262733
6505.237953274995
4000.0498638040663
9911.566276048057
3944.557987750578
11890.035974296432
1511.1279197257322
8092.53774927402
4768.516698682847
11329.05230722978
18832.45061891903
14269.289235989963
4679.01929148341
6915.109228417289
13549.219555607178
12306.298438794956
13577.70786369592
9055.689632133233
6735.630976958304
9531.178657055209
9847.14939360551
11179.996852458471
6429.710877615576
7286.616709870924
11770.415429488497
8652.428944566953
9762.08817245994
7626.345882617815
4320.365224450467
2063.73617936293
4513.026097129875
6356.187066222643
4645.429514485256
4208.547211652633
4736.905303650275
4701.105290954047
4446.918902527178
4722.577873587553
8858.225342196778
9153.87134126548
12774.07131861095
3597.4305937933223
4157.678936940856
3099.2391415557818
6168.182274142762
4852.225748718919
3906.4865965911804
5639.66189690533
1463.0774094322583
7074.7319253929145
18318.455066510898
6893.120531736195
4285.499621982786
4843.007019524884
4064.5597331857257
5479.734625031622
10500.585082677204
4567.5349794128915
9509.53550900578
9386.826164342174
7016.758764297037
5586.1358270093215
7794.020567011737
6877.735737667796
7087.050436390941
3271.1560186380693
5142.530830688999
11146.794069717213
4663.084741973976
7622.741032788712
4861.829586431039
14038.53051499986
20279.61756544418
2837.7993458238607
2873.69545875758
13061.012837124683
20605.21028788235
2927.063245727125
9071.20657884647
1070.2322093337066
7208.28220423215
10987.109292320427
10929.756155987947
17421.278112284457
4305.82634635753
6815.10546042228
13664.490722901968
3888.000400330696
6168.576627292235
8531.076694978448
6146.607131543709
11438.484502694768
7197.9291449874045
17446.661212495364
6454.9933094470025
2933.5290757157845
4003.511295450448
5853.670429424161
852.1806504760154
14413.681157480567
2515.8399059594763
452.4801528375176
9437.995422218184
792.4022834249357
3768.6551106250495
3652.2117373132996
8910.764335017206
5423.266488912384
6799.774019450977
8823.744613047451
9143.240019309702
5949.954997691159
7224.303264074641
12097.780743404302
11998.50872224314
4784.241397102301
6256.089872507692
4629.906672893245
9043.745165435552
6548.863495334457
2442.7698649986105
3460.679681782126
10808.448911250689
3439.4341483163803
3793.9572831194723
2994.857560144922
23768.618748858076
11846.428734841573
2612.6766104934627
3833.687227224981
2777.497976639292
3579.8871154578746
9110.274494151368
6197.247882570843
10397.461093626034
6454.9232094966455
1673.6332881471426
2496.258240262973
5139.3226519159325
1224.6488819206254
3149.145578927062
1783.499323103349
933.5188972595738
4579.313270241361
11004.818009801696
2481.1069998391627
20067.139560101972
15597.689057329662
9099.058475307838
24228.686731898848
3505.559597774852
8283.798406133808
7935.84175803707
2829.449603644556
4858.924555503318
6406.260268215759
13304.409236765901
9076.068713803192
8205.447578089505
13142.320479019761
11089.313046585097
7632.682521377962
2741.1547912897972
8123.146129206033
6012.435375760185
9388.52718120894
12573.471264621137
6963.806171035967
3780.883706741773
7698.173072253671
9054.721695111333
4797.907910265773
17086.06203884753
5408.910214562556
670.6823573071787
3959.9296438164138
14652.154188411154
9704.701058288681
561.2457946381801
4764.816151786152
4689.198876218382
7148.39682310133
5499.307649186518
6064.068617861729
5103.0783988325275
7696.970887978151
16812.602625658867
9304.682622264607
13316.476102129947
9750.025642681576
5215.447625098891
1373.6754170532552
1948.9372312975834
10251.648400249976
9538.24251101726
12542.410965815587
9502.39725094692
6999.228722009766
7854.6126024586
8983.704169774763
4821.274807377022
6590.155129560979
5163.137746036267
3411.567353604793
3766.605648558089
13643.689156240329
5969.139320077273
7646.9507804894265
4716.501878943416
1897.576406639021
6176.112716321883
420.71316655979837
9203.824113687973
2963.967462365568
6305.9010815573165
3399.732674157282
5530.380474242659
3209.951289342054
5974.204992664326
4297.637224909707
5438.919296410213
11689.215121076622
8164.950042753699
13530.549094042928
20988.51777711991
3510.5679526076806
8042.481698335197
6435.173147768024
5434.469965286842
8613.073226312088
7560.974065705143
3985.3051062367604
4685.828302600654
9073.957723128648
9345.53483315358
1095.1207817396714
4811.289919373246
4466.867897445286
5015.133666459839
25818.38649651954
4302.522076230972
9927.599391573825
5097.425784068914
4675.966369147924
8921.819360961921
3755.418011184348
3836.3321547274063
4831.382908201792
3046.7678323143123
8630.279624212915
4320.30015427921
6597.00995643684
3302.679055968752
3904.98168471404
5754.389413829291
495.3591678922261
16968.560587857544
3617.3172412550175
3981.4752130021934
4881.2850963190185
8881.186631901155
19437.128852982794
9929.699125292049
16213.644972578451
2742.1932194591045
5052.570152751917
3309.505761114389
4096.644270381235
3424.6482576789663
6229.1901815841675
3189.5864384573615
3596.6783872834912
1333.9872818572076
3871.070743115999
2619.9703278712786
6671.885422444907
813.1472130073461
2904.2002041257947
2292.874451442051
6900.38389646476
3283.3241981396854
4808.030427184339
5320.476609889704
5424.160506037922
3469.848805285654
7702.011047171361
5592.601701113952
4541.546578050752
8168.327384716648
786.0734391360517
41804.425838793555
4554.467614725086
4556.279993539097
5876.774596576253
5053.245787058664
4624.806747637685
1718.6474983013645
7531.598856146483
9209.578266737863
4144.922219869167
4187.233525099429
6726.09097397726
1831.76165901168
1066.6583243650937
7345.3198369553265
2691.0082200653223
3730.4357504160853
6002.565553194681
3926.456616408152
4835.4148389083475
906.502290203997
7660.061000196948
5336.583393676359
3567.7173858912497
6451.7113817453155
7596.885157494872
5613.070428142811
4866.415822624586
1751.8078466570873
3510.4276801161145
212.9006123568595
1332.413534417616
2042.3400164396023
15244.424842387734
6856.372614294427
9981.544889575793
11100.208106390946
8390.763968652944
3204.516008864432
8099.77692550315
2747.4985345077084
10398.895881982893
9668.389339952646
9395.651469195845
12135.081134346985
7678.925675808984
9478.430303792768
9457.392461900059
3398.9465652842773
6560.251070007533
11956.62640991883
9423.927800536456
13512.625236661579
1619.22185787654
9533.629764127505
213.21726073800738
2510.030739092524
17375.06320643045
2925.553866682506
3113.5560011990824
5185.838720566117
6594.404094389718
4398.997499484336
4710.207119962553
13474.419679954539
9697.613098171338
4753.916724496124
23162.18668132362
9588.273045374086
13811.13034869375
11102.54270370066
18026.157497899378
5632.400753933159
4890.442907720049
5187.835381200727
4141.717253199816
5106.356028364875
11803.637980831068
10437.121293611739
7769.761640437294
16755.404443181425
9392.480866181435
15588.501147773019
18197.32760237844
373.94073291552814
5649.997410872359
9338.841233135401
9607.339448732162
3637.867400401363
9329.123028339578
15080.246919390502
9891.903026925962
13911.137365863056
7444.917559331682
7466.767315788037
213.21726073800738
12380.536477693484
4864.312237626286
5977.022201701707
8846.919073732948
13158.64896360158
9517.642511239635
10336.598564468286
14461.650845889788
19705.482039094095
2088.8403181122153
13461.260600956208
5780.973625636605
7461.632431807182
2918.118645835854
1165.4253394298332
1318.5807236590126
3569.0037207010737
8079.656417675468
208.81835711223098
1165.3106728390592
1966.2736328568833
1746.532621310677
5352.300901318757
4162.952680548586
6068.221754679786
12806.533578949484
3530.652829659109
5263.016944913961
3264.338517081334
6304.949973384205
9696.424952091247
4449.210678535315
6124.535369795941
30323.669965590343
11575.553388922732
7785.2376656463475
7558.463152753111
8722.027830611418
8280.183693368046
7204.187535670593
10900.793443082388
8215.208398785748
5119.017966361261
5735.048205346119
7660.839497145383
7472.640101013153
2305.9603048753133
8083.130353238022
4159.706771675598
5455.291303510371
9132.615575896567
1727.5778147142328
3983.9526098129368
213.21726073800738
15552.94669296617
3816.3834984394366
23342.72208273164
4708.970526243677
12915.932851199033
5991.67801414697
8151.746375175421
6854.20535102704
7276.605051719001
10385.191479386809
4952.680049881086
12999.866765018962
4755.085225281222
3614.034738135374
11708.789426560634
1198.7674937963907
1360.1920190955389
2358.4226370174088
7236.431776641222
8240.809521643358
6501.518858751539
1954.828170879343
1955.5375019983371
1954.828170879343
1955.5375019983371
10571.061963307324
14295.033994435174
6932.570628556757
41560.84881001121
19298.418182740457
10015.389701453736
13085.191375160633
13014.929142408439
10396.705869301177
13537.18040960813
6225.377880606118
10948.342707450342
18637.659007307604
10668.28805827906
6284.957925647498
8570.066578085507
12768.785108213871
26959.55497401646
7651.100887538074
13699.138433624968
4273.67294752472
12516.004638180864
4122.655812290246
6230.64339965909
8893.763153601763
4364.840641708393
7982.274887396569
8363.9028743434
4297.814711517056
6658.819550680383
4512.194501214863
6606.922531550706
37703.125195021436
16811.967248706245
373.94073291552814
10136.65348969588
6044.901093557687
5932.57612345148
45408.3632539385
5301.614910066328
6423.1593238512805
6655.092339045683
23949.909737331764
9225.407681451552
5288.030777305668
7655.051062716141
2996.7345157805844
1844.7584860261372
4248.955422117839
3648.407422335992
3089.721293124166
3328.2471905572374
8486.259527440254
3849.436210195523
18894.487149540197
536.8526162134477
6146.04357074012
5667.374586934624
10220.354889249926
12482.393334861094
13563.993871999364
1165.3221415292517
367.5326543063235
7281.188756642717
17118.353495761883
11953.701781419462
17864.986593677386
10875.788368328078
914.3718901282556
32648.316900419166
5535.35188699395
11363.322454269122
10848.259582365516
8134.423599434488
8291.687881520716
6623.240944943802
8417.399823895472
16913.681225777626
10983.039554280342
21864.483520955106
12764.107856341638
4872.098142794917
11928.863115472886
11455.063309390394
9053.501887722487
18268.549593575997
14567.453918156725
10110.361207084294
8919.621977162564
18174.83214468089
2506.648790800474
6729.984979127014
6128.3475681927075
7006.577729099536
9906.255201142772
3606.355552062189
11968.112986100536
4315.333309944299
12641.01815582477
14723.108624969565
6692.018703705026
213.21726073800738
8012.57574072191
20997.383839996928
20551.903626513606
12773.652247876073
9508.58941861367
10609.54147152163
9849.776119419168
14563.978808547663
23679.290509873128
8352.007209616895
5549.16141854895
6568.805341600164
9456.523824768796
4007.2813576386407
3940.021783981415
5529.907153407185
5053.160744618208
452.4801528375176
3910.879717079319
3916.3151546909025
11840.423589163398
15430.379489800265
23885.225835341284
28742.592750683474
20682.0134503611
2164.1609220741566
1565.5597070568967
2508.592892978159
2593.786462936812
3752.4206425581433
3243.0960839836794
2703.5144287014105
4285.747429483254
5338.678145232271
4554.965428718716
3833.0272292404497
2449.762537632898
1174.277178018128
1953.3453737895052
4761.14771494521
1051.0643930055085
1670.1065542530325
3649.1179699725376
3011.2279419493966
486.01889362406985
4920.2655195635825
2586.2497056051166
4166.542669437605
3741.7454891991674
1403.7671758402225
2206.9519470143155
6497.509579166552
10394.47485508447
5044.694277283475
1600.3240754490625
1710.2844575083145
581.0294112122547
1138.6720749295241
1317.4955183366453
767.3855029762007
1808.8818021708094
3925.6284193629567
2209.818009173842
11321.883837853775
2417.7310002535874
2524.5451694759836
2657.893191929462
3839.5648672878438
3602.82767895699
5371.514492390241
9317.262845882307
5182.480495792216
5703.350597523693
1214.2064724356908
1468.8851582125703
7590.986366835261
8987.553683316104
2212.677547419196
4149.1495213266035
1620.8374607729766
10605.65089053894
420.71316655979837
5048.091602124257
5619.8197050564295
28176.129838967805
12098.412128274254
9976.785491837458
7896.775764598092
6940.085577518126
4437.10951878891
3283.0876044781994
9711.592710331583
1007.227253297345
3213.6230400208824
1148.373454666942
2356.3794000378884
874.8399365080957
13723.499411409894
5799.290299965056
5535.543087614323
11191.946390067953
7678.902885546321
6050.634912714169
4592.722671604506
6324.028078195936
8007.565848597444
9755.942512232234
5223.23790436332
2916.7043049775652
17885.8615102555
5472.89836600361
5618.15083923333
4742.323559310442
7381.654508154072
12850.145680014586
7165.274999702618
6977.989159419563
31079.387493284383
8861.319084592345
8686.421886532116
8340.228694848718
6748.605491704364
7096.7818494120775
4624.235592552997
5549.521102266418
11261.368354932725
23336.300447043577
8018.723859836699
11202.278597754219
8186.329614301288
11255.476970195712
6201.060891022718
7733.986961532641
4235.324431533827
2665.7606755640313
6921.011494870921
9163.840298457375
7355.492123707055
10308.79569708362
11092.980399462598
10554.329872872968
3351.301201533581
3323.4383906085422
6013.15371207301
6023.526647781297
6383.351161273116
4189.24508331867
11225.186966078236
4252.034888822728
9401.09285143498
6159.118665454665
4661.536022803916
8971.516196156705
444.3779237628798
5324.251938889929
8586.856802079286
2728.533778531252
1425.6299647621909
6385.213774118233
5956.067617113467
6479.53222245502
5469.674734611893
9668.268819503177
837.1786958510182
7875.194695473808
11899.44722037407
4250.8820662317175
5484.905642919455
1752.965886527974
5670.930517876193
9975.128940134578
15156.163641425868
4066.200225269645
5466.895123002556
5122.784423317878
4371.371516867072
3671.5176279191382
3594.528904530105
6902.962592545379
9186.80552673508
6446.479867998862
10817.95125248777
12246.338932910297
5679.530900185096
9050.89583533959
6564.597765847019
13195.353237291809
6812.867691504028
5870.645215083517
4932.252080891689
12140.02184551067
3265.665355124849
10279.92801673073
452.4801528375176
4740.367116315911
4047.925567903517
3325.9070724106086
14200.540036167296
5235.470446791333
6272.608874704005
8902.780625598407
5183.307204751861
7164.667480672603
6016.203439012766
7116.004619901477
9354.313261848944
4354.155648566107
7601.176423549293
13160.304498017658
9066.146106825912
2284.2057656247553
2079.651145633748
2813.1635626982747
1785.1143694073282
2018.8578654055543
5892.897810429889
10265.907607237681
7603.132193520185
14081.036560697392
5343.048790882579
7701.640314533668
4202.46384773559
8639.874512856715
1152.749644732444
2843.9033052615955
12110.873935264959
812.3006037108055
7286.122774770523
5193.204329182824
4929.921905818092
4641.86916355286
8534.57074402716
7524.074908795269
2837.5605925325094
2165.4195800531197
3517.821057199795
4704.736149708342
2161.6065225982857
2734.5877192535113
20434.6868675428
17836.25756621725
6248.427786529722
8313.692137027056
10322.650931986545
14626.94005938656
5633.479513300605
1963.9150325708717
933.5188972595738
3337.086437188027
44920.07755721413
5207.040524289031
10105.99595644422
12049.427382224672
19022.09005044711
11004.293390205214
2307.3604362477527
4901.692398356164
418.54865423978146
2702.2368755343855
1196.2732832084473
1586.6561775099613
1669.575291139467
1991.7403203736333
4995.012735348832
8791.387467009185
2020.4509171524946
4969.550550731474
6603.3676730954585
9968.934444867056
7759.241459753089
5794.892476960308
2036.8084496032973
1267.5229641915034
2574.2694419654617
26753.614918916155
4248.606952866127
8749.695562738005
3083.4488240912715
2224.565286008328
3182.760659264014
1253.8717543211408
6972.425484628726
1891.194614606964
1347.6092462497902
1084.2819437921764
4436.488801101963
2979.1115249142886
12003.613305137673
4505.324023163943
4215.783344498272
6382.292571685982
5695.036415275958
5795.084578790153
7284.559278975452
2693.8284006429153
12755.210049948664
8616.618027258119
9242.930498347518
9567.462696469218
11674.396486175874
16624.85661904144
14027.904225306702
5584.407201555136
18039.817476092587
21890.180878435924
6028.847318983053
9332.897871317222
14701.776946128912
6481.118367779378
13414.41085938183
7732.049534729612
7978.301458920985
11535.295246733083
2451.363695130957
5438.193853427863
3943.456803611548
3093.5581197995593
7337.16247098507
2820.6606372286365
5160.4707214182
4403.604596045774
5698.645595504168
3798.4203083826965
2940.345534512875
2793.274280325412
285.66813782728144
10140.527616809712
8969.671101693817
8485.832222601777
6277.25198458216
1407.6058679884684
7711.265115681209
9637.126090477019
11633.14413850411
7278.747530773546
5038.225277975347
5556.689652532908
30706.181600958145
7557.349177772935
9281.972631337547
17827.73282487244
6351.184312991114
9059.434950339304
1404.3163685175225
5800.558835968291
2528.8294936045713
3375.637514533771
8027.114215769799
6972.975896772046
16780.277118241862
4584.0700193965695
2295.1415224110788
2770.807022417757
4121.008264445941
3463.020693986084
12876.017114315606
12717.967693536402
3365.891335537617
3239.979050727696
7604.59771357202
2166.7136139457602
4197.897946423155
2501.8561451862984
3551.6600062538882
21528.674834325644
4536.498301870267
4055.9198132030497
4465.333046787808
8972.309950941293
2519.0020239607206
3082.749395896471
7391.68272051326
7720.6326095213335
4646.484284991811
6536.204707769275
3624.566160491493
6534.0554739188365
34998.124272170426
4511.482669132797
4402.766507477994
1021.3848817454121
3145.509879831613
1139.9656281708508
4868.216474607368
3043.3398985436706
4605.703267882242
20661.384191061763
8336.244628961505
3984.9905527537535
1478.4384673277045
7258.752900058978
5171.766739907576
3629.974290292109
4994.488149650518
6492.1325127269565
15939.721058588335
2944.0194860235747
6530.259171675223
4467.972117691109
4639.0330593790495
8012.790090123696
3087.0147459858476
3213.2348345549485
5167.154589212614
6399.996223660012
4710.773889607851
4379.652025755141
3337.038960215858
444.34034431780634
13161.724969543597
4148.408428645816
2360.7613063682697
3887.510900737654
7047.316003395639
18095.878022866087
7580.339548859787
4617.026843824149
14383.838934279984
7173.133163642193
4240.061975545617
5453.101244806889
7613.775298324733
19050.981313809196
3678.953080534776
6615.286388972962
3123.90239838713
6971.580279780343
10006.841800593416
7056.78837128334
4893.566761555599
4134.962132433944
5941.621382816882
3964.1854633918647
2213.343006911718
18843.012946335053
4250.485635626041
9499.586011725398
7172.280795350264
25604.701569386074
3985.9528869820924
4551.833120743805
5153.591659335014
5128.688880069985
5750.322795629822
4091.7856160653305
452.4801528375176
4513.699281026882
7304.51535658892
19637.463342222018
2662.8602499783815
8388.264049143658
2947.5251509794366
6776.7244251564425
3053.0225979836764
3972.3772478648943
5948.401557644873
12847.78725818713
5938.319491059705
8133.2988336235185
9390.731451030973
12787.585559803449
2108.4436235028766
6965.4298261635995
17133.47518887339
7345.141720803032
8870.175921847444
7730.629259365937
3892.0009301696136
19436.819196377037
6786.630386691059
2355.868262114759
17436.647442909656
8559.821458825916
16368.592084846507
6683.090282576996
7058.786274509707
7948.218741695547
7831.575663046208
18194.52723758575
7099.240531384825
2904.6402279689255
4455.794119575943
18340.585823984144
5532.934045277934
7827.489322625012
9640.265817231664
17623.23939315755
7391.245935648422
8299.796427655681
6439.411155168765
8915.407755166247
14249.733548996164
15885.343760611331
7489.0555837896045
2974.077501259072
9542.457993977518
9878.950071569976
3381.7470978143897
6576.314827096499
11829.79804123248
13012.240799485417
9495.237881606809
3212.0622644008986
3256.4469750418316
1148.2224968719722
6032.506977228197
209.69287991842197
6223.373911394891
6159.005647356467
29421.3142644367
18954.527935417238
19717.59566164819
6924.1145193085595
9788.364947967104
6200.454616717508
7108.260849256637
10138.726198504546
4357.745082565554
6920.93209300025
9021.865804047136
965.3984992659701
649.1083265316272
3371.2406826597635
4535.68209154219
6094.329633730734
8639.251871504006
2094.2277671468255
8723.143286788785
7908.157596169329
6571.408075907049
9750.097296677886
9229.386412686323
7692.983210390374
2093.049065299288
8991.863783537632
11930.000597334447
6885.953413592314
5972.12972284087
5304.773099371655
3248.374327190036
4806.158090069478
8414.9370524775
5336.477653606096
6551.778815246569
8867.493619664945
8594.734085154028
10578.661051146657
2476.615718009479
7397.922349529924
9424.17342790456
3584.380706081198
5385.28746897948
3290.722074330096
9947.481201416145
6802.01771105352
12179.77578832152
15675.15196672491
7459.684335229282
12082.501742907667
16442.16333155495
7967.043495993899
213.21726073800738
4087.549947998289
891.4313769932659
9392.148986365293
1691.910852480534
5533.107978548298
4465.570787422586
5249.744577453104
6209.86376382033
6137.282375244695
2121.08571880001
3259.956320942356
4929.39224477591
3829.5005786823003
1968.3286196530248
740.533460128036
4723.8316980414775
7246.111776955481
14552.928229311648
5722.157178611397
16809.003149699587
6030.923358718545
8960.98937857717
7739.195058918058
22426.073923156746
11174.28719778127
7155.6409737597705
5085.249518174423
2576.9017866535437
34890.10862841392
2371.099980556686
5509.169856788908
3791.2679867185157
19327.60490007748
2895.523938147392
5962.9727572450565
6235.205231237117
5797.663537972162
213.21726073800738
2266.913948944275
3847.172040482158
4461.378063088151
8039.118075253429
313.61776472107243
3587.953159616322
6635.263379346539
414.6994038143949
3675.3850163125303
6996.625759708149
3856.980625310621
5893.886637610946
5988.90423774249
3128.702660977644
3392.9114504215204
1223.3837570350768
2211.6950769679675
3031.0538230296193
7127.769496381275
2214.445872720673
2080.8972513499293
2388.22536164048
2815.0261054591674
3461.0870030377787
1456.8727076904452
1836.942086101307
1695.8850486658234
2166.7583217215306
3586.7381004304516
4591.669759976026
1762.632289452575
3892.658956205242
1105.2672617409498
3382.956729965953
3477.758733159501
3188.03868443043
2202.3382016429914
12040.686637525127
2218.238147019124
4172.805614925648
2231.3347014814367
6684.5119317806
1358.74618559091
6636.472485920356
7007.73285641001
1722.6687825054353
2427.284669812282
2595.4140445245826
12152.393806941334
3684.1901580690073
2328.7375653028876
4091.2453171962984
4080.6216257229116
2471.68776489014
6429.035592377963
5074.8792095945155
2463.6739358629056
2405.6491884685283
4226.508184103934
3052.199992854183
2598.7602899245967
2576.1695025191075
9571.501320390526
2005.6664062768398
4382.313228994958
15023.99864578033
2440.6934562946317
1379.32818092566
3499.211984680505
5337.954229348455
3297.6912707030083
6449.4569106118915
6371.188865887238
5251.343717245367
7705.172199360295
9141.390451799369
3387.1837764240977
2239.2130337545027
6791.746666696079
4156.5604232789265
4731.328067428076
3037.6296933963727
2555.741044987213
1479.0834562409868
10152.175062387156
4433.406874620749
5580.87101044755
4773.4986378085305
5748.113073116669
6505.547952557169
3094.2748668145864
6382.015508913835
11718.483199213142
4295.630119436457
3879.149678268825
3741.039310370939
5484.970888832278
10443.980116765615
10218.942359867675
12682.02993001779
5228.508480354886
9649.067384693253
13404.962758242607
4393.221780187503
13767.261029213245
6225.4756341913835
9023.65645002192
1238.2926461159227
5969.231143809318
9893.241380932377
6112.967884329546
5906.4843704794475
16171.35117929471
4020.519280515645
7043.886753804769
4595.277316927507
7054.299849487697
7044.412243656263
6718.521882553469
3753.901256032494
7155.674504665997
2412.8724501181705
9218.830280459799
2950.7056118694186
7596.859120979153
2994.111888894832
5721.3683843554945
3604.8220041374743
15425.966564506149
6615.419922855833
5726.909460427396
5478.819573988685
5710.524804239158
9426.325364064336
6127.758813847863
15146.823455632095
4159.920964140359
7458.805801305906
3882.690872146603
6473.232188770081
7577.398691225466
8365.488311655417
6653.926802702673
6590.197328458775
15850.36915539477
7938.683848808309
7450.501897957155
10667.093985029542
7441.032432039315
7240.375143428844
7771.062943679781
10629.376109464127
7018.107691240138
5113.630058668567
10941.288866581495
6243.579836109442
2172.047063309206
5835.517718316616
4393.458549514132
7542.769491023298
5846.092918154849
1033.8191327463073
8063.445943784605
4479.892695150709
8959.85632535065
10772.77609414258
43930.13972997271
16139.129123868415
1771.1980519497633
5334.9053693487795
9622.175036997873
15799.311697799858
17526.51103147775
15908.499601658883
21017.295110480263
24827.02544735896
43355.25247102831
15094.144086538528
3755.590962021508
4368.021692818522
3480.32594216635
4067.577500744164
17870.11405148078
10041.717784172608
14650.872036837103
10802.18012687409
15205.864967219193
28946.254279989782
18456.93760393455
18043.868813527417
39086.55321169337
7806.530571573272
23621.20294285935
23845.83213548199
21562.114014592626
11024.542162814638
25863.55520247953
8118.834088963691
14008.759228772897
10989.597562355797
3877.5978555234183
3532.9369064905295
7063.223402116531
7773.501391608896
9039.908708636656
6163.651868177636
12270.634655378479
6931.885764611083
14634.91917245539
20885.856343088606
13043.914603807183
12874.674900195896
12091.488246974346
19638.96193856665
3919.770674521615
849.276569733171
1083.142640879962
365.69261337294057
1723.1495167262917
1467.6517328931452
4743.326312381418
2591.0981556031193
907.8276728517654
1556.9144837218994
1031.3959393883006
2182.787021054431
684.1371521155609
2017.787183357923
4578.783738840173
3952.742071230761
213.21726073800738
1708.5349437633238
365.69261337294057
516.0283151181163
502.0027398871562
1496.5922987313174
809.7776163107258
1928.5295493191811
4122.508630335883
1674.9466270230903
1739.0167451325729
1070.0138804098117
2324.795156986346
2078.7871580475785
1010.1553439088059
743.3265085204833
5325.931741081371
28066.7865135899
2064.1895094404595
11272.550705911584
8910.428657138578
10176.755418174942
1467.7646318861932
10324.152201273866
7219.216201163402
9524.502000198117
5556.241263000364
10407.862618397137
1248.224099401724
569.1017197113566
12950.079721669916
5370.156651256883
6928.838201260573
1453.3945412982964
15439.51282320423
4820.916651960674
9728.575654719582
3496.507615424635
3986.1866076017996
4419.943932626771
1783.593711530564
933.5188972595738
4612.273104744781
452.4801528375176
4763.251774817883
4991.523260975359
446.54587654990564
5383.46645658783
6283.67630377439
2910.6264257335256
2921.0148049417717
2911.035336232986
3053.0806283227557
3365.703315544493
2990.8548610072435
3434.8597371181863
3418.8380440069013
2094.353951590192
2433.1975412975335
1828.4532692964312
2782.4593370649186
5871.202612184866
18939.894978519183
5317.104499496447
5556.436057848891
2004.298205616965
3520.4955930114434
3124.5761898921755
2944.2689075276703
10038.488505214176
13322.408481891605
9053.149519304561
7032.819870541436
5114.789019225863
2245.215193403768
2318.254216317203
5393.068585038604
3246.6357438798427
746.5276578470199
2540.997530559009
16965.335448662947
2809.30676820247
8549.12488651179
3221.7326683428864
7545.7446801725655
6734.296029799608
7151.529041516914
3381.97328630927
5295.4174430510975
9897.73253895971
19631.976407679922
7544.766630669224
3884.0113170102577
2784.5153947515464
3843.5015039504256
3740.380506145118
2115.4404976342453
11530.91122553725
3896.4404009950895
3076.619456795322
3207.4198187288653
9629.223038720545
1437.304900054278
1766.2924921162828
9199.255840878164
5763.853163730951
7656.629495322762
5912.916164178168
6038.424272391167
4722.9052989888005
7083.6776181720825
213.21726073800738
2533.5902200664814
14107.937173250675
6570.396934969651
8466.873790179483
9732.0799752148
6222.7370741294235
4022.9004911387196
6124.258267811951
2843.9814787320183
4657.526355229703
8033.021935597254
3393.223852674023
4107.680028315899
6621.7356510145355
2450.160950377557
2293.111256612595
2323.0745364555573
6674.405721037392
329.8348235912864
24120.587309193
792.6565794465153
6936.900131345558
6691.158494659075
12752.842874405787
5028.677967807615
15371.02844336869
4551.364247077551
17351.320480057293
2198.523133235758
2827.032874613403
1474.5615098054611
3914.765665236773
12794.02393246098
16243.515521931577
13691.254411796102
10382.456449724277
2622.6856200455813
13917.152761236242
15118.268890174306
10376.513572161848
6141.434447126807
8473.990113174437
18767.6383685144
3761.2420721590292
7838.333596920769
21435.554191691284
3743.64365757699
4692.974115338621
8276.489289096682
3243.4857472233703
5516.994858793528
3880.844504675447
3843.084672292235
4827.3447041390455
2703.916480135027
2785.4617523023894
3275.7333037034696
5074.40983655083
7120.384737213207
1618.6882623858244
4815.985798551612
5814.42143090955
4008.3551019348147
23983.526696169032
5881.915503681001
3602.260625024072
2720.269332795458
11597.429311335292
3203.4153041002346
4845.178850743142
4701.126017596417
3933.4021447759856
452.4801528375176
7888.7229353299945
433.40512520375466
5994.482006505865
7347.423986394045
1090.3352377383953
2502.435328118082
2785.569884984426
4884.408757428504
6966.900338178053
11166.58337213237
6966.026175786518
4743.989239832787
11541.37943677657
3006.11684435528
6163.146210129043
213.21726073800738
3438.8449155730677
12677.600341460622
5606.8519553833075
3604.9502585138716
7555.861814288585
8019.921940594177
8158.126863699226
28004.70017538839
1896.1383401180638
5114.173622460893
11156.405388397458
9054.011283405294
5206.780624975612
9472.382106275098
11050.909792572806
10259.97328589924
11266.783757617175
6233.486315533791
5882.59442932823
9060.14219480984
10206.75080879059
8901.597630956856
5805.228143431448
6858.26709711147
4077.021967358446
2365.7164685139314
4229.433834249145
8378.944264051048
10322.400142032735
15697.549503663451
1420.2243801136935
7824.068359617496
11078.291595514605
8365.445237132943
7159.435251743244
213.21726073800738
1901.810333148862
725.5256478674281
8896.699906727543
9047.518883927192
6650.175945519374
6409.926331777295
19327.382445904826
7200.702193665899
13056.354436856027
11755.127665667538
1384.3176232055132
17529.355292339496
1835.745497430724
7441.474444030879
9840.80242483695
7176.99281193846
5812.974759385328
6543.431549819963
9266.77326049944
5328.969930265505
5678.625704017072
2775.2309065785084
5858.832924280568
11463.117984517341
5684.598057551182
4113.881199757752
5825.651836034431
12995.348185724182
3459.553988046513
5411.438132104062
15033.746247551278
2010.2298903526762
5429.20112256721
3916.8067161563645
1819.540880312837
933.5188972595738
4880.924692189057
1755.2632999974946
5870.723862823657
6707.789961125367
3616.4844746355798
10104.136877986857
792.5142615860925
10683.246797135633
4827.279330798931
15177.901004824713
7760.556114288335
6045.8168666169795
6809.997612746299
9392.294639061864
8699.63759675601
6763.675806644494
21514.868076134637
6697.588304571321
9801.73564286855
17973.984756586146
2613.43021707107
5997.307880375742
9875.305284608314
9530.685036100922
4222.3633408717715
2724.792941144727
9827.620074732044
10584.301082830723
15793.106638117386
27057.199052498658
2720.8646703367117
3258.3764609901837
8864.091754699732
3054.8124875171025
1050.7221624294718
7029.626954384845
8547.448981489219
6698.519652450297
6197.63181999897
18749.989119949623
4269.094801080672
3645.578938819758
3272.3500870945286
3840.512812178798
1886.7827919637298
2883.8786645179857
2718.8945373332963
3786.640437622281
8261.260959468485
6462.808001948608
4110.7068045442675
4817.4129800557475
2701.484032534643
3355.777405781285
4068.446306641098
5373.136109962225
8956.211083410139
1292.316220798711
21133.105474504046
6686.293658620896
8756.176111542252
4694.748253372297
3865.563606372028
871.0966623623136
1644.1809610120613
2287.904240487478
4881.245105161853
374.8372208388762
22390.522370076047
4039.2277519723502
14501.18024296508
2985.922548716998
11907.78455532962
4865.749087694239
6916.852075312307
7986.059245561191
2116.497633449512
3536.083840675927
4272.41807042195
5376.0603430468
1582.9092797629717
3308.5883425624993
6630.58717765756
14169.39987252444
15182.68204571887
10285.593486161519
16816.211688437368
14803.722257702399
6202.896182668765
2894.5870737879054
2169.7279327675856
2979.1349554957073
6949.397748274732
5607.5961526285155
17695.41988592512
3576.073172129417
2275.3556693791606
2380.5131139951504
3154.690386839738
4460.2179005301605
7649.110355296074
9128.887971561096
13616.731477393789
12076.172239736312
14518.092554029088
4065.805759512565
7311.270504366911
5910.345553115205
9423.524677808391
15419.15018184209
6658.5827596559975
10046.920989653921
11929.997813461972
4781.811217137547
16983.656384069236
4842.867704795583
6944.016159305299
13953.82963642757
9967.765813969341
10236.899832310113
6031.210791218511
11874.763146585266
21928.237105832297
14018.860229746084
6916.186044654027
18124.43007679554
25647.14913335058
12399.914764950161
2227.432048624059
7723.911749030065
6810.285650269241
6826.901903233895
17095.470465690185
6353.320307334066
10778.22805310077
11123.439330168154
14738.243737129056
5655.9077991679
5636.571360342682
8913.64093084317
7105.594487776731
6315.888095467896
4433.451145798688
12026.435017977248
7331.961285822034
6329.159397112246
13020.274371227433
9765.72392854085
7566.0847455620205
10077.554477598229
7115.316822805399
2508.444538269909
5542.808530308651
9393.803192320409
22087.35288900946
13861.52313526188
7866.644837062084
11390.377853811515
11955.430715284636
9713.114845372194
7969.484046863413
8869.340516447297
18124.76457637899
12687.901271989942
17608.501000599415
13700.57561923054
14865.412956686978
15032.036871270819
7672.287246152907
4517.84412977245
3024.8306629703598
1962.0312040437848
29081.70012144347
3580.8263432441117
9543.27284114804
4881.621896319044
5124.338075166579
2142.308989029385
12041.466535880087
946.927139151061
7405.8324096177175
6597.476891708777
7966.5441872563315
8712.851673180088
5648.781049550343
7990.2920617897635
10051.078175508188
2736.0702522197967
5253.734583138543
2741.9870362353913
6500.468251710189
25092.01804898919
11462.335897218325
8409.036610539988
4636.7463160197285
5611.582861291353
14152.038582382282
6530.144819667559
23741.42368221981
5633.617202621192
11469.39318691714
12233.883170249825
9254.085997656992
5031.428093932829
2565.4371134231596
7885.56278856258
7463.436946534578
8109.78404552093
14362.394686379106
4625.433204588266
10393.24302835131
4046.2539143521326
4643.003995665619
7076.158025259202
19546.87352634543
7855.061907070708
5718.222171455572
7649.864051934779
1002.6881164550595
9261.77134199388
337.1480869148005
2974.0157944583143
6609.175352533139
5683.94637754706
11491.655863830129
28057.270685714342
2483.589384377757
4213.758431423471
4159.009272014099
13241.519444506253
12399.053872312505
20759.10446039448
5860.228803635248
7701.071001253562
9104.483528488397
5681.523957684625
3165.33643718628
3579.458359618673
2758.4927597932215
3207.559704839121
3923.3642289919485
9251.289088587682
17661.868174668813
2263.600155514569
6392.9850920843555
1966.5518830628373
11965.612718414171
5374.080589372466
7520.115701020682
7686.601949346292
7874.544762467452
5421.157349080857
10057.711173571217
5389.28867992918
866.652973499523
9286.016038268972
1147.9505784390362
24110.172254070047
7936.055771423752
10089.493651370198
20485.42927056656
17489.541725751034
11470.631937665998
1819.637110642867
933.5188972595738
4658.798707910568
5421.8002635526145
2092.849217460938
1938.453462032433
5636.393386212183
2054.1388764575745
1866.2348941704565
273.7610419643503
21370.895559884848
5190.550513390929
13612.614474431277
7564.09593084519
7141.5850809778185
1977.770072074935
3724.323162275142
7928.058443425969
9796.485554727144
10784.737208279377
9831.7856072831
13918.46415195458
7304.5909796854485
9664.889649018398
7937.8130732258405
3705.610207857437
8424.878150916698
2379.9861074263085
7231.3777101399155
6867.253433035254
5675.866356859864
5536.416527956448
2323.2568429829084
4961.84128321765
6517.496623449053
2715.3024340903867
3453.756767346285
2462.5917511832495
5863.501566910004
7371.8109544238805
4518.242527839096
2203.126842172904
2387.0894141376243
2227.207912930858
17103.552929073536
10834.601999239725
8092.855021025946
6055.210570866411
985.257921839446
2190.2743787306094
3257.1351487694888
4508.1496229004115
2406.3115573430314
1219.3092191354374
1489.4610626623623
16494.886368847343
23537.951129185778
21918.207992248965
10082.319201763232
5811.63712671144
273.7610419643503
213.21726073800738
46072.01516764423
28670.291766374765
3693.6468553226764
3897.9959123235562
6884.3817399660065
4962.021733699375
7411.160027498902
5113.4610583299345
5191.098089900755
6866.0510646615885
5158.711410129707
9422.486450011815
4876.452715376363
7167.972543919896
7533.558446725166
4240.848746700501
9295.427309727424
4158.75793923662
2752.4503587180475
3336.529865324761
7270.260633965476
4279.660545872208
8953.738999778285
18493.612077003763
9858.626433249683
19124.55155474753
19289.934679590144
16303.187403593554
4688.868336659329
3393.062501878466
11363.501835828794
3392.259603680694
14893.125457337781
8697.876593164201
5893.366109469032
8806.621531721019
1094.7941191064483
1184.0329903789952
981.8325308761287
1625.3507024054675
7398.254114905706
1184.0329903789952
1318.2435702887815
2828.677539617427
2201.5643610849056
1845.9278249174401
2202.559473415629
1373.6754170532552
1184.0329903789952
1845.9278249174401
5771.208576158675
4563.975661574485
1958.079427974969
758.1629995716752
6030.477684073941
4688.511885249773
3983.957929742632
979.3187790615713
9100.523486451753
9927.577500177467
27390.305296364666
7151.964458909677
14996.21086080254
18365.957604180636
8991.842185249616
10196.863239000348
7751.156860747594
8698.265954136936
10211.022304905893
13030.498389761866
8483.373382909813
10349.010111844402
370.9717385073793
8275.913138379105
8422.750520593081
4684.9457862936215
6564.736049110927
799.1051869350453
7494.305093352214
3800.2100171545726
7452.032392881046
12170.504846410948
6358.506755510306
5801.405210620833
5086.890003902828
6843.432247309413
2801.6363244894073
21436.520477682723
7782.740529861254
7957.249246510164
10795.006473121164
9105.071292322324
8576.961266698738
4636.578708047768
4568.983359889901
6387.2632722349035
6920.6522019396425
7452.217893469647
6542.830809349121
15178.071016656311
4408.227810305138
2165.677380630507
6144.488848654702
1774.4874906110647
15291.543850254551
23537.06038621247
11509.587834487284
10629.888763159557
452.4801528375176
4877.282458016825
1719.338837357052
6046.332530645784
13626.896739187392
5831.0580117302725
3573.8810178681947
3883.7726427258967
24022.096715356667
4302.248692584958
8156.708366236748
19110.386468454286
6507.386579676995
4600.957226342609
5404.001512214325
14914.715450125543
20702.03726217501
725.5256478674281
5358.137124293885
6191.585331366504
7859.144053173334
5070.884961428594
8225.112452901138
8914.859212978226
14571.498101665517
452.4801528375176
2788.341791694602
3001.3738851597973
2073.9388148961675
933.5188972595738
3919.506246166067
757.6480585700233
8813.82434727898
10029.832514479791
5675.852038225351
5009.767898896892
8648.260936104356
4848.761104650623
6557.627216945464
9241.623307717087
4279.4401654650765
29806.69872015378
3752.0961514178584
17069.72144297333
9022.818431906506
12481.183702353768
3409.6602117832444
6343.493486670055
8381.706886310978
5767.233089782989
12675.385706075149
7995.622198082175
8348.28962300016
2860.441835024681
10978.734691299407
1317.731604695132
8975.844115496006
15296.896392672123
12513.395636192497
10255.696902894075
10135.078054866271
6805.9375920063285
6841.72314511995
4422.938427791998
20719.83543079933
13808.794868624185
19587.856678907418
12219.94160793029
26301.946644015406
37795.924206637246
4422.457953404575
6274.155251459234
3038.33722473897
4513.03356920817
7963.206806022862
5856.3189430930615
6382.124766769951
4322.6634546954565
4716.815315406447
9122.352186137354
3708.7088724207974
3166.7200592609393
3582.855587050374
2986.3894752137967
3258.1342904515964
3190.1980519126
2600.4778732829086
4097.935564148738
26022.480033047977
5100.469073355121
2966.0653237908427
3553.6447487666574
1453.2288836999044
6712.103995634568
452.4801528375176
7430.219202073327
226.0251654863034
5444.270796355666
28989.39085008961
3530.6964228412194
3880.8710627306036
6324.672275491182
5340.001248318376
6608.323989039282
2664.2270830456305
3228.514507034649
3186.849375655944
4093.884692181335
4497.52488196204
1821.972945570362
5790.639619249983
3043.1275104313227
20351.17121301851
6892.71699293823
4458.631412509497
3024.6710461797925
16853.97504367399
10428.520292741787
3845.8298735671224
4537.994478642539
13188.457432047308
6676.693894857084
7611.759877125595
13093.122485724807
8096.064701987649
2622.6856200455813
11918.616207695024
4649.110519193338
4012.70209380827
6869.088571666032
6324.896337374925
4592.476088887229
14536.514986262426
1478.4384673277045
4189.311060665671
11054.91553742368
10218.351256927277
11291.97706824085
12329.547125125408
5288.223825992413
2957.5418192543216
5013.734165701791
5701.6350986880225
1948.6132373834505
5286.580002741463
3124.3500067709365
5790.700639953355
5441.031976901317
2108.215258386688
8878.741120104141
10009.717670791943
8054.645638506676
9146.225767608446
11619.904310056958
4989.175769285117
2173.719798279277
2725.9269566703097
1901.7206675704858
1960.2492827333158
5381.492415945401
20049.59838476747
9752.301195531685
5755.205334047611
10581.439879407271
16324.17987381386
10928.057267757778
6239.642439375466
11988.037226958962
8586.099899004746
9600.162958287834
17332.072553739657
12692.571224660305
11240.38956336251
14674.510337849806
18501.632227421887
2890.9044631092092
11002.331139303305
9690.917951654608
7158.163952164895
3908.352004597817
5599.586766251803
14672.679833329179
12116.15076603295
16715.83978035743
30616.785131207325
29056.65609714402
4626.057716823503
7400.360948221553
7531.538971930565
17905.293196021004
24934.38387464607
33192.30889576341
31079.363663207296
3933.8628536730153
20378.601515362534
3832.8872644621247
5973.2096730175335
11458.425358426523
14711.403545246867
25026.613969272737
32476.979061539096
11315.876094873633
9633.298219921746
15636.42249199251
5108.742526543585
1187.7806843341173
7355.587075497285
10400.812914361695
12990.562172120963
18831.145389072353
14763.96946240241
14235.170575410517
18713.537697064767
16735.77946929601
15931.286627206095
1977.1644294113455
12365.869945825172
17884.96882419378
15511.128023619316
14897.637578182072
13838.499181667334
2069.1917190674785
6121.418337989506
9572.576337893806
7822.555973403226
5535.147422125357
9086.786257202466
4267.77360587658
2865.305993476686
809.0933331613219
6004.736702807485
1627.069156899502
1392.3934418902656
2202.537859352651
3963.434505216259
2328.8623167246465
37559.54557309223
7699.677540707481
39658.316081078905
6094.966249536584
30514.208272042997
16956.946450271163
26655.617436757468
6572.907905074666
13776.811882657761
1236.1053416649768
9254.00302973026
5126.544289381282
32394.22477817801
8266.674273855373
28447.114525524834
14951.85767165435
35340.10141056467
10178.912388127726
bigram, add-0.4 smoothing, average word perplexity: 5797.105670019347