6817.545454763517
195.86886573000314
1022.463768021868
307.15045705492423
1882.2600853487502
2276.312247336041
1100.2036762686032
5017.424767429261
388.8963745495135
334.8909116640059
349.6494029756938
232.00442065818865
828.4518351889169
197.20582265974485
411.3991376983237
2432.84800278679
438.39923811845375
340.626729666222
261.4158576237175
2984.809720055805
2348.4056069596427
470.06455124407114
1421.2657710585302
361.5357442338429
1179.667429733647
1238.0665832805414
2522.137346865869
1973.702658534548
4245.477829540749
907.522895781743
695.1587182899052
662.5260621349554
202.84236712215068
209.25071717730654
191.8206718555721
163.4929433707657
311.2698192376091
255.2825155954662
3639.468652556878
5556.086678155845
601.7218425744918
174.92970934814886
241.16961397049002
134.65313954156395
375.54249547391436
169.4304843253242
156.14137215442057
205.09943922718426
153.6796022531118
134.43609070241237
75.87439941809325
300.08261877115035
201.84846508509656
512.9742686333108
145.2802831906093
238.90081574172626
956.226619341457
356.3845367554202
1221.973608779639
495.6134735425474
204.86058760220078
2136.7090670678153
99.38722339225016
542.5668392635928
612.0317665043453
180.461340640244
428.16122815692813
537.4018085462062
234.67393723592215
449.1962636105915
428.22001810333364
234.84132417830446
369.1735613913902
311.7159955468074
156.89568396021554
391.41444109735926
416.18814937348424
394.71508705760846
1161.090400482396
3292.601695863503
742.8510884001176
438.4566361252206
462.8775719418609
5729.979935395111
2624.54131181732
1341.4813262165478
619.8304870821912
7289.392907896287
508.23462351381727
352.3280869615827
7592.039255077964
366.73810653227656
1720.345235130498
3375.474413925744
798.046785178737
342.9918332158275
487.6434557345346
683.9565938700852
6124.398136859296
589.7212312698957
1168.0984378579608
138.257516090335
270.6563809757806
2902.5248585061254
637.9171032132781
1455.7123670784606
892.3880766017022
1661.8502092258589
937.3881233343368
2046.1617237832306
1328.2242395270202
957.8914786114748
621.2108014161819
1015.0463042385508
857.7423944011717
3210.013161009963
1027.7689500759132
2289.626860915078
273.2297511610626
430.90269085595173
864.2666507707609
675.1075685982959
346.7194920688985
246.64789804434827
2302.889506787275
445.8668523007902
481.4358372917642
10297.730308524737
3358.573003348642
1141.0016277765085
526.4894052801789
614.5996904284955
510.79173262668303
6822.927522540146
700.4515155960254
766.6233007662615
724.8511432940891
768.7673223877007
375.8197093033645
682.6092249160178
230.54173107597663
1372.4925407896592
18705.817631277176
1105.732804327664
1004.2899039957678
1726.1893453441057
517.383228391846
920.172853623313
929.8480084017207
1269.655421780969
7171.952417030911
2046.9371651536878
1048.8098887712977
661.6775204917438
878.5624749354045
1194.0786672899837
850.6292053922884
969.2151038886674
3300.941191728126
759.3206091406502
4540.145459515259
1268.2946489524059
6098.196294167193
7583.03491316131
3861.595029323587
2184.5253004927013
5265.7957938256595
1600.7189592517248
1612.0009215399111
10273.120045832595
306.2029154198527
1055.3884561056777
8451.682895680973
6209.232876067677
2953.12933970464
10375.42600193483
2687.4230744327087
6138.17965963003
2085.4687281794427
3653.106146077322
5290.089869881077
4044.0767736536336
1570.1927897028222
1698.2431339784168
2353.0986239110007
1016.7492695292314
1435.369889636392
1256.600147602467
1527.8003232773679
690.2228639231464
8437.713133336485
886.1532836142251
3239.1526084149054
7184.144332804173
2329.4518216193933
13401.767465093555
1061.922270469576
7486.813199051901
4119.204971780212
1508.4657980450718
1199.1048041238416
594.7738126341656
571.4810897161868
865.4923898868653
4704.380322320742
1122.022053563529
635.5133392182381
1322.3845739191147
4090.8338777558115
1214.7859865090713
441.7758111822666
940.4890760512932
451.10578942518333
591.4570709459124
83.30195424428643
60.69132366402242
56.57964502681738
101.68011859628442
47.00992733658915
80.97614527253398
68.98930337586806
1477.5360752460977
2168.882870565235
588.8182971228032
1350.6084743828035
10552.57469608298
205.04792155124545
101.87819053723604
255.55870234503507
396.28088311119075
174.87015254375558
253.22873246698165
326.05427666476163
260.0993440781197
184.2874103952868
189.63541276665688
267.03477894420007
462.9101124210305
187.63723479590922
277.4729877455528
178.71013708873195
6965.306133709498
258.8891119789065
597.8814336524193
513.3504893139301
581.7487178336889
689.1081576036715
535.6185165869657
306.88542467281667
290.2235635528208
629.9491220955022
3555.5934433671882
138.15204284482058
461.6272304763181
350.1523881526668
6562.045361312733
2464.922801793624
321.94891814078454
80.51023232045969
121.5171951138624
95.05842772859253
405.3682702572657
125.913630413025
3921.0626388199894
306.28033480756665
6968.885361447319
6880.143190860766
795.4247586163342
821.1365030777201
1041.9266884147332
2342.5610979976955
579.6979059853378
921.1985945691549
483.76006048926735
1136.3651590669997
251.84947871474492
164.04940481874442
141.92545853980872
218.14822939771818
164.6958436910357
84.4735866332977
353.89221920693035
326.0058004073383
5258.890828737177
4437.661519719724
223.52211242996188
422.0484360642695
206.2298154383831
469.46736443168186
9126.929695092858
687.4498907750173
3992.974634782075
666.9028576149412
834.1534629201564
224.55886675069559
1294.9077346289966
911.0085602775466
440.4159691494993
898.7923167158278
1198.9006561787392
1419.144749510557
948.9078590966787
607.6418169393125
6052.600028848217
653.1434321302846
588.2630723684968
1653.4718340075062
210.83864426340162
793.982187981849
1128.7090495368413
3266.0464612945393
790.2949588938683
2872.914730177803
361.45356178851426
4850.3798348503515
720.9939764311649
549.5020541367217
1060.234015678651
754.0226996273333
726.321221249028
644.9608905232833
3883.2499332832613
969.1963104371623
375.650854383044
817.2191704270695
725.9252355825452
373.522616489187
1912.5963198288835
435.4974758818376
1595.9348694251478
1088.315204864464
1873.4250283752544
1558.6109201725476
665.7678436231743
876.1786778393353
510.7562267107133
1687.3907691049733
310.8447863508602
2904.085503799899
375.00598476233836
2592.9403681367767
166.62792196962118
1622.4273100632715
602.6086673818673
1434.6138067039785
3303.0312017426195
4329.240338357016
1191.542718317746
1203.7763645525379
2720.711968584688
2097.858296001838
1548.076757706835
944.1731421634792
1184.0688564051197
1122.634989177377
3274.1781962522027
1103.8448965749428
799.8807003268361
1210.2491492465088
1658.174483325438
1366.059331365702
924.7934316613265
525.0225246530221
427.80294441368505
170.43039908772477
811.4588842000039
482.81963337360116
364.3687937905149
771.297021629233
540.8228730775729
819.5888723958262
382.65721550817466
472.0486418653795
890.4430805122773
2562.073419159578
2251.977742487628
649.0498567056565
305.8092965741725
330.9183751069583
791.1998221189855
495.7845293427767
353.4919038053958
654.2243648275909
255.51272994349105
890.1003444965118
3184.6879873436174
1182.336098599398
408.64615743020636
610.7494680593203
381.18107047748316
620.398363158816
958.4675725549499
377.3400508019409
925.106333521004
1192.8741252026573
961.5055390874173
438.34027184177785
1032.263498678276
993.6732017717204
512.6669576246638
245.39915026366842
507.5680071975536
1098.0550419827016
447.7852205150356
361.1065769068152
1002.5624024580522
5225.233707284243
7258.709042628869
892.9160701584605
448.9446401845379
1025.037314314716
2810.1462514663194
335.4619604623233
1201.761742944095
384.669462709052
1393.123895002868
1229.6361151591989
3828.679665466978
1410.6244880873453
469.8557477169523
2516.9568537931777
1630.6626827211292
439.900719354301
511.2298321541343
953.1727523001343
636.0661763830464
2097.933559603947
373.07587207254556
1470.0533433174157
491.58198740312537
3750.677310631424
980.9218907229433
408.25860708217385
1169.2444928072648
2761.4707715843283
133.8520619178368
1294.9077346289966
840.0602736627253
967.3516334932993
378.69306302978896
449.2129257302309
526.3437334659839
8231.785346008273
791.7519309901191
955.523312999315
1522.604600868801
5740.529759059688
1055.3242814369744
5726.859827940428
1500.5519187982657
414.59430015875836
592.7867340286068
437.0215717667379
652.3617610547617
506.4821665348172
131.37707610510466
156.0665892699383
3082.360048337827
521.1708766008386
325.40330640645476
471.60681180382176
7339.622297214393
1779.8765041099432
192.0336406570772
296.0960957906107
244.0843355809775
301.45453597246245
905.6323574136698
696.2687471418214
1285.47493200838
564.9573286130766
84.35908972343017
178.58960137332176
370.3921379234483
210.89278010050907
163.13734450625114
114.81329980142579
357.2096152695277
203.2872021707845
9728.785911480767
183.29494917956816
5205.422353408695
2168.4902756843
3917.4850562792785
6574.829507248844
345.53391982246484
925.3670008226459
1079.1096582263044
833.284174457017
525.3660899248879
605.8295752700755
1674.2390593716639
763.6218458088913
882.0138473793154
1237.0222504668081
1543.6588795043263
661.3432321037099
452.2586870740602
758.9201191863449
591.9427887905271
980.8407044600054
934.6136450658869
452.9160957427962
504.26077321531795
1137.889293611681
774.7981576105066
502.3504854989194
6754.7727605666705
471.79369036547723
55.0056844814844
170.38301423819647
1460.227290671114
1023.8021562718719
140.75960700040667
263.5097551841231
304.5576971464956
683.2073423979673
568.2979092982467
582.1075084696695
482.29979389437034
709.9097516297307
3284.742758940244
934.7359127147067
2137.4595293553884
1135.7918112171012
507.8045400237673
10062.250959478908
735.4302124014015
977.3319561879223
1045.7617189192604
1513.635361961125
1089.6850928898684
778.7015942736127
799.1172953567363
1291.576075593815
530.8763081089803
634.923043318699
572.4707847049145
1026.9266207039348
451.0036481334998
3791.890139633603
372.6323319913523
755.8699158165471
184.56246223088812
1285.8815055873697
463.4532967175549
96.88634157702319
2392.306288668381
220.039476826723
752.0842388919905
297.97943050746954
643.604400757849
229.66416761476526
1191.797956970397
350.5180323073979
546.6662046933052
996.4273587688359
735.0724200582092
1589.5020782486613
1637.3929062202888
198.1743003057746
1429.8000145895583
627.6912315237869
792.3551120477467
7531.625228070266
1256.4598561848313
773.338835079117
314.31581070261126
910.8350903000648
1634.7517348170813
269.0841184453044
329.1260635182018
391.98699444717147
538.4209595589116
11056.269545900608
303.64054528777797
1241.0645411906253
422.74148649392885
418.52084499096924
3145.556322220954
307.93975873091733
338.1423433276388
399.22258820097454
257.5071851640358
638.7895277104617
311.65952689607144
398.16191404455657
336.8094448339175
1223.4254475572795
497.5602096023583
59.58916644994919
2344.6526731409417
203.76970093297922
546.7283010368602
644.0478085836656
831.1744720949608
2030.14845982036
1938.6312346011428
4337.922814107645
158.2927345571018
539.941444090121
225.52920005685925
335.05963321689717
158.5023236893809
1289.2544946358048
213.7604027185017
683.2601745629851
659.9452316691279
229.91067194906736
168.99408106045928
344.23276595872267
82.80191483039457
291.51646747113364
170.59185697926725
510.2398388229011
312.53044899399714
445.3908398473527
573.551672692996
468.8344145442886
413.95169345921454
755.7941619349023
352.4095014833325
378.4348425449523
642.4225018651815
81.54494657753413
9842.411449932015
271.75470946607373
337.3000040736805
384.94167841933364
374.46892063314556
349.43443203477386
254.7360021194621
593.521470745785
661.5073697163926
285.29003766828123
294.808852897214
494.5957265875316
228.27786370461558
460.90869342132873
5267.035735444893
180.11351198959602
225.2355313054529
391.7648273630646
258.9760470070777
372.3159723027214
113.39948717050183
561.7673101150307
474.13881830160267
231.4732183092703
532.3276468250735
559.941880117911
373.79736740918224
341.52618048889883
250.6069688774437
230.59320494741544
43.54815731365908
295.4818121457877
266.9999597198328
1363.1723610200677
287.57979073547443
667.868463553065
468.8505520578419
10726.916914348938
882.7142841589949
788.3019451978398
236.4998475358456
821.8406853283523
2866.901821629359
1255.203054873128
4567.6772110283655
877.4411038896029
987.3641341335577
1140.8938883203946
339.92661470806274
345.27560267464145
1411.6405705132431
707.5800840316981
1329.1437216802292
384.3565074590487
463.56484718570505
1027.7689500759132
861.7514769203999
2241.3188818802964
241.81950611226964
228.46683045237657
1036.8105674874084
403.595358985253
514.004804602598
332.74190789685014
2931.7583892678213
1108.8463856850053
451.5029749652782
1499.247019487001
1271.044178514323
1783.6854874185915
1634.698644198255
2949.6645402157415
378.03520960772795
1219.8500357199528
463.03713223640244
486.3962870853879
468.2038606289822
1211.3964305873976
930.8611917269436
1184.522254276983
1689.3684602863211
2096.534071082944
4332.950583256548
2759.464950377606
173.56403263348702
531.7238979209459
669.3574421675814
717.5061065714133
863.1982332711515
1576.1065465723661
3642.660832103075
1224.6787767140045
1548.1037401705446
1124.4672748736618
849.4758870436285
1027.7689500759132
3346.8838904164645
111.92811363248862
142.9172211498555
997.2632171174672
1307.3460659715106
694.0680125181558
793.2888666819599
9058.100887846862
5968.875792412848
250.48772125966985
1651.3620780020983
465.3913098067456
750.6234195753558
558.0484381195363
1218.7811455506744
2390.650805676971
875.144720178095
1258.010465864212
41.24287524955015
1968.8120742778863
4245.477829540749
121.05134076687443
391.8610525396354
295.6536285116334
445.8039304463066
2320.441633335091
483.6980222293532
506.4440332839815
292.1051388025812
803.5934529581065
9212.22385267363
401.70796935078613
457.0154947445089
10067.329263342886
1243.0480409799916
553.7046521602689
658.8932570348568
727.1931015349675
874.3002623715602
693.679167195388
1247.0062536445346
1465.189992025777
805.1986778808158
701.142212657148
727.0978082331817
1386.4551202786777
540.9017413523418
718.8688479340968
485.2756762127174
619.1402036000014
1053.4132648302527
223.21392804199382
324.4580897821515
1027.7689500759132
7291.535549715692
267.3157286866722
2598.5147174893486
401.00526135097016
909.4034355519113
589.1163016351429
893.7235451143295
463.12493552746264
6766.713516707774
828.5711837048295
294.60859854259206
5986.102869504425
370.8799572907249
140.5893470484497
617.543375518435
165.39032897217604
183.21124715551173
104.27803240697615
1220.4885513696022
57.55026014485296
124.22219397679591
99.60091891020836
110.7808591252084
99.60091891020836
110.7808591252084
1219.1125163359259
3065.125083026025
1379.237062284998
9372.301252641797
11015.161227657321
1628.2846927314138
3264.3430900441504
1840.7713163285598
2733.3450324276855
4476.545084964362
835.1356511715112
2551.2359708217423
2173.2944245552476
3592.9187768676356
649.7522042238821
803.7603380769186
2496.5532032393153
9352.391813093527
958.2249516411097
1702.7363877641371
1196.6502695655506
2155.210821924857
439.6338602758628
1254.7916848869638
1362.222947110287
474.84219063460483
1295.9721009450884
1647.8807853954509
398.2789689889109
799.4782504443467
369.51018892828114
910.4569650279179
10213.34094069651
1365.191296153194
173.56403263348702
2050.894708087114
666.8368756900508
366.10542116567166
11173.18486181303
573.0042170674353
535.710647072491
501.83470871326375
5934.853138494928
919.4580091261346
416.1706048429583
646.9756257678442
664.8956806342586
600.5106075213517
732.0142791874999
306.90989646186483
546.6239093805796
933.9882361680454
3322.0228598786
5210.019119233136
5192.566372129891
169.08613537685147
454.3945540652725
304.0099750294007
800.1009559796023
1243.0226057139912
2259.518125024977
1713.9504602868253
55.505148481046795
969.5398301900999
2773.4783886269975
2561.3319872217066
3877.574616247592
1307.0907511691144
770.0560886202743
9070.56814182897
1818.1565050412078
780.4878242807245
909.3351507470124
473.1691970045062
704.6446565817963
825.0871888889293
799.4207042307811
1951.646519459203
1299.4154571584788
3652.2210569222334
1385.0015357856373
632.5168779576329
1406.0244486726847
1137.716196176307
1285.6556029199362
2345.8709839032012
7817.633960894365
1562.5780062486756
1012.1926285635519
7111.4082088828
512.0327936898342
694.121853579509
1693.4348809651076
697.1151347777222
919.067375880146
324.83005518334147
990.510070395361
413.30570660557635
1746.4502774524099
2349.9353623702705
423.95055761335846
1027.7689500759132
1720.2895172241867
6396.2198442022745
3953.7423198632805
1640.3574387116414
805.3455303328257
1534.54402964051
1219.4494389704564
2157.7148810305025
3992.1074674926194
1094.4274698123093
378.38974901523375
809.1685822622362
1083.2860584254047
487.096705766619
260.4095152927955
386.91443449580146
443.3854160196522
1294.9077346289966
679.7616166232569
573.0952324320551
3754.985161550484
5129.60407230494
10203.518276136803
6632.240370991857
2794.291932331975
266.398979033595
88.21729314163647
138.66918604651585
192.77005464815338
217.71495014302218
221.11866540361967
154.39213716597357
317.829832916768
454.8680001145116
279.5255154093366
209.11900716119948
106.63729401768535
57.481979380719444
124.61250999211478
267.81569891898545
72.80910584045493
152.05158774115088
228.949729185731
146.5446459914792
185.067148245707
308.5256178150611
187.34835527460794
252.06341295421646
158.71751154777715
38.702192082729624
240.4923656613356
339.5586519047203
4209.174178897938
407.897641142653
77.37956119981907
89.26979939633333
54.83147978089376
95.83332699469152
98.63227553668416
50.27419789447495
64.86636340475383
442.6454287766069
201.00595233284662
1502.5875067868167
130.43798498118363
89.691282697471
253.58477155377054
555.2061914816682
658.3619271311327
488.0641464432825
939.7495990261939
403.10526917498686
411.91429611373877
38.8946331796675
71.6304846663088
715.8027045915143
756.9074683069771
76.47128197044988
284.2778910423736
178.1040884947774
1378.128012687569
96.88634157702319
1198.2643329000964
769.3224551707121
5292.886785324667
2233.888358209953
847.5786810752763
749.6368178614647
847.5616025993104
388.63778448931015
264.6426647316966
901.0962222905648
100.90036661378947
450.2458480038884
1438.916966329558
180.35289756819742
292.2201692270389
6880.143190860766
951.7085275069844
754.9283144168708
2670.1979451471143
900.014004692043
524.2046650184722
604.7582717335325
3425.0948435354744
989.402131213848
1208.0353418816574
4730.557118066626
218.03683725993662
4183.590631143149
342.6505472841702
511.2967472661704
508.21615286244236
788.1067841320282
5183.875564010869
563.9805779110415
432.33838744751864
9334.720363945382
1376.6011205050308
891.8699511492554
854.7854746246767
622.6731710327509
1130.78138950553
8854.832002152809
570.9735097703643
1099.6317922253745
8056.406118369
787.7287015856889
1408.68881954719
1023.7184198567811
2907.4740337324856
842.426846371128
1421.6757672361505
326.14841721824337
374.70498852005915
691.7869877323087
832.6194907276988
621.8445010434514
1916.1408237219894
1337.0723744385875
1490.7947982436401
262.21039260745
209.91619512496473
423.330117604928
513.5963633165882
579.7073109700096
326.67844018590904
935.9933003077695
406.67116641374065
1015.0496007398995
1047.197388873529
461.0611121275656
947.0498350109259
443.140720426202
731.1047529074309
2096.564488502955
133.9537942718377
73.5751643207374
434.47105985218474
493.0261912012969
517.8592812059416
379.5378797273481
3561.937226797984
214.72529032127858
579.925563883208
4241.825098775812
397.58741607775323
800.7365518765047
362.08574096807934
619.3534628929343
3197.232368539544
6232.196434456771
381.2567630719393
869.9203361308834
406.352960703463
470.00564022569364
332.7161542018428
233.0941951869229
8743.492024586454
683.3510117799373
466.6584562787588
1424.2665252163815
1676.7861147834117
499.82847692687494
1088.5609831600468
1552.557178082332
5066.752232911267
565.5898449192393
384.1426604954008
448.43599367918034
6892.180082372947
372.06342427351467
1262.5905048370134
1294.9077346289966
405.0588957462735
671.9676881674103
3677.1099673951658
746.6277723076112
535.8810315891
438.91586355069535
1546.7286570950944
503.74452257704127
764.6322688051883
578.0948834931803
1170.0280710158886
748.3777716805747
7123.53692714935
715.5847462687086
2348.120566551224
703.3787943994598
93.39347384207817
94.22405420325723
163.09266414984958
110.77885579051545
92.12005977914754
431.18927872437274
11953.366975868603
910.7984648422367
2659.44749320179
647.0936371622347
812.783437208573
338.6178165673921
1617.0034267842784
327.9900111536661
301.1103789787114
1526.6648396003097
228.6485579812527
615.4086502979922
557.2240582778207
371.24116627353436
594.9302361459564
563.4183520719901
586.8181485044418
183.12206239923964
176.60468503709345
317.6422194824423
327.2755534464198
111.49704088707237
190.8455689912658
2107.8870159812254
8871.462478109419
904.5190988103337
1345.886228409549
1482.7839914034978
2975.8765313715844
702.3589203975326
195.87193840273613
357.2096152695277
112.0497712765499
10825.050036892799
328.53009097283336
1194.438068357353
1179.1180936993374
4583.7285991627095
1374.8511211502687
898.9276314232229
408.86010913111454
365.80951424166597
428.04886830190253
42.754518083966
97.97462532229072
31.144516109944647
736.0798503472228
346.423387980093
513.2191483882308
60.486804638341894
540.5937554955015
394.196884262488
1813.570744354341
827.4055173120842
674.2462432585828
103.40108820847722
105.89061740543954
113.28111229782647
9992.277600706328
292.65795547871153
912.9974649773055
201.49289233773456
124.76267453122945
350.9816022096993
28.928341705943808
4172.037644609972
66.13383696463931
244.29702055442166
411.28359171813645
426.8820892787952
1984.1212004570918
8533.815362856712
340.8569843052915
731.0500485896149
4355.9062582686465
558.5517341852498
1917.3166124571635
703.0006045440864
303.5738445549322
2801.9852014241005
711.7341566519556
1171.2897872569165
1243.9885702972222
3938.9925166854664
5899.248021269375
2342.9419606485544
2021.3262136036453
2077.105704984497
3712.9249427130976
562.6926971039137
822.9366696275255
1074.8441479424955
505.11720326369834
1778.7905500691074
957.0132462016016
858.3591634761204
1611.7367492984451
633.7889515959938
480.7391189906796
160.4456081300981
2251.129635715087
1474.674369993892
1837.4811612975943
293.87766662793996
259.4366894294518
300.5946017827033
159.08404597261534
145.7794725796545
133.16312083929822
58.87695221875896
940.5938425656182
785.7804682030794
903.9710667940868
759.3175554368073
268.90157248731117
2874.481812211859
888.6990167307855
909.2363239295387
582.0633829799228
494.43575868362353
495.1217922850033
9249.821179294588
833.012972901481
928.744849035225
1616.8128243424421
483.14110433913
583.6883841077471
2532.187521720167
325.70991292795003
173.57509515341715
201.96870363993378
605.2495624655209
460.1558238296366
1526.4765003161272
230.38117004874033
176.9212576431916
205.4765608603258
271.92957276147024
232.9306457250376
1942.3943839470735
2414.7041725636973
151.0445816643653
173.93139212793142
684.9890361923037
121.83476896350032
292.9574502487114
195.60378963955898
180.91620170785313
6080.483469797691
214.5833649803281
279.3576410555097
200.50885865804202
952.9868293503694
194.08992781754344
253.95293401921134
588.613436972446
594.045948322709
406.55996382570476
426.7534183723456
209.22433061277002
686.8936945140538
7491.642375830129
404.07606141082135
504.08442888248607
187.3338111427507
373.11553243975425
112.38833817969244
348.8561140397923
1250.9436343142138
355.08342101380356
16347.232245811476
811.4188208287167
358.6576922115284
146.35869845329273
513.802276804471
341.96311012872417
235.32241270182078
428.58229219922526
528.8909807283776
2014.3724540647095
139.26867940544113
419.8016579075186
544.4926976382615
415.1269357147004
532.1816657727369
250.57865554262642
183.40891009405567
310.4288571672942
467.06943597966614
295.5278386000826
337.51553988477207
186.98554092523537
89.40470546506805
1003.3392025579457
310.30397259229665
179.40074366592745
283.6022263423709
757.8436385763356
2803.5985792925835
1039.0656865422477
660.9498193944795
2331.1084456995713
911.1419416810754
327.46555210047495
348.14671679622876
1374.613593745809
2200.5674659974743
222.93953824467158
513.3032193373289
219.58197072326968
900.2350710723539
1188.249234331216
766.508337868253
698.2786673365495
402.0658180632183
710.5258091494658
472.785759457287
181.0175755090447
5877.166458451134
193.58513654986382
872.2504188030293
614.3024799311698
6611.130962841193
347.48079721878185
334.63335127387916
434.7779719592902
423.1628230605276
426.5586586499727
298.64023594827466
1294.9077346289966
959.7301088607328
713.7553840478198
2035.6397005577612
244.79387319237927
570.5033135009774
321.423691056236
586.924496995232
218.9394462092987
290.50832619843504
601.0391632365979
1795.6442776705533
616.9782449788325
748.2467157016988
1701.2787831625064
1260.4990934500267
198.26676204907403
855.7076578215409
5602.637968828027
1674.748619151678
1067.4456605099235
944.7855261072443
275.35914337878364
9731.467593434067
1627.291286250209
322.6457135010975
3457.769007800354
1728.9943972778249
3283.9346934835344
1446.9196455896968
597.5245096411385
971.6853639663934
1161.2550920696997
3645.220687360586
370.90448151261813
317.885409476998
375.96656259842183
9118.40085363642
516.7320150005819
595.1011304817866
800.4695233146643
3540.2702419309257
1068.5435914452003
852.16517217132
891.2960042436105
1068.8397048274894
1801.5157468897194
3335.951333547393
1007.2435751583635
243.71261832540793
1283.7455504721588
827.2709231253396
334.9470207482649
485.2261464477992
1240.1917515123464
828.7661795897278
1274.9067010720923
472.83758911268103
275.5982910284591
2100.141340472149
1794.207945759016
49.122695319694444
6224.82982735828
540.9648789406067
4533.961156206794
8266.012472282242
7475.261473871783
676.7947190041175
1088.0461459681626
1530.1269337846077
653.7039268141407
3357.4658028112704
312.1934294867799
406.20586937621493
598.83282468436
134.10512393815551
201.59406926240467
334.88960459389335
497.6015575337848
685.3894224237065
711.4824137738585
15756.486890427248
1290.1217644699582
859.8734867010492
485.5952169734752
2001.1293430965195
1088.3598079756775
979.1640564314846
15858.471689027569
1362.8160148790064
1385.6472673875087
630.3042246763677
544.073398710451
637.0828532269062
24599.807273127164
537.350123421765
906.0982831916286
448.62043695615307
693.1014092051419
851.6844559235512
881.8612178959066
1936.7614510554151
839.7789236630276
1694.983468390841
2106.3772560009716
398.4458639680776
611.2175597372918
657.7911603895883
9044.68291570716
589.3960976816774
1874.7876095204049
1781.136582962224
934.0446293339786
1718.512471680206
1846.8311978755842
757.0233949082156
1027.7689500759132
1884.136388538988
107.14388897086808
1424.0497449718705
174.16494219108102
375.8572151846529
274.62648992812495
398.8705063224448
3926.037737425932
739.3045600085875
193.9382669403754
275.81758199708105
398.1500719448889
394.7917537434628
301.68830840387375
190.9100087675977
368.6411396492606
929.4640125375325
2172.57780993746
823.5423046307512
1632.2054447062474
673.4906617718483
1188.8893467675787
2160.3981143030574
4589.379573249942
1404.7067264577659
915.0731514913606
410.53600729651913
291.50524632922134
5186.563971226427
393.48099099732195
383.07621960552933
354.1794020838833
2943.6107761464577
751.3304829477077
648.4451778994592
502.64989238799956
656.2018162258371
1027.7689500759132
4427.007922184471
1431.6861604609041
1024.094552432038
934.7057147654552
65.36030468357609
500.851083075814
481.35637442325753
71.798999080033
3506.2047939617337
604.143746281531
1517.622276064855
667.9702094891198
460.7673803940963
252.68290681581664
872.0696957612427
99.3553568947883
164.22052594429627
185.17957616454675
1257.7436030005197
162.56296731843636
137.55459556102812
174.94586365468567
254.93980607563736
759.7469640176123
145.11213055851127
171.31116678294035
118.91195698819463
104.4393385565406
223.2542561578016
297.3331350221865
154.2071502042901
242.03396711408178
77.12955649024173
786.718481998484
293.2692651558258
292.6880084741133
249.72082287999308
1234.9687841295834
180.92048933842364
291.2030661024435
310.65014185513724
455.00548626560413
148.24191857362976
429.1142362657797
439.5989926290221
157.6791310374407
131.77853982214876
203.03930646310343
904.3003511425676
182.8612766968475
568.9038972788154
400.88694442480744
305.30215865156526
130.59424368315754
1816.8985465358396
273.78666117472767
138.97309681096866
158.72836027309742
276.4305222407226
218.70148964648664
179.33736582194814
154.3891204073714
1862.3791437058353
137.40583535562948
246.6646959519367
2092.5384826592885
152.8238734111415
192.9891943186394
235.31985095884744
501.60326059438864
232.54264730539617
335.2144285138555
535.02985577392
445.07759412879665
2873.028227509607
5314.205730415281
258.44375667889653
174.92711025711222
779.7232864474447
279.4570398203773
360.5128699402746
233.54225964874047
196.53877057670175
223.50621959528453
2503.135022074652
11053.171052291747
1328.259567082272
521.0885549829559
890.1115107562983
921.0744722455125
1428.115933851485
1620.5229287579396
2023.7487189982446
372.8276803865328
275.4461585999465
1176.24823937442
443.4558846612573
964.3278213161475
1605.9600192892403
2565.935243659578
546.9028223015537
1440.971945151682
2258.893151576215
557.814709175863
1717.2292139209362
633.6322434637038
794.2562745724971
336.7227048238736
737.6403121807482
839.1783701466771
537.9376542967817
533.9140240387594
2894.3985295779844
621.9289562069582
621.3873650961473
324.4219476574689
628.0011180676848
737.5005377011414
634.0891693291587
263.6430226262836
811.370261711928
220.71742734081835
1312.0034888749176
492.44687006387613
830.9925370323986
4843.900470925649
627.7654124568472
665.120177721494
5540.368104654808
541.7877993041881
398.3325380152253
469.6766643561677
523.0008224348123
744.2047006632262
1028.1891231812072
1709.7378673955996
414.992666379719
765.0514611291131
266.9112259285145
553.7905956830263
696.8523939618079
1076.64628205574
914.6147162036316
717.121674765828
1600.235542159098
644.8411982693306
788.9618845247356
1370.9094562218477
576.3365636639819
877.2135962400735
969.710254992478
1154.6589823514155
686.2947406466701
1316.1683825894693
6695.479663222175
762.3064174623443
500.1746730803532
407.8092654209107
433.3231194024831
572.5428605176735
677.9914848294419
168.82562094971289
2560.0700955164057
2511.5987236296373
805.0553298370859
3014.1328221231056
11249.674666133136
5019.962085427418
353.7213286831287
946.399592917559
2245.7188960742656
10612.624906602952
4501.8160062377365
3376.7746600111145
5554.757815927895
10446.884041177005
8002.392239208984
10202.466965696547
705.9784610673402
910.1792885133448
3769.203316851158
817.9183713571435
1878.241727680446
3253.29145483015
3039.518923702204
4635.36492607613
6123.879970099997
4155.29493782892
10673.717663157295
7459.576444629585
8276.450044678904
2718.472501125446
2329.1876722194647
5726.969434646724
7633.454609291065
919.2169659988338
10092.340060756855
1107.0599277749768
1446.1442901491787
1642.5996682559355
223.4849392536866
1095.3696037254206
1413.6498898984537
1887.6988206718386
1944.21580121638
600.8670254224987
1567.8942567284455
849.9692363132032
2070.39773676654
2147.4689349188834
1834.22048143592
1836.969263064889
1456.0117883099947
9215.985204904835
429.9080694783972
32.719579041984886
149.90281661951119
40.97684915131314
104.08425390497489
76.09540261443678
241.36168472505491
99.84386141027927
112.29127941534584
85.01939219231177
52.31193729680774
92.05201671762761
56.87190502392455
41.45136660099777
97.69591076893582
677.4164548383222
1027.7689500759132
113.10065758556682
40.97684915131314
131.84746234850596
886.7462138768445
1243.5292272531478
73.01569620716907
747.8840093955205
290.9099948380166
90.38792491431045
88.02295134394967
54.157398491909525
99.04660174161248
116.58779934109833
82.82094656946722
470.31270132644227
971.954241426831
9889.789657793479
158.85477362658224
1388.915257314837
809.5559019809142
978.614577454572
263.8243062971779
1089.0451392689563
704.7926847994491
1480.4415194959277
537.017801512439
833.6456788159918
616.7731325500638
184.84398820040587
1407.9510737139512
566.7002550495795
925.3366555699039
1353.3446319954028
3256.6505158577784
513.0429654798406
986.9845495459033
397.11853204430207
169.7718415470078
286.89001570334165
150.14079765053495
357.2096152695277
166.97649100507505
1294.9077346289966
371.4233224035798
335.3840466514995
58.72758826054344
369.05695538514647
775.290461330048
177.29986549469797
166.06315415896574
158.55590925348122
179.93862715917658
163.5505550871741
140.86818601495722
231.43450329308325
223.35431106006865
134.06557586418882
155.73345354850355
81.85737703078252
167.6409213689143
600.1712071388672
7199.335881140166
472.70761466248393
525.9009121913349
141.6473674875621
348.26803581927453
195.41954819219146
199.31863526842065
1127.767187889863
1787.0559618047134
1245.0818309808608
513.4733276461577
522.192842084448
185.18344340648963
125.92079552486561
553.8648407815281
198.53929472301542
53.413572046447676
373.40092351036924
1166.8498541476397
168.236870119176
586.6983137589382
239.99457232486967
329.48089168815557
896.0887384263991
460.516827544823
347.26301631466515
399.87066529841366
983.7358363892416
1854.1389583799848
552.3022674289344
224.88097848013865
174.97082051023466
264.4319151134496
3326.746681568248
979.4351879221945
1039.9065745647817
244.6053185683171
181.68039677116343
201.09008882479728
721.3430251582168
205.57581338808828
258.066909944238
719.5103593788574
541.2911153139896
699.9378418012111
531.4701817391683
723.7042248704918
396.3350477523995
705.2722562297047
1027.7689500759132
345.8126163262387
3101.2267462550026
839.1454338212006
760.0560520496956
1232.4966982003866
536.9705244000692
176.30413241863988
652.7297899171855
234.701501958077
414.210035000245
538.3718004050255
311.6472152858066
1600.8607233008263
874.648411912366
112.90006626318012
170.09144714687162
1036.2702111597291
563.3000324793353
48.93199813516788
8995.556584117136
162.2589132302955
536.312903609534
572.9305638205552
1368.6331734539299
507.73579105426364
1101.2701894333768
371.8777125902795
3010.2270756928365
142.88262292278117
212.09652742790604
206.87771549004827
645.4161305313122
1350.5055548619334
2713.6435440562477
1482.849068108004
992.9755543274888
446.5519052011204
2418.3006914236407
2145.1290646033876
1082.9515346017556
632.0630742584378
682.032358727523
6912.861152673706
346.33398647544686
740.7969742353135
4352.002719579507
290.04593473435165
391.97204603810445
923.5353599602454
206.93594501876615
300.2046900334267
270.86580214230895
215.56329768377302
313.80290687101495
253.77784069562995
261.12535005834474
184.3018088420428
757.3372723969536
4838.289947270173
163.51428144752387
350.8628280308005
2892.540600805341
591.5893330614441
5393.346859025732
616.4548315739478
187.35394586041997
146.90787766670798
1191.373725279384
275.16669450967925
428.40837204806144
324.60488043033115
473.607520947823
1294.9077346289966
810.213420582081
390.3186957569689
907.6747253982353
911.6742548905497
116.02844013311265
203.81296143524992
226.82811332179014
331.3789210875139
573.1791798000437
1060.88230498599
604.3341962483665
426.10599676231016
1262.2609426958484
229.1566987112935
802.3140935355896
1027.7689500759132
606.7091885119823
12051.413277067906
242.07995942411165
171.20503200231485
794.5245573035974
552.1761275968616
1794.819630744735
6279.539022318867
136.2008328655102
774.91305903832
1055.704080340894
805.6047332386848
515.1801265953803
756.1830356046152
1966.5406803770557
2314.2842351181544
1264.2573856807253
511.894599830017
446.76257632618524
944.6080362084103
912.6873320491746
924.3034184054864
672.6298087415172
416.76255080706244
272.7649411553675
1076.3601194783307
196.31589961664133
577.7471286408742
845.4565790898113
1139.0071957097812
148.42732169595055
2131.138277359111
1386.5543812230221
1368.5318721061042
1027.7323503007613
1027.7689500759132
253.6790761556762
173.7263181276163
791.8158455213289
1883.4845125094387
577.0528028910159
506.3119892273104
8698.11243390403
924.6982783812591
1340.9089456941538
1718.600549778837
108.55642545572512
4004.887942510535
381.75460449429727
655.4376684277901
879.0583136328394
679.0032971625209
401.82408674155323
604.600676036825
778.7243234818552
547.1560856129522
1091.8724151886747
135.5778625632718
370.33701193471666
3974.0351830480176
398.66540460822824
253.61012206525896
483.9106808075637
2310.190705949918
312.8906744971468
555.1224238090865
1896.338685824098
141.8047805322568
510.82261241599
338.58536323162065
153.5003573489981
357.2096152695277
226.15211481190988
141.31088977093006
249.76257179120535
763.6539344125206
591.4957595128604
1843.7013382511889
796.1550756251198
2842.8201386983815
760.723008830427
3819.0481353787773
858.3773651385874
464.447254898067
573.6496851440768
747.3511170315968
825.3488578188649
692.0916215403886
6448.7356284682655
609.8385837951824
827.9151895514378
2092.365359686076
394.29817961361994
356.79661625762253
1156.3367538210653
651.9814459087991
236.92182199298296
215.90166862325628
895.6434463610099
2261.6494368953854
2610.31443263451
3802.641191391363
178.8527213115975
250.03813213839152
590.1096609388138
210.5005449315662
359.2007349225109
758.1067097947068
2003.9323830542903
1247.4106926026595
530.069616978929
3163.3447996809755
271.83012023025265
153.14682864559464
302.49209918060455
299.64980450446603
184.45877010774075
421.8423356275571
152.26008372675145
419.9258942965044
702.4268529357857
1003.7498943540695
417.6185375627879
264.8107372364217
222.15212902110395
324.4828222473624
307.02469179272566
722.1779541499692
1696.244412019408
175.15523153770116
2908.0011251439564
806.7552024866984
866.7653590232771
243.65809297087472
315.55304572529406
199.1274089234403
225.9987079799995
151.5183615139545
454.56642289288925
188.4723707755036
7748.364636052677
490.3695137748548
1475.025531352743
314.41631901958493
1222.7451081728782
466.75965178916533
588.0417991627394
742.01645578793
96.36475644875146
272.52213906994103
315.8587078355749
478.2551591417936
144.4833230822231
312.3879586012975
1107.5744386060503
1433.2698234998848
2602.795513799598
1236.9445542786398
3312.292189393884
1950.1344684072385
987.113043465908
726.9764922978594
282.1766036613301
450.29903093656725
1955.8877113613296
621.1558998148031
3272.0132897429576
279.98446298265156
137.34157330010058
174.89410162243794
349.6508406651768
402.48028649535917
419.5155106288137
951.4693557377587
1488.0996095242326
2671.4524146774943
3236.4612947993787
457.62674111395535
565.418376281588
449.3358943991277
695.496473212922
2144.3593215612063
501.56908690561966
1174.2962236384487
1244.7423686590728
981.3338754567452
11521.211285462809
6636.04919363554
606.0333371596051
1184.284772374178
898.9564003639227
1349.818694660779
563.2656791058935
1606.667774973273
4948.5048237277715
1975.6521060090508
755.07023692105
2869.4062614371787
4431.423913241327
1461.3836099703842
757.2045258324752
632.3930692666854
662.9799313325535
1437.3940607739466
7503.320020878335
742.7881545845157
1224.1471161017898
1319.5106994709852
3043.41346709899
523.3832923425805
299.21585625016445
964.7454030297
341.5658586502906
1216.906888675453
229.4647278984452
795.7802545119374
402.9217076269395
407.9035620887816
1155.6150407424573
717.7161853855392
561.159995104234
690.4717741378473
730.1916393174926
341.4705834557899
388.5586819599164
894.575926493271
3514.9284404105592
1445.3035664657107
1274.0763350349073
3720.516484798168
2011.6412392612015
2251.312517061503
335.1304485167083
1167.9684627858755
1207.9717624089465
1474.6197285993428
5623.200826655401
1199.5628420454987
5403.335880661898
2801.3905382261632
4672.983418585949
253.61508067124075
219.20183263073255
164.72520572258432
6987.953007363543
221.27302494908162
948.5610585867973
440.69773878579025
407.4708615643958
242.15220098267474
405.20845906302685
653.685717499461
1051.7350533831154
530.1060160616197
641.0812442406127
893.4351272607548
526.5361681832486
2647.4819438926215
1098.5561664059378
227.60892240309215
483.4200754630858
271.20907852178414
1116.5117346104248
10698.779078650628
4594.083716554055
524.7363273437292
349.660077333628
620.0576508642469
1442.3390739667093
891.4571381848941
9190.911680360006
447.9880598551644
1490.1390800472934
1018.384137263496
717.0742188656415
339.3574337700155
196.49168830226122
803.6292123319795
574.8608873558128
853.3180324097123
3039.085530217403
467.7851622756737
1424.7242424407516
327.56856740932216
406.87011590274994
1261.6912256651005
18085.766867038838
856.5580286873785
671.0529570856983
879.5762193301114
726.3252725228565
2021.431421481236
129.5152709010325
368.055307782721
1270.451470179305
1388.716451742229
2799.3278431979743
6037.5184802353715
147.23646999006462
286.29479036234693
345.01636802385855
2819.1210117735313
2098.7527792612423
4327.002000107142
381.3729592538742
858.0849610836132
1114.536208835171
566.1809096609667
289.6478763458406
374.90465957315064
496.0418401128764
184.3099101533287
128.93431325576475
530.8429822506542
5392.101938936541
2276.584418817298
897.6613288926378
595.4249108296184
1221.1285362548635
489.25663729305694
812.4031210422056
739.7588489468351
726.5252870944062
606.7670577057719
892.1830586774985
900.5121246260484
213.44878871904754
1110.8382554995383
2246.9689292966796
12117.973519995207
1165.066275132026
1566.3774468798686
3884.9324768179085
3030.4476777129844
1268.3212448694055
153.5003573489981
357.2096152695277
196.1279922698243
340.5356290941917
1965.8233971018456
83.71870212379038
328.2757662359626
82.27370986303443
114.75935536559689
90.65773181545703
1424.4126690885955
186.91756128163487
1427.3342653170573
600.1225199729772
1095.3666138959597
894.6174677318938
592.0742351307885
1030.2465310022121
1518.790797402536
1264.3968275473546
944.1665017913409
1447.8065705371291
873.2076291239435
814.8206142550001
1020.4240161213764
252.72215847592227
333.2419698097999
133.62726151238292
657.6677669672131
456.05452719194403
376.904429383881
370.6722710846758
197.88315776412264
374.7211501871037
437.67804927866035
134.17783931433686
292.89349771776745
176.0263383981727
578.420910778781
689.9209420692372
262.43646296393865
105.9613309704825
581.5542594625518
3844.6063515883143
1717.3104463085047
883.1098785120952
714.9201514789157
355.5824365713267
180.28833839131866
268.83974200700834
278.417646730947
335.94969247325986
215.8421839510982
277.74184037143954
429.9143493280986
2043.8296225144968
4104.4483055533465
2871.505738526221
683.6564902996761
398.0396424510951
90.65773181545703
1027.7689500759132
5917.36562061326
1968.1310425676052
452.1476014191215
308.13873309615025
681.2159446694963
468.39520689822643
859.6459724033201
350.89237066289377
396.1866950726951
686.9540919879705
551.8345751463161
1243.5134579875692
377.88009419915244
1837.5664369454644
3030.8438726097934
379.8000372426007
877.3934619133433
297.36979029319747
211.8720431461271
282.10527769271977
760.411882766133
433.10642345420587
1451.6826001754969
4668.2376695492485
1444.522256207285
7138.798427826424
4705.752718392368
5350.452742663734
364.5082616576945
363.61231382696167
1878.1488242767205
363.0439372479054
2149.335710752898
870.124888364515
464.2983420281352
806.1592423561251
3798.351493493404
4119.204971780212
1017.4630211151812
5757.224284117464
8936.8574075588
4119.204971780212
4621.563213236374
10059.32706882751
1569.347713983326
6613.3140645147105
8238.409943560424
10062.250959478908
4119.204971780212
6613.3140645147105
1223.6765710323475
789.7720013925107
234.9347846594992
1606.0295183173032
444.3990025695588
856.6320311157605
530.490296798567
99.14903951451231
1051.118392534581
971.13446913432
5606.3228806133875
1156.1274799595176
3989.531530872727
2831.4328317102395
1046.5856383821094
1012.4470099964899
903.8265798530246
1450.595892156093
984.763621423974
2005.6160019831573
1042.713313211648
1439.6644050421528
174.87015254375558
756.3177383618332
975.8412850832482
491.45493108523243
641.3178406578487
135.54750567203564
1012.2909228607838
496.5966136090549
1390.6305525776086
1963.0047373548227
699.435326458649
937.5263862858217
339.12652561555564
611.3281472336039
315.49318541994455
3766.8760873444935
606.1904161153569
665.4764016587145
974.9098065655968
895.6904043891101
1087.7697599319974
499.28406082131437
338.89675517861286
552.6768516327226
496.37160171651044
664.9509220346256
8598.724649679816
2007.6863101090512
481.9716056851314
242.53914203362092
534.5567797859402
1755.6157691675078
3136.866028342378
3462.9457313424305
1211.0822246975436
1220.9036645238182
1294.9077346289966
624.9724413920148
275.4334221958977
464.60066278984357
1970.6136308154448
405.6302291132509
272.5055770778543
328.65250912131125
5919.007100206474
256.1990076911464
403.90132316631724
2178.9279504402357
488.3860010929177
350.82188776359556
400.95269893999813
1897.4354368937093
7404.83925959725
173.7263181276163
811.3912121516563
507.752595681032
674.8889408137723
403.2647637159266
781.1671449061986
995.634185889142
1513.2813152104552
1294.9077346289966
230.9846799625414
204.34340387452335
130.24203323849218
357.2096152695277
135.94726674140946
210.83864426340162
882.7161458740563
1051.662551186863
462.6921328365193
402.53066609913463
3721.7243712005607
558.057403339315
553.8503140273791
1110.5471775868507
365.5169099107395
15332.358517642078
424.14774525350657
1892.865093749202
747.0851103604222
2261.4981057043447
187.36914923412485
983.3327857342674
911.462382152383
597.7127673383484
994.120099871754
845.0966192901276
4453.742466973433
283.5138816312917
1176.5877024095416
218.85765201310377
1267.191585135936
1920.6407438276951
1599.776412325249
1242.0199662811037
1087.8954743383445
684.22904677582
2124.700171633463
329.71139854696247
2240.9731415144765
1524.0145715135554
2439.9379404808096
1177.6993079293647
5583.151570799503
9894.483549921044
196.54864740600615
674.8181396734738
201.93795289128778
206.08742585874953
692.1989800883697
326.72915757514266
550.1963382437709
278.0210403918991
586.8733181486772
696.2113551066487
231.05420873253522
189.86802449089873
397.0451298257767
327.6910349691997
289.25531551200066
381.9957233787377
161.92181674684116
662.979416606476
7423.051543732062
546.5767222660647
429.3216888140629
336.9982876425069
128.42439732071253
727.7279712904788
1294.9077346289966
1775.040203706771
42.537897687853345
890.4173769608278
5117.056266538245
203.02361901495243
231.4892151974013
496.3580081734506
541.3157473225141
480.09947888885085
183.92885557989717
222.45518757487568
191.29060348186312
496.356972100994
881.0483686485398
136.21682025262356
516.2470504893988
391.1984685094509
6012.580567483731
771.2852662508352
509.6115392952599
382.9345552323273
4761.333169557347
973.8118583875166
801.0149623947926
304.6853457853587
1336.19053071596
719.7720140475598
652.3992066743426
2412.4382728827595
2600.308659738527
446.5519052011204
951.0004193162836
344.24335847976596
239.2675290916393
743.146669024292
672.3359167198859
536.793300092349
1989.4947288382843
146.35869845329273
413.6697362737657
1313.8441818140063
1328.7067120009624
1063.4172208730045
6906.443766476744
405.29069458547593
296.69505233220235
414.7596173239424
615.207846935215
126.88656864844668
510.4797359249962
210.39390258319352
448.10593622677584
750.038454348517
139.93244738798717
982.0469702551565
963.5342894407206
2771.189682620607
1322.1299301497
1382.0207191067136
750.2679799637611
103.83456485616881
259.0592302154396
167.86064906274197
322.910697491085
507.8976911938958
2364.4727111085913
892.3722870310592
395.5097725595223
1055.621737826541
4917.945318402024
1249.5693823376428
526.3851438149238
1093.014295631402
745.9772155599466
1035.7540514360448
9494.153030062827
2454.5839223270063
1350.802004759797
1383.4884203558734
3121.8639461062585
448.20872544502924
1638.8536927577138
1148.202361207449
1393.2257260039964
708.2373946958983
2966.404985917849
2308.5877692805266
4811.0652625901
6723.920020568786
10781.770132188862
10673.108111531328
1729.479479080638
1615.430240272938
4549.3535227607435
3120.76759921482
8706.383296647326
8114.820960486265
9817.322184364215
1278.8259000359692
7114.131804004313
2567.5716183590507
1424.1551641953376
4982.186161411104
6281.365865362144
8698.858970857169
9275.441274944898
5517.675264460437
2962.5371229912653
3272.763467931532
1016.604490252985
1404.0577478828245
1217.0547819065894
1366.328454838406
2408.4156918739914
2198.9391639340224
1535.3470475318609
2037.4978918301017
1411.2825474257052
1969.188280327498
3036.124014162059
7171.952417030911
1329.0604326625325
2436.464736652986
1908.4339594927565
2371.3409257436556
1687.2309839258864
268.2336322818679
2643.206960015418
845.8317123531929
934.702573427037
444.3885152895704
696.0720105071822
332.13492195696784
4660.233070699613
273.15214152527324
3430.103010882183
5011.954843560586
623.4207915384246
8238.409943560424
2262.193017968059
2043.3070497436154
8706.437088304216
2252.8943448197374
6432.304328214703
5317.178050465556
13814.209304663993
2780.256381524596
2969.685762424462
9390.188276465407
4413.772300636052
5107.29992153225
2571.56742042049
2122.481662821031
8160.816644061613
3892.7521467524325
8211.89875361434
6052.5899993897165
2687.459333344171
3377.547162999801
bigram,回退平滑 平均困惑度：537.5466192518827