37337.87227306441
20916.723845795626
39628.26830488745
27626.44761764955
37998.51406048249
3303.917115317983
38815.264047265286
14690.154101390819
30123.849450774876
30900.473372496515
28270.09578981538
29623.814655603386
35656.86393013805
25847.742912633963
24673.872012819746
37332.40784040561
25230.522381263756
33335.31833297668
26278.712471013587
39741.47867401107
25084.546385175887
31713.924283203007
21210.49176316454
22497.769801616858
16721.333981395732
28012.029961576412
6816.472761309939
8387.222617724368
11438.584910810961
34138.11011234767
29999.337500171143
19233.29027003644
19903.347044015303
28458.723409723414
25050.917551959144
25091.93891662831
28876.64310395769
22192.781924655374
34674.189517317216
19635.010908283202
33719.75083890529
25678.720375494035
15632.806255429474
16260.098227432154
33320.997674436454
22644.01384727189
13728.989949332008
27397.5902387413
24392.458821247576
22540.74614142921
12056.885199645274
26532.539423380607
26134.15123880263
22504.148312676876
17501.726254835576
28859.37272983078
38524.94502902308
26099.31015024535
40813.297503161695
38916.15939963988
24722.69911901714
45270.41842028289
11438.240055755754
31938.750035445246
28093.367756312295
18581.769497679707
31357.40273414672
33652.60501431042
28708.33290933125
26403.94306651894
32807.9595455425
26442.937919800737
32332.96597096494
22047.987729853437
17246.10879665829
30902.521732708155
26519.784278236435
31406.8211336104
37936.857356377135
22268.949310083608
26203.35446150293
34635.33906575116
38203.83485802778
33700.420720828144
31315.960104725338
43362.027948204224
36836.13545601562
41374.38314961948
36189.11423508721
26716.02368998707
37717.22742743071
34400.496003642686
30289.651911571465
23820.25397359416
28260.12914864575
27463.091184864777
32795.69386307305
31312.45087936298
22989.62091885184
14452.978719489116
30419.319802660208
4984.3777277677045
2875.4584665805305
25343.479201529815
22608.97387194163
38744.39367155589
37786.42692279636
39983.34484647828
36709.85154358211
44069.05449513365
36392.745995155645
35285.765685820064
32055.276532732212
40980.94834321629
42377.31376808203
52670.69945127756
459.94964361717865
19866.849901071502
29737.715330197898
32584.849340719124
45646.86875011392
38847.53385358633
31849.934199438118
25007.32331183958
41225.417766886836
28601.14082554442
33697.06224168163
39709.78397614739
9054.394126934123
35450.46833028415
31686.509601627367
34710.34904962655
39728.88447099526
41174.28436661265
39625.20802580542
39049.81811222742
29036.07162971452
38184.2035079619
28230.971013689967
12935.604536598803
22629.263565314035
20166.639881877894
24167.795227994353
35604.78423766931
39166.10970190796
42106.60521626585
35090.97222986807
38705.47862643027
35707.28863820234
20456.187217208048
14835.257040440403
42493.24644251068
43506.812629492946
38311.646777395494
37334.11151059325
40198.85319798526
36627.04327794514
36269.98556504751
29007.174830030006
43780.986131196616
26403.55508383684
42973.66675016238
53307.73548814959
40449.95491453837
53091.05445114825
43559.41302648041
42421.62687768428
34720.96660072629
36234.261286271765
42269.870667894094
13993.741999700354
17642.933298754222
32820.61322158488
42029.97802400498
43134.12061370869
53638.05394390525
46746.0968340174
52843.18243792605
33301.769833595055
35152.99766058103
32634.671461356556
36890.735038435436
38056.51102259377
45310.19305487161
40959.50282770222
42649.12901045527
40577.250672222675
41462.287257077405
44540.61287614484
37162.84937471922
39651.70510198499
24403.771762857094
39761.76703640112
54046.88083160753
56613.02069084055
33038.209859376286
26113.741428029185
23627.99124770832
8770.735570821236
43163.34700515094
43664.96219568475
36911.672367483225
37692.621094971626
42515.65085224566
50167.04582320513
38268.04584567928
38853.11103265825
36123.40013627189
29914.52019609155
42630.818364894854
32218.178941420487
39957.76573171062
31091.923192080834
22365.564395216206
14549.494548257811
5854.926316213378
8458.241332885887
17560.933027029703
4745.044287953419
17946.866449856843
6498.351461612729
53629.765315022756
45692.22017942806
29626.81308464629
41632.632898939366
54606.03857525011
25067.050940361387
19132.457449343827
25063.055574020724
31490.02902602638
1139.999393482612
21144.29228199119
32662.73730884761
27163.800369794862
25737.222902682195
28307.03744843214
32766.032077828233
26691.140966837083
19807.084544089026
30977.021871308247
27253.354053171115
52477.12021412667
1829.4200237471148
30583.7209898474
31359.80956287163
34891.546968183924
37907.10637917656
34975.34242076542
19935.047159922327
18305.892310879055
32701.465433240617
32276.325357838075
17864.38864548521
34093.60006766308
34216.928839873995
12077.077255203592
26691.76982061727
18420.844484389443
9374.622979357167
12425.914118530733
10646.65997336328
32199.591405940533
15439.616002789357
28845.899518110396
18119.486661390274
47099.19554922302
12706.679810821475
34284.6578788976
37653.547140273084
38377.70282515006
37697.27994455599
13812.564969114777
34517.169963507855
27965.196621432704
625.6367080226532
21897.48935940951
21023.891830275137
15155.867868959782
25898.52690419397
19725.207683864224
11115.434748404952
23749.602021139726
32969.635605972784
13769.022423781027
34137.75013856025
21854.050415143272
27670.393283305926
19563.668041590725
31130.41479559424
52843.72273729142
33070.355825237435
45320.85202983992
28333.55219143079
32963.39108913556
20661.645341012456
719.4028087058371
15031.332323988465
24770.589993883637
28254.084145022167
30793.159591168387
32555.196907840495
34279.0637685882
37920.35244726987
48547.2974488973
27163.476597775887
33902.356336967554
38753.625928069356
2084.3816414068506
31215.35276133574
23369.82961958263
36960.13630345708
32096.665258176734
40146.618182404425
18277.60267009849
20490.952861312773
36842.908832409215
30160.329154003633
42381.31949683822
31855.25455363826
33183.02443347976
36374.3495452574
37477.182313176265
25937.944959444907
30747.809387688438
37274.21446566396
30607.9028006305
30698.532466669847
34175.4640124449
31418.627871579683
33607.25695598308
37242.575026024366
42847.60008473187
48244.506362058695
32985.71407893659
29418.906205131938
23916.80630907791
22426.80028348341
29941.81126990319
30054.43127666923
23298.895542726525
31015.454313353213
7703.94069577332
33442.180655957876
26821.21895298634
40576.937214467354
48564.48014326728
42379.53757349481
41398.68137847872
38325.34313149881
36832.02838412657
39184.28583407942
40654.827264684034
33560.0540789853
35874.78462262063
40584.52090118352
39000.492984952725
40047.14848399733
33374.18057222939
33669.19271915729
43140.78106497131
33926.1523253739
38230.6488197975
37216.10159782016
29626.14722698182
14560.33018000445
28910.9862909681
34970.025904815455
27731.0079972197
41816.68930527662
31486.036551925663
35399.622944824
27362.82140945724
28610.864311691632
33719.301422007076
48202.389301902746
43445.27850464933
29566.29309375083
25506.28328904804
30951.087825381725
37862.75443755824
29781.391857347713
22155.0880358941
29721.847420388036
14939.238100157101
41448.9290036358
45635.448587771614
35660.73946076426
32292.4682774763
25935.36344151278
29733.944143386816
31259.235717428583
36051.152350540375
32535.69404012811
36890.87636878404
41811.131028366086
29180.93245344955
31139.361689542955
37952.00677168246
36017.26712674928
35532.0422893383
23587.467448736104
33787.22903075459
38588.08418351558
34938.924313162366
36585.73815370156
31356.790626616614
45369.35565096018
52849.392722476754
4637.5856828117485
21164.617172223647
47329.08117082208
46118.03748820248
30246.2767435923
36554.973134907355
8089.545002042628
36723.83374061674
43473.92677866946
44283.60170906581
39447.051074917006
39788.16585023071
33057.374759578364
46862.22250070625
25833.11986917712
38597.95252761379
33553.929893789005
30943.659190122475
41381.16674419674
31324.341224574186
38127.60643936783
30306.347787884915
12762.639569075325
23670.862858585217
27813.316009764818
7074.9682250437845
54051.00447923542
14564.620326406452
719.4028087058371
35059.9296705256
3287.2089623828956
22954.304692714308
27278.988880011573
31336.10767353437
18577.453090929102
31558.288389713285
30556.914915530677
29483.475386261147
23740.276512919692
38242.0886445187
38027.06805317467
44589.27783211397
28543.849538649418
35196.26232874955
29166.68407673884
42179.0429348187
28937.98316873169
15099.269395256524
22532.263181685314
33218.44236599276
15791.606344116353
15315.89284654392
16805.244768605167
37332.14539614215
45832.83741486188
19285.52295870519
26546.353098313946
18371.39126936006
24673.75069750588
34390.18739435586
25727.06604535628
43646.91088686244
43345.02091424291
11368.167321385235
17979.91493808052
27048.544538139773
13659.397579481913
21348.797909184166
7348.367865111781
1589.403681481664
18750.1586787291
23434.826328565778
11686.110762103357
41443.960326344866
44490.74783800856
20850.27672751913
35662.384147265075
17064.5260289493
33592.48381333315
27774.466609198953
5392.712094318119
33373.35518569735
26933.43255311503
44817.89328789441
35657.47636665228
34067.16729180337
45295.04937103938
43083.31371969312
36213.61618579686
21832.82852687417
35956.33504192806
35457.5170543307
39333.18003627848
37240.11498931377
33352.19538339095
14540.341698519616
43631.96290299489
46391.605698243795
23858.81923512353
29457.510792109282
27014.449891403267
2852.539722889353
25679.94405203222
44231.15784752311
33699.73114827814
1314.2583568502866
21127.11762700593
28808.365682160118
31629.94301784318
33079.4040847679
35354.57615242954
30893.416181929653
33262.127502137555
38210.75809420151
29959.525783049052
44271.51838168103
42354.5883010174
32930.95419835523
10905.446500931645
24520.408980519886
37593.34914102925
40918.893873339475
40844.15101244824
32230.00847171897
30507.60867049034
37089.703125928776
33932.23658567731
35221.02881643145
31350.39039810302
31804.743648990046
8516.874498558025
24670.413136280553
43255.78474520401
28950.755593952144
37577.0603801733
21755.34616704823
7553.622741201909
35942.412958168956
1990.8942920911732
24478.78775064208
18146.597614826907
33092.88267237284
24351.48371229613
34876.99041719925
21596.46405800993
31770.752540983918
30385.37947187332
34222.43230693286
35182.86041282265
36049.428904957655
42334.18033998618
53310.89974599828
24383.646469243475
32770.80460974633
30320.663354466295
30865.426598296188
23348.48805044799
31859.741755378796
37619.97590001854
24939.18879711149
36910.03010548887
28238.383261626754
3553.544478538288
31347.45065485129
29876.733378631463
29033.671024744635
33265.39118763306
22901.047381294917
38363.42817586982
31250.418017394582
26311.807383036925
23172.176695470407
15322.446218006498
25866.586301454037
31281.834132623037
16105.17065655524
30441.901695105975
27597.753979601108
27878.15158414719
26399.79047351435
17009.12152728007
27589.45562990318
2109.3879035902155
33054.93734151757
16952.86817039473
22660.265404895195
36111.74317236325
32461.82237884906
42536.05654995834
44778.36093442768
32199.894924088203
16141.638140548164
33618.76762513848
21477.34532895434
22511.910769053145
14898.186572434832
28176.98842678354
25640.67337944023
19016.897178304684
8537.394483962464
25059.587559501586
22422.337394608756
36980.059529572674
3933.5847757161655
32729.699783892585
25219.534908102934
34122.87508936099
27961.74930842827
32122.501333663946
37744.68113958369
34292.541850729685
31774.549137407685
39062.391810630834
33069.20855127989
36637.91911543995
42428.97233024327
3405.3579114538657
58692.666844937376
33969.49397331201
30228.215071081675
32659.90167239033
33225.07060934928
33122.98665050897
5127.180258341836
37703.66538788307
38947.55073089451
31737.119118013048
28919.25598091679
38919.01243362543
20704.70183213207
3117.17140085976
14690.29179107867
26345.409996735027
27429.48793187417
38151.537063397474
28705.077446409847
32006.87795597961
3706.2577738103496
36942.930998122225
37515.19774228712
29496.052629974147
39494.735825983465
36791.67625070005
37158.39573533956
39909.276553517375
9459.135680959957
16372.641704266967
690.3574827293453
8702.22803752924
14071.39798671421
31203.48973953891
23486.90606590901
38567.02598834917
36257.60551732101
25595.586920267255
15851.860969806321
31102.131273314684
17094.113504234458
36765.53263561342
38234.75037884738
35306.85655677496
30544.120064934432
30952.07774885809
38682.72349931419
36684.60403946305
10995.622412139104
27642.952078314447
41945.36989688007
40060.31907394173
44443.76007208114
15445.9772500862
37116.64077811135
459.94964361717865
15581.189612303371
34917.217692031976
19002.176938579705
23201.827727918728
31962.678306583748
37900.536911806324
24954.113130460682
31944.86522101297
38054.16253449049
35669.92827345986
27837.414306769882
31583.64781166144
23931.46034777518
32628.423940392546
41768.78607523876
53055.97928335093
29085.547243847326
27887.869699498482
26833.547618543013
29347.496846098442
22486.308838440105
34166.53749545389
39692.638180354625
25557.821405277424
43401.497401004584
32666.05653677501
56621.773614779944
33660.69647399634
888.0945802191545
34044.97396570784
38056.39288325927
37050.44700409573
15945.695367327813
31647.276456908105
44561.34456860598
39750.07616547275
43943.53297157218
32975.63269295962
36804.38177320872
459.94964361717865
25532.160630639897
20718.593358954968
20739.155061718793
36595.33847241229
40037.62282766023
37991.56051302326
35109.33609331479
55403.57582213565
47083.53066569361
5868.39766515484
37251.54252085958
36166.47690146671
37015.46915993939
12747.787690583216
6798.1514976071
10137.634344184748
15059.312186660209
31964.24037700529
950.1069401425192
6798.1514976071
11438.584910810961
12841.452825471639
33697.26277988813
30938.576670842016
34740.8016000072
30734.451177434403
11837.73026891705
36534.158314484215
26920.65399528298
36078.18324995061
41177.59132031959
33840.427526814
35794.22171731517
44567.33284037907
40091.44913150734
37227.69191410858
35898.945687724445
35799.54611660723
41104.57601513515
36197.53471991962
43770.98793005954
32994.22854327147
26518.973373438883
32698.271195299098
36146.35129572858
31253.883519160703
22589.181102835613
36830.43039495538
26563.97792944742
34302.400909390824
39560.48071354278
6921.88283042311
30262.4492330464
459.94964361717865
44572.879987357126
27340.68286868363
47612.2565319218
23674.0897293236
40548.964440319076
32950.34907200159
39494.06838008838
37530.713816097385
43668.69178363606
42894.67913270216
34199.538312863115
43670.328582611495
30696.379150892757
26611.769494195883
46640.21736672258
5460.722252924341
5460.607107653157
9192.197832551818
11810.707332866128
13328.159011328744
11027.068620235717
6443.368457354487
6443.368457354487
6443.368457354487
6443.368457354487
14803.1072704423
19550.12413707381
53329.20275897321
51975.28061531949
36423.15406484802
36483.84924190662
39076.13300865735
38598.34921699769
39286.055658622805
33619.43025008817
38411.893493282216
44058.181462115776
48149.47626615107
39058.6792930685
37336.62124526536
38917.67374484707
36369.37273571674
54116.93643856665
37023.97355717098
41647.722181351324
29575.376019907908
54052.7415714612
30038.12514301219
36406.307696744334
35400.67252451668
31711.783403647867
31569.35022161569
40665.36098384704
28070.227074861017
35296.97051844227
23789.685695052423
44981.03344953847
54609.108908989954
46012.14771048802
888.0945802191545
42830.51361719895
30437.956179921635
34358.85190706903
55399.52606943248
28351.760596193384
33552.87387208878
33098.972007765864
55403.88729253429
34488.50324951687
34576.46040136041
37222.491093833276
16262.45799742658
10976.549911589262
14386.423146844667
13117.329821011159
14369.216167232134
12812.235338348431
22986.64861842536
16503.37645791668
54045.79537370686
1556.3869443590531
41121.946640684175
25508.60401786592
37992.28680533855
36546.85159814708
40878.69600903489
6798.1514976071
1914.0739714786253
33795.70261918886
42971.55409321653
37979.4153273064
45709.07205812629
39707.494895951575
8711.821499475838
45110.356006558446
11332.168772202127
35642.189633478054
40107.20425969821
34820.862766129765
39796.95572904333
33345.465591309774
38026.43498290351
44343.476243049365
42404.19865656852
46363.091708792825
45522.13610078888
27755.669801596123
38827.608029789975
35370.556429340606
40021.842327960025
45888.346214411395
25382.98928024031
43135.1958527504
38287.400336397506
40642.3906191307
7281.792642116125
33814.43549118033
38464.0324440704
35867.75489052037
41588.48888777104
22112.236687099532
42133.94071239282
29455.564785823117
42704.36351207276
44066.09371383386
38254.81479905298
459.94964361717865
33831.37669298891
37707.997466833775
48767.969716621345
42300.814548658105
37147.5857136444
39482.43391499858
42653.63900368907
41349.0117739068
37707.694555709764
16292.16576362535
32053.22474385196
36717.28999553542
26790.116680145074
26000.483171804797
30255.127045581354
33233.53853935034
30871.375657945537
719.4028087058371
25754.76198074329
19050.738223004424
35951.23389267128
39005.34000154479
39004.869948261774
40315.28453008199
39699.33464553047
19945.1937952209
13678.361867834225
22467.122943458486
23528.466707968364
24658.858799793707
23137.680576395345
23247.913668084115
25331.862291580852
26387.448533824456
20147.53616993754
23357.918222235385
12137.862713036104
8908.691811734148
18550.35587070657
26841.478998185405
10440.189550239385
17576.563039173696
25162.483629748145
18096.289078673897
1688.4699248844215
29940.00758123082
24501.493662671743
25046.359437379113
21466.860394412255
8190.183358335708
17009.934375063694
30648.92407661203
24462.902197488376
19488.641000231713
9902.37803915508
10846.296543762013
4394.991440282869
12550.314812656981
14548.681112117509
5294.072741425525
12514.1187801881
25366.72488543418
14542.8545511396
35146.57852574112
17845.74068524077
15419.21868670885
9896.944101864437
25232.151161231708
9671.777849411632
26923.364224556444
29932.192407504008
29012.02311970994
21721.43642453631
6252.693205346918
9075.909783265723
32765.3199893833
33931.999007669125
13478.986925867142
31315.421640590797
10385.383600340336
30534.293050766846
1990.8942920911732
22539.507767138282
20399.405042621693
52292.725906939486
32390.103111319437
42335.02868567735
33759.8939060931
35820.14464502166
31099.5985399048
21371.9996206919
38758.027640348664
4633.517742546835
18901.49612776048
6816.472761309939
14978.74175066301
2964.8283840569197
22957.92718279888
29037.176216724238
35169.24491926115
38493.75243131729
38481.779069363954
31128.889754771073
27028.544393640037
16619.287590086613
33472.04887883989
33701.5613954385
19949.736507214744
16647.588644041014
42507.69290461914
32302.657977779345
39085.67599648799
30010.85118969689
37094.419335325394
42616.367328408414
34633.504399917794
32661.33107992278
41917.4005886852
35269.933824334614
36616.14034324994
39785.085584552646
36019.214176918074
31944.312925305916
18577.676959989556
26860.41580272452
38243.57798239123
37716.96231518604
33302.47211757931
39713.0900344289
29656.182346907794
42124.15761401898
30881.7348098121
31323.105534997867
17231.817732951276
28435.87667257903
41152.179243339655
46665.044631629076
37873.71823435726
43366.868157342426
42190.095653813165
29525.629191481385
18786.54790128164
22863.620435733676
26307.53995284112
29389.081976162564
37988.96025315352
29545.19118570561
32868.3655655515
30145.94697496026
32859.465782070896
30741.166136155403
26197.607634829583
29713.115978521153
4708.849029265382
24863.88924526128
34617.054466023976
7706.509569866401
11708.20369525118
29923.143355613232
33442.294974837554
25601.43024923629
29738.308364761422
30153.34153008841
1688.9769530577064
39245.83855082991
53634.66420536596
28531.808973646865
25539.019662286548
22394.449383412742
28364.37611351161
47161.46484041476
20714.263136893336
30154.34127709998
31091.87825478624
36345.51591942994
32209.43167391165
30072.477840395455
27674.1919991966
18049.656369056534
35205.34925971934
35785.294283016294
41044.9167731573
40769.17889722452
30541.244949790234
34018.52022164469
36502.4972181603
37856.27116870384
35375.65276527152
31064.723387727026
35261.81481186221
31383.67062747995
19541.528143246203
38168.3348376991
719.4028087058371
28037.447623278527
24924.41389868562
12670.876473037964
24048.242933452337
19021.970355973404
32960.2528923074
30093.188973003795
24595.748281932123
29049.67766467056
27688.093363189582
30961.79620017291
35641.985107537854
21088.467538302528
31858.09181425182
41085.98057191821
22612.75250273315
12990.186853490013
16729.533352215094
19973.882443406066
15603.614482954685
16401.210063273033
36360.44193985402
21942.719655015637
26968.621898070553
40416.59468303942
32152.85882900062
38978.76091507319
25427.74902021145
34943.92391933275
4017.5665520941566
12360.364963948257
37182.52800602791
2286.4292410150524
35300.043118186266
34166.06761602105
28364.395596309158
26735.228560480828
40735.24940860426
25584.057211975538
15042.986793021024
20972.420417489997
29457.040724442773
27928.143297668652
21050.729629949492
20000.38136071544
48303.68392144697
26229.723161079983
21400.350460670907
26823.97920463852
30006.38833477337
37440.42618014996
27192.238722099068
7867.4198174545245
1589.403681481664
15661.042233273347
45302.07569763164
32403.5027101543
35980.90024910754
36341.7385547798
31494.794770021657
35843.501610869986
14454.755970987262
21543.764828003023
2312.3126948724002
9478.518648354791
5056.397617315421
12275.798202740447
5900.99066078459
9652.180421198578
22500.34149628127
27080.92622758653
14005.793038256514
22936.241871507864
30270.233901209926
46482.40341859649
30502.133633461483
28362.723472941387
12500.691269902516
10139.961485474332
15461.597507947914
52526.78215851168
22758.69143653278
38088.096072695815
30084.10202815094
17389.00296720067
29271.81249455153
5183.272416795359
10303.139718882258
9693.787997567402
5712.559615304382
2552.8128409485125
24069.41793917725
19104.559981719125
38387.734738485895
27124.43412845424
21540.21531439157
28580.82169932315
34490.50755896552
40298.19557075806
35861.937673236745
23808.204915608567
38772.51401765346
31294.70781756434
31665.16910255364
40630.68995878582
38569.910453291835
44093.16575688017
42607.269102837345
33778.89681288637
47535.09265894094
44462.062602601676
33704.704987414225
43671.413924175686
35598.6898493322
28807.68377162273
41183.31473256981
31059.989411000628
35780.746887241985
39658.234120674635
21596.79042508322
29994.156918812456
13340.237461080593
7892.508371514789
17707.017036163106
9056.290006522991
18718.690974181176
23800.043072792345
24729.278851796513
19194.345422508377
16351.20307781102
16088.982181762838
2849.427270090873
42609.76432437943
39311.50233699073
39870.43760033875
39430.0393932016
2887.847439037692
40732.81502578508
37522.989323315735
40156.26987758672
39652.12532649577
35127.3439304659
27458.24076990439
53052.54865715743
27506.301133241475
37636.7617625067
34289.929610176834
33006.740879641584
39307.68394653279
4799.644482573755
33894.02732513516
22353.034888345675
24057.163140477965
37454.11609239467
36174.56030123473
43846.68319402872
22555.658184598567
19356.834868133716
23277.49906775584
25751.348211681343
20239.14783558642
36944.52001131916
42503.69840719668
15001.86828244428
24563.154661336866
30280.925612423933
11831.817518727701
25834.783925406173
28285.63607094632
22611.19989527041
53648.59183596323
20517.33400992171
25009.63928990886
26598.10692581152
45652.30935522388
20603.19088371855
27729.77765130386
26657.05620747184
33468.301450461746
33859.64788382739
26146.752453660552
21619.37416894726
29225.66522052182
52291.74569615476
24844.156769946156
34422.61675344095
12214.259261387157
26056.33917339521
8382.201686621967
22670.74394951415
12208.918670318026
23559.44048897909
24842.313783084664
25271.81518539184
24880.860786114106
2663.863320697113
38882.803002100365
29962.729475563767
26041.60175244143
30553.30835137031
30617.717140769
47353.075851287605
17537.61246419126
35661.60364258716
16500.184195829745
30639.65103511646
32573.594276205287
5132.366983126725
23205.088611785643
32748.54240337876
36359.2103663871
27915.241103340697
31326.9632707968
27333.402854509503
3450.2045869332374
48305.79650002331
25320.16782354594
23892.66092448252
29760.193662089576
32204.598885452444
45749.06264239045
35413.84793581323
22268.306912638884
39872.29503493644
29824.663828362147
23263.89817361462
27858.343285647858
33099.242877827826
36529.38430856962
19849.86933481594
39381.85752317689
25622.395954831383
30690.789592842073
35463.79210295691
27650.237816439665
25212.444979764226
27411.11756216538
32504.34568760426
30606.195031177514
18759.01622714649
34532.66755406511
15607.27516655928
35086.781709541625
32560.750438915817
26747.576815901353
31587.15934369201
32887.938910543526
35038.099571015286
33719.56345233244
35666.82252957859
28852.07986500575
719.4028087058371
13508.23601222302
27458.22200881162
38069.85050197124
21434.78362841742
33128.617984814045
21751.781384648235
36607.27448612744
20437.694098643857
24937.31996767694
26762.417409933645
42968.363187831485
21150.107045302226
32954.6920892744
41228.809676139244
38794.83717676314
12475.319574001434
32971.952681769086
37165.72573247232
33344.4903060914
37137.26125849334
28836.68710237927
21024.794708649562
30812.51797167066
29437.818372847287
12390.298082552874
45515.764043840114
28869.94181207037
45078.61617413198
31650.776131556526
28542.148939339302
35619.81597946533
35244.16347753109
43164.64831353719
35456.83513878245
20294.653879141133
24751.539912849577
47101.62327343091
22477.687758302272
35377.89218378263
39854.15510638427
43856.0453782669
25703.89426898033
35327.20305597869
29541.981842700443
31377.92365289332
45456.55728714827
44884.527424364875
26799.21232115569
19981.378805284137
39786.89780811508
41488.39873307339
27419.98324569931
37578.92981840956
37238.12615798219
44002.83821675571
39322.7489646866
10807.02590032103
19509.875484094428
6816.472761309939
31535.225078631356
1229.571574365537
19210.642149829113
27360.345224702123
52674.4011461275
49181.85829410199
52673.783418344865
25176.67626356901
38345.62804458612
39026.53041728269
35766.51858343037
29820.945459332423
24366.715377803026
39805.635464663304
37166.0384022582
4112.262812822141
1689.223791705914
31483.147149014963
36350.106870715645
32443.198589980002
40533.17675796464
3032.7005400821963
36461.10107407696
37095.423683648274
31108.73939125087
42550.78232364379
38311.48474564185
35226.66505364672
3052.110778002855
39685.75007823397
43733.432171197164
37225.97130716747
37794.50952603209
32778.30298202219
4701.782872531237
27569.76565863118
38161.57754838199
30762.862595773786
36331.98088920598
41483.788261090864
45886.23737606765
42971.095640468215
33913.07448467422
36552.60908697837
36370.10884780004
26535.31559858353
32410.93947127636
8935.257055115166
41943.209615655294
37060.84845852226
40162.502311151315
43087.88825902441
38720.067448386304
42132.10379462577
44472.52350082837
40934.448259144425
459.94964361717865
19081.255554168187
3706.2767169660515
34996.63656585462
15219.745985994938
36498.780819806925
31504.35454943286
31014.52471884692
16158.296303852898
33767.24213646766
20737.820204644206
29215.306430432174
34067.81264506181
30139.568856202
6940.063654093793
1798.8754029167692
27418.110668005444
30324.94014481947
44454.06271363513
33146.500403580554
47689.59774650573
30083.29258794859
39424.51488698497
31873.287057640722
45885.77682482903
37741.50601660448
28701.41504453114
35145.39040687386
20234.719743890826
54046.01248551839
26360.290911243195
35435.47630414189
27779.08071124914
46359.70886632779
23518.60752671374
28104.973978461476
33158.44130289106
33925.67229004124
459.94964361717865
12912.84591214431
14065.156999790184
20490.12084274763
33919.61605713887
1813.9528394309268
14018.357613849417
29276.927618121957
1990.8872954326885
11737.332364941942
25602.168289004552
16058.783655971556
33722.48107490414
32223.747420011692
25410.560120981445
19747.360532836537
13175.24250362049
17794.609122367146
26596.662893176144
32705.844174565766
18528.48737821573
19514.342398345747
22728.131612258934
25328.807744897116
16560.928827321968
18536.07799889663
18285.588744492383
16184.013449700396
18155.02419214731
22579.692128995313
31716.717145841638
22140.687495485505
29104.674069994024
10726.370222869717
20869.50452990708
27781.48227077958
31257.163810712547
24601.960925987853
30952.493967282255
18093.41277620969
32144.82527697938
25042.934243483287
35279.02773914584
16806.210628209028
34040.49274586114
28788.31446631752
22257.717867698284
24955.4420297849
21831.922648242722
48311.98035983669
20797.37796979607
28859.586020806502
27955.16594853648
29639.262260174175
16104.47325988627
31098.16099821001
37187.69724175442
23627.09639758576
23944.860879672655
31938.48475365407
27588.594213247674
24608.590612346386
21659.19946082108
25516.99832356601
19775.42473800788
29191.617258701408
54612.17992617225
20687.71377499348
14537.806240528203
25985.645710556466
34460.85277719273
24344.481691005447
34929.25837570662
37719.92736117886
32811.864354621786
47101.40277083482
15300.988702480143
24076.67275326998
17207.853488664958
43924.89251543793
25037.374874906276
26436.17315337803
25835.866540867348
30068.83692153459
10000.204619675873
32425.852152211915
12670.678542487669
23541.425787457774
23499.702077407146
24375.7335053241
28007.970276272757
54209.45491607571
34825.6832894978
39603.78610867968
27525.268102789083
24510.58088614585
26944.615353968555
29518.89524481379
39781.280793419595
42035.342589083615
40612.3014270116
28436.823191501782
39442.92653709226
40508.03300068636
26567.059460814206
43878.49706673
36692.894085414184
34344.098166417716
4017.6076219427296
37819.74344729816
40476.83866221061
29916.81816764015
29277.876116272182
39750.877109975074
24845.856398092557
34662.72880665825
25327.430643519165
34757.638072752285
30853.972636640734
29777.76722654111
21273.65589118852
35878.489641680964
18555.438645426177
36495.96304866775
15690.095180183553
40092.19272260176
5011.303044161415
33478.63760624382
28886.67613005813
45848.13127998843
35860.78530020337
38167.962520243964
42134.67494706077
32648.006881126894
42353.70008233355
41560.68600785965
39339.30165798973
26367.37940964488
40135.495426390604
27566.33062939609
33352.4132246261
33566.971707771336
37312.520167388895
33027.242578684614
31082.892235094954
44192.844355285226
39748.72180022639
35123.16229967841
36876.230331846484
34743.48278547475
38393.280876606776
41618.053508826146
33404.70255311801
35666.77409524017
32064.101735568667
15300.845288830642
29054.02984702845
20153.60713372638
26354.53372665379
23641.968564746814
34759.13118246175
33024.760948894036
5097.879342295777
15114.673214191567
23759.12893641817
30555.6820750305
43618.63650165276
56612.22474472317
41267.303793764666
12222.092794848586
21293.847252109525
35237.61404177253
31032.808390950417
34884.0230669376
47623.91888272028
54064.015463739204
38610.808451666126
54045.795385916
53637.492083430894
25630.24924640818
36651.85365770769
20211.360363086595
30939.044364442787
41620.57091988279
30958.841545092775
48018.07325440212
31241.430781848823
53317.72161127046
48305.34379712238
39809.84683453527
38612.57252138839
38632.03748734458
29779.38953243105
53632.215514688876
53307.90202803513
29377.946374408268
36570.98618624505
44569.12269527155
39291.16308878536
47056.173901456554
32353.088500387363
27756.996902194973
16887.865075315498
24899.80474908915
27932.41267796951
37489.55632138883
30502.45474144983
39219.95973759053
31779.250967984142
40541.43695647941
42746.44783581669
39204.513245088034
39814.071761801264
45397.36868437709
31055.02712730881
19810.548063029546
4202.458830506805
6963.267264520112
1673.8178245795846
10237.389756578335
8824.105529846196
24418.95052129241
13221.823377745006
6430.843878534209
11438.202354186184
9259.510374293799
14564.727850318395
4842.763048875604
10236.391948645312
22976.858188937884
23991.66952163837
459.94964361717865
11684.247686711877
1673.8178245795846
2676.7603656007072
1568.4590666106642
11904.54323159943
4603.214605885451
20714.960103203415
28843.929993492482
12317.105711831686
13793.962916223663
9600.409076524516
15105.375714312315
16574.78563484686
6587.054489733914
7886.629462967193
26006.132217787483
45350.13745525295
11587.041501603115
39512.862906875176
35000.826475130445
36833.37797424357
2652.573962204532
34537.15605939959
33204.13235015038
34750.877109986424
32833.0888226899
37172.5531941425
3453.1928337752793
1549.195371262333
42657.131516641304
29597.763303934007
31037.364037387455
4042.0495028086984
35765.888817423525
26425.771919187628
37503.86892760808
16602.357252633316
22331.8391663904
26949.771584660313
7867.436834961524
1589.403681481664
23349.10392772756
719.4028087058371
23314.213890485
26587.183805856846
2543.9154072744886
29031.39609312473
37656.96359084446
13312.552846728831
20103.48110422479
21142.596434884716
21741.64651094771
24840.41915081632
21953.323376143242
21886.0581564371
23929.48153501489
19339.860367853456
19269.958742851853
13779.583718005386
21076.50655360378
28250.21136743523
34693.70004670409
21270.452068442046
23983.077329781296
14806.5711870439
18616.950805086635
22693.158053385894
18978.35806969007
36862.81304834734
37121.35905074114
35415.68626087593
28100.350158833477
26013.06901945732
16962.319252809735
18683.618734489788
27388.23052258759
18066.473705263063
4860.403068232189
14688.967946299996
49187.58421359725
15947.234540936535
36942.73495639661
24562.64102035265
27536.955744469524
29404.761183017417
37235.162854060756
19812.884000268536
21311.95916712857
36668.945335924276
43848.55933460581
28376.238115178312
18874.072451345306
18287.115079967338
23179.30462463552
10526.872880441551
11903.09326170424
39325.01193945634
18770.57070143994
24220.463381658174
23208.063223440164
35595.843800126786
5233.401249664851
6614.145685733815
39604.36158835356
36941.294931903496
36706.59594482153
35267.24787987668
28203.228806687504
27725.34810187974
28108.45013175549
459.94964361717865
11472.391759350692
32706.94394375829
22411.06640220795
33520.25950654609
40220.2195908368
29018.585929297406
25131.628065673256
26027.731812248585
19787.02629158668
29449.44138912232
35822.07187084545
24323.967414272316
16620.222042783713
37586.716518654626
17759.294926694187
19887.890657099448
9753.838628290048
33124.65855299082
1673.8589992748416
45350.77502489633
2010.073273931998
33019.66401077763
33450.982798775
40034.79788957052
28419.154701384086
43332.98102999082
29127.683146479027
38611.622619747
16195.105044557797
18718.30630574816
3941.4934806290476
29626.440250330405
40397.48064658962
45116.78984593446
45103.12714688714
35325.107569518485
8020.180725924127
45402.85753168571
43980.26783077534
39007.362847043114
36386.78613640057
34127.470389257825
35340.0438971132
16687.69909289402
36058.2347076841
48139.71298076545
17222.277556969006
30500.27130348124
40421.89581471512
16439.109591741402
28755.667511106378
24948.13266358364
21262.386675269623
31579.33842981782
18747.022481817487
14229.79658498451
13064.375158206929
14538.785794960004
21372.21611706722
14616.588281009559
19172.687414483647
21085.605914025782
15072.102880300985
39311.86075428777
21752.86869605248
27753.909595302135
18901.62906734367
26494.001568652257
17357.2141061759
33648.87578959437
34548.70575087047
26962.981836139337
719.4028087058371
29951.04794196931
2826.269955529205
19837.27845691646
20631.842853650363
3830.0337989284094
15230.374142314164
27210.506517374808
20751.5470797567
30418.306351802014
38237.0980105327
33736.272926503305
29734.144747957445
40376.1196939002
22530.84510017641
29428.032534794955
459.94964361717865
16296.468943132939
15794.142220462194
28302.610836926702
20505.69811595715
27714.496628304078
35855.61402564543
34363.67896582241
48547.70696427695
10249.402369784688
32748.562166464722
40844.15063863352
40467.417047346535
32879.05831291009
39338.89467768179
41581.90536529882
39043.80629005199
45743.290322102555
32093.121113877944
33575.35208577248
35910.39360071968
33776.57074056057
31327.593197040995
36365.46385810458
36735.8995551005
23507.050376331226
4750.694560282423
28127.12232680191
37295.89369424025
38250.94176076383
38995.60387794796
4281.155995379654
39244.892571065146
41436.25112806416
30099.57750950251
41386.38875607446
459.94964361717865
11399.415611665274
1610.1142976609578
35635.161689328146
38543.18760972987
35872.20884719589
37097.95252424908
32749.194066171207
34719.92618654583
43542.26904525286
38175.847296832006
9666.701797816713
39807.733379800506
7007.850484520756
35077.3369231115
39613.31143816479
32523.555928804395
30706.180797721543
30324.57516834935
37790.82703018703
31058.352410928965
21114.508384015884
25278.71086293501
34784.20401458876
42387.08297619156
24376.518905661796
25278.403650751374
32124.61165802632
42523.95732644943
17079.489342067543
35352.77124461131
33623.97580628451
18699.855804515584
32840.82247691636
26234.729504852472
7867.419818889969
1589.403681481664
20387.875844487262
10749.680255908508
25625.5112897787
26754.03253706343
21739.2387849776
36614.87700498087
3287.2089623828956
40734.17890922676
29140.772207534992
39144.22710469733
27538.776761074034
30196.033188934645
29704.614518936345
27812.639276694117
34235.53464129466
32818.514417237144
41174.28436661265
34413.02335340681
36920.469183993424
43588.88208286404
23994.39030822171
29561.06950151872
36739.06442876151
32640.23810387048
17739.618667068924
16291.213260937602
42275.92483774839
28464.005506223883
43473.09101247222
45430.12575693261
17660.516610365816
20748.295143794003
36716.572099709614
30094.450276132473
4894.877363848869
34730.50687897973
34904.80449157683
30436.959498140477
24902.850318996007
37611.517189468585
23167.093326472906
23991.99068745797
27601.378729622247
28260.446142866916
15582.420200430573
27778.88187131022
15506.053092552946
26250.543964872362
37181.82685747208
32790.392001955355
17605.624673171576
22961.568860490246
21127.934100295894
21869.560589433106
31103.900954280416
29408.945416249957
18874.829360044496
4498.634943945566
46004.20017931207
33810.059789480445
36232.7029695843
26673.41368307661
28757.709843188804
5512.991736693135
6070.03717839481
17082.4984849927
16385.677378210905
2266.68140657445
35235.13729521848
8019.955242421827
39829.6177296059
20516.637775575986
40332.205285008095
32461.544302772327
35508.23003234123
38849.91918183861
9109.91949317409
26238.76123209032
19973.377166780327
23198.809818179383
13445.419309761233
32186.422372612735
43332.10090706693
40760.10637922355
39981.95598806781
45163.45357236989
40879.8708633971
34628.06193981639
21541.14354030961
13048.25630651122
16039.249468470944
23345.04303475351
36374.99239074402
27215.461901559196
42910.678456516616
22215.262363585858
25398.212819284847
20644.592914558914
25695.805076858273
20868.989556590357
34883.79621259436
36074.677860277196
43300.76420037795
40170.215045284895
34292.931238099576
22980.316935883635
33958.75951587354
36269.91926731748
40185.60720916032
39646.647326063474
36107.515332124465
44112.26602019489
42188.332122103544
26917.599861634873
37533.277867322366
8130.659316571727
36437.86421008984
42228.55180386379
40062.56002432952
35227.16964082811
31229.08600924959
42775.44271369513
46814.775773004694
41210.76575117254
33471.14906973661
45815.47133864826
44260.18155259982
39150.54578043318
7449.699382465896
35399.17821725781
32648.78690421985
34534.02862512674
32929.71902626204
36509.38810028729
41028.669104722656
35628.942107879186
54607.06215891012
34389.84623715661
37012.00340232015
37016.20216478863
40518.10127896422
36350.95507818268
29895.954368370814
41509.54417723904
33058.5445124707
32463.271185455265
43383.198296575196
38273.659687554406
39846.46295001883
40242.29394657411
37914.45358951586
18738.420058896707
37126.29362433165
38740.23764582996
54610.89982618773
41230.76246456939
31368.93607949162
48333.531077653395
43942.572014656434
38615.247215615804
18185.803989526
33540.03025319202
38654.6540993012
40474.4723122583
54046.66372851698
43544.74782592908
27987.121583612206
43566.54730611915
29379.598347527244
29458.907013989618
22490.60712026143
20228.26388894994
53630.70774128132
19054.363966452776
39264.50569919203
28137.812114890028
29675.839204814183
20457.77170334726
25408.024484439233
2466.7156725411414
35485.40117346666
39226.98720368295
39303.788792127394
35951.91861488815
32214.370096533472
24911.36938371981
36794.47638541306
21550.358661541595
25294.41267568528
17111.691507819858
29130.48974479746
33468.89271454236
19611.31224740341
33170.59936245556
30200.454418604284
30044.461021626637
41279.268262142716
33162.101239341144
44393.57344016109
22738.78332796358
38339.711208395376
41823.98308189356
35737.188780886805
25743.90209362379
15665.932408197361
39970.26962272015
33661.30906167358
33304.84529959239
38908.265917170655
23130.268542126327
35826.27960964853
25231.966759257437
26757.355083148912
29524.47543816218
28433.623880065432
27278.22846518301
32856.29303637598
33328.17231207849
5497.960911528587
32368.981200862472
1720.1644200087433
9081.536330855452
28595.421172562823
24789.590716722207
36784.13754433811
46460.593562445414
19356.7871119038
27842.305104994834
27229.17609690481
47618.75765758043
28424.381140042915
49059.319159925835
30959.094527473455
33934.79140319779
42236.35844567984
33206.56586458767
24321.54104482283
23396.36720289241
8314.516306851852
19384.96261267003
17843.45018506227
32252.115326321924
49720.36994703126
3782.75187023762
30839.386983588534
15703.459631898799
43965.10912848332
27286.773015790543
37391.764051607715
35490.61006102686
39920.0006741267
29857.17449954218
41970.17004987805
27110.682123660637
10458.659398379437
35967.51807522651
5879.420965515268
40397.07280645623
38090.92085938332
37771.18005490584
45292.08452966586
47460.10790168558
35479.08290761228
7867.419818889969
1589.403681481664
21055.468882340647
24477.555815890606
5998.788756335339
13026.348540421266
30230.367356526374
15265.166352614237
14833.104652435026
2135.1212157933883
42799.58757601404
20195.012207809094
44489.486832227056
30522.400110173774
33346.866110719675
10639.52368125373
15648.42351104099
30288.273023939695
36957.29323605361
38412.594172789235
38938.220745212675
45393.50333204005
40355.43339576312
43542.726789234155
27046.882417563073
20206.562221752924
33339.984893715955
22965.451386464076
32343.3474929919
29945.904903926894
31249.82673773191
31287.177106186253
21113.13158910341
27280.275212766905
33771.38098052497
16431.948411891586
24057.35868062263
18396.89569649512
28852.399508989136
36684.27265631191
28873.13553853715
16001.86215748896
9131.111378443844
5773.423509840253
41019.00210482775
40316.715555309274
36867.67831245986
38900.319117975225
5437.884133005288
12871.109853050744
25070.581651338118
25108.947585895527
16525.99248811398
10844.07726680564
5718.529186454181
48243.94690826363
49086.94814215148
48949.30600681228
37806.766199480735
28168.93021910422
2135.1212157933883
459.94964361717865
53307.73548346636
42799.402425178116
12043.00798778861
21680.879869216114
32287.59049354589
26167.60255744997
38284.16547992324
33259.240765743554
26592.90004426316
29240.67020275391
35814.385514571186
36239.30745772493
30364.378285540377
31607.16632761871
34568.93014754072
23075.699407750042
37580.36939135946
27382.04289945331
24406.274109355145
18702.93612856946
38808.75876056489
33277.62832308822
27151.37117946446
41968.12888126408
37640.889563287186
36179.93868703437
43936.74812230502
25413.298049479305
21479.293157112028
29040.528595883537
41829.488340748074
20125.036130177992
43396.4373848619
40827.91348643175
30818.05737766354
33780.99070257464
8448.745488717741
8770.735570821236
10137.97626710944
12423.303932911527
31348.17164698646
8770.735570821236
10137.634344184748
14835.17360888408
14835.257040440403
14835.423897922783
12422.954631077711
10905.446500931645
8770.735570821236
14835.423897922783
14286.913963184666
14981.566560328154
16074.372906033695
4678.6498252398205
32073.059214277804
26466.284529500907
21164.47584659017
8995.25564642213
28840.90593823006
39000.581926678926
49288.0292445635
41172.863780695596
44393.840261361096
44582.36909244191
35031.79585156846
41801.760318699955
36216.781986152404
32001.750777205427
40617.75797471703
36677.44272943846
40992.75857885287
39779.591719785414
1139.999393482612
35761.107496579316
35643.12823290504
27144.40552613887
33665.14654759833
17984.877286391973
33352.66003965887
24364.32619552159
30899.657018692586
42409.787196785954
31791.608773798067
30102.39366498649
30791.26869701899
34368.28818191418
30786.1598370663
52533.138540967455
34354.474807789135
38590.43743383966
36432.90469333221
33431.05094987253
37730.969030891545
36592.223435329506
21149.2288745999
30761.317624699284
34323.89522262852
37457.69795028379
20750.73614844061
41414.19358154524
22206.43674749955
14941.330106565347
36111.281100676
3448.612689673302
33948.065124568086
48091.801345721076
41062.25956823479
36018.734095755775
719.4028087058371
23968.122037080473
9042.988676769746
34301.70652565572
40788.014372771875
28080.38835987889
26059.88492143462
25178.926446883277
40656.882795570804
26184.275629638872
32223.014384985767
45749.82471662698
33865.09528097315
18586.36336120977
33086.75823154185
42755.294488686486
54075.92046314345
1610.1142976609578
31279.753236555025
36136.59746609742
43984.62509337525
29363.37844496857
40057.99685686706
35128.34686109256
47065.723143836934
719.4028087058371
15539.637381360579
18737.736027435592
9993.780601985098
1589.403681481664
20491.25597060859
2084.3816414068506
37929.14247284385
37408.62823070766
31433.677343445925
32740.494563632874
23507.80491299525
26704.83556278226
37710.49157669787
40491.99305782128
31314.72249957632
32324.18161923509
22597.141770128568
39673.83518930273
43177.07767551387
37070.36569170354
22741.619462538758
33382.813641875226
31394.753032223918
25419.62254303034
41541.90720759252
41831.969283684906
17250.141228933542
23873.377450253756
42944.24652690412
2418.170818928408
42723.59353713405
44175.20030972675
38135.730398143576
38692.862477712515
32633.641854057463
35400.29643260906
34499.05610153659
27238.825112353465
45866.588955858395
49034.626807075336
42579.14148203575
46844.041078264716
40789.63999667058
47066.24359886788
19970.857089171255
34816.862087321664
26615.839059857026
31020.801749503196
32553.240283772313
30831.563021167396
37776.19408424428
20640.225962768087
23478.831030423316
35139.410232281494
17532.15391688889
23466.55120718576
28607.594646273013
30408.719990430687
26179.13981795935
24028.82905869049
14366.791513529017
18863.082649842963
52851.281793821116
30733.908200569727
22895.30199427155
22619.675704084093
10772.333157698211
36916.919258409565
719.4028087058371
27361.437789932173
1054.3212750607408
17727.05540513874
52402.05371845576
20617.33974753571
24760.188264662364
37456.13694710699
28951.173423277774
38474.46484567452
20260.067858468778
18201.72348353576
24919.85106364888
28763.66777423255
30914.591216543395
16015.845233568267
33614.1778927903
26179.486730561664
40060.75632107425
28592.984917964193
21667.195146288617
16790.486708243654
36527.12681726267
37289.59441447145
29387.463122205663
25049.207160824193
36132.992108848826
26488.62869581157
33900.6338711431
47494.408303211654
32088.507759077926
8020.180725924127
43211.5364955632
31181.012483521554
23890.348175733434
37406.93666594563
30949.59074664032
28074.72880085196
31700.25638631187
2663.863320697113
27942.10590635307
41350.55800531339
35443.58119473604
39163.455101511965
52545.038827207245
27001.876032605047
25115.419719215017
24820.470559355657
25192.485527866447
13067.514827147357
25328.316612420815
25991.12903503175
28389.996592344203
32208.36548856819
15920.541499396986
34907.563692677344
39080.32777483854
22053.424134566758
33937.69499847232
40897.52489100537
25231.290686717435
14502.890936186659
20040.898141644848
21582.585122193246
13401.447376074968
32204.800450180508
42495.098127686295
29444.75231151999
36357.272061331765
37655.99692605474
47613.59515435757
40879.06444279438
34171.727660024575
38194.9355682546
39123.64259143198
39056.20031405801
55419.76243480994
39889.56217874296
40925.23748774477
43308.14916560608
46611.93155775015
21277.104729822513
41121.19491556889
37542.85143619813
37451.719674825756
24929.46101316367
21258.788803782176
35335.54550265227
26847.618868354013
56616.6021336794
43553.445264810056
54610.89968952867
33787.35195856481
37142.21775093174
31549.94402067665
47613.40404394888
37854.99404556943
54606.29449095253
39756.80165275292
33441.26766448171
56651.18559222993
21977.201860516478
47109.79016709299
28633.56480335292
37484.72986721442
55401.08376296231
54607.31807221338
24917.82109221324
56615.40843967422
54073.544006331686
30410.57241490198
10792.625291685568
38022.12036692616
34226.897245207576
38637.170134354536
47022.9709835107
43734.09825247961
41939.82527865688
49447.816183806084
45431.66606936181
39184.81263433454
14835.340470119929
41909.1878140231
44100.705855943634
43938.38618363135
42417.97267977883
41789.43840758945
28648.94168870107
29914.520816559136
33610.74719945702
38497.07866514353
31354.53278230304
38146.37803542655
27394.43568579474
10639.309997324523
4325.1735163795365
27038.905288052218
14835.67417007206
15477.408356409649
12422.954631077711
23089.414733897847
41462.343023408335
40054.4653323817
42437.44897460852
55399.52606943248
56862.47569548385
47611.68277283565
47101.40278324573
53630.14229413823
23823.160468893657
33267.26175855364
10841.054101488682
25026.12940101426
48075.37306691664
54046.012461100814
36749.013545732305
37331.882968482016
53629.19980891622
53629.38830675559
45302.553396358024
trigram, add-0.7 smoothing, average word perplexity: 28869.17988025919