578.6088586757037
97.42224047204206
545.1976483462097
196.85682018807515
497.9837991764565
21.28007276154291
615.766309865805
187.1358170694298
213.77561472854154
198.8654815055157
181.18082772612263
78.3018781928199
591.8132495048278
119.54374774114663
243.34393142910946
708.7506896654629
229.81961059579567
225.66181701917526
170.24914979657896
869.5512194705434
1433.4650056367466
271.6175143849184
455.7092810978057
212.83225264478938
237.31937033274414
715.0261089699289
254.57331534319255
140.54939632181598
392.35553863112716
180.4995586537417
406.22294892000775
155.34367604064957
93.54095177477534
132.73836479213125
96.36531333314785
71.81070428977128
161.19594117602028
123.38109629769734
888.9946485934418
100.15681627340162
379.1484857254779
94.02838771234468
33.99929799127589
40.66150652445541
283.93926328067306
107.79691114391616
36.401885719979084
117.02257324543712
87.52425297290198
80.33347462079101
21.937564964217533
177.79230237709223
130.6068488703132
83.87500480930497
41.90234805604977
136.7726073483214
760.2426875867288
181.46221424213635
1016.8352724888488
339.5124614022851
119.92784767149332
1195.8817134182493
40.1466385232223
343.45212431223575
204.2838576541841
70.8209421254184
278.57850071741194
402.5372310832463
137.5757421677218
143.2252039167607
288.5450481059516
133.54962091383806
237.5695240152801
122.7330914532635
56.0598469772207
259.04696895763334
176.3519517279857
273.3323172584008
307.28717592928854
536.5645101016057
402.6918618814615
312.41535378649974
301.6860032991869
1106.6011709610586
1492.050260258546
1120.459942240306
428.3148284133655
1407.7624735900658
298.5824091186663
183.3285384423202
2211.754721971977
219.73191321111398
858.5336289384077
928.5098229208148
367.01480530044233
151.8660855287622
366.3651610417905
422.6073936003562
1450.1071358482163
88.55206872332639
564.6254497538647
23.14097152983187
30.28516134014716
971.2630316351743
390.630936183578
976.0390613728473
491.99437632800704
1188.643973377681
663.9956012574621
1477.610448882698
990.1959250646528
651.195479805234
373.26601713616407
847.7703949134882
701.0150392938972
1410.6712817376444
6.329277801310944
873.2359864670702
141.83404401283605
278.2597433491924
648.9550866634091
502.92311153338886
244.0638417685067
151.35348717942057
1754.8699342906805
234.68805132498005
305.5870460021099
1431.3542860406958
125.26531683124809
732.1536449982054
299.5335176523705
462.17206005260925
406.25054018145204
1666.6020879223106
390.39133336965546
621.9799020451235
465.4207723504002
583.6730013806218
224.83682036392753
134.41176439298633
114.57345630011262
80.44904967402299
26.81121161556243
717.2602618278283
718.1624242316967
1405.6773167897186
397.1816757206653
734.6306138370243
713.0298991695496
41.29156996300728
996.8803341935437
1741.248605684597
703.9708807927307
500.7707786447927
683.7155309573914
993.0613089889599
695.574994006838
631.9952575099954
811.6665728917271
132.7370663196522
1108.9984287979246
416.0902369827182
2037.4802884501903
2288.940193856017
1439.6918339951983
470.5256943692749
1963.2103175731004
466.3302701322391
538.5887800533071
2992.8219556501595
74.7777484815339
272.16372025101543
2596.90656335856
2906.864102195412
1297.7812058152037
3022.626290676961
1095.9560687322003
2503.206626801825
251.253467265871
1020.6832169876147
1851.8492777372471
1352.2147967549004
690.0363843145036
329.13237875748956
1720.5282816015156
841.3808230928418
1260.7076343949557
919.6959766292722
1224.6587283560873
454.87058816857524
2667.1826079837265
237.65725692217995
1677.9021069564267
1754.8346960205042
197.70186627879096
1642.078845648142
129.88400840137672
724.7075906151152
497.36439124254133
1290.3315468804108
941.3464595038716
416.1743837138564
461.4366144887138
759.1358297257059
3576.6416430353906
791.4029172536594
485.6436666041675
891.5170613439213
209.79907271689672
1034.8033692718118
366.07319591093676
794.0845674194798
281.13420165366443
65.29017523548968
37.14971493951249
17.00373030124634
13.371125099316135
32.77543314061049
13.49562750075687
25.293915396105255
19.923257217013706
430.44395339812286
929.0862433008822
382.3922802524013
914.8310194449857
2037.9637707290226
99.36910380776051
43.58107425028469
125.00351629546587
281.68719896424005
3.3353151867770254
113.66765509394192
179.6128372388919
137.0340058272422
102.97496517597136
94.33054601542209
146.1262152856177
210.9986409823032
82.28349523690184
215.71549699079011
93.80611022811672
3442.4749664181613
21.693272410712822
310.49578479141724
364.45353654543305
402.75783486948677
555.5137944776667
340.2667995818078
86.05730707162219
144.65679416898013
455.05410415857494
667.197412997056
35.18241326068066
277.62509426104737
217.66280577514425
751.5462982881659
1536.6946293019603
68.8938554349778
28.21172228337513
26.732659650035156
23.771898156685427
149.08024096345517
44.249745862837386
1859.3071545931903
161.1396550189527
1345.8645210315588
26.81121161556243
538.4818305817324
568.4653461795509
806.5890116673753
907.856182350507
107.46026506291385
573.661840614344
94.0235370390074
10.640036380771456
89.22023225365871
60.27742363818884
46.14650987754279
110.11407370661723
65.48774840911082
30.757989132538736
179.64717056189684
193.8095595369317
650.4967276847015
928.5047603927994
110.76307662090022
128.52235841142945
98.26951462635107
326.6942262376542
3722.0466265218197
482.88081975971846
1120.008024538452
456.3342979700345
543.4551717410804
90.21196973805864
7.906086679081318
358.5853968672085
287.5681583993214
604.561682038595
794.9633818857782
1086.2065886833113
688.0761308918462
364.9794839682039
1572.6229806933052
394.84999143750946
324.4408431294851
771.4994803042575
25.409076538785662
476.35093678773796
747.5340104055432
1752.1568710855217
536.9758602385815
668.1508204069639
143.42539704259352
150.99070399242387
374.2608553615871
322.9548700533995
720.846426425285
497.92154592041317
514.6871868049984
381.34079008311204
749.9518273634924
388.3673846466111
177.15913538137403
542.1522679753276
435.10870770980335
265.2458025784806
1081.432040160316
305.36088742276473
389.8309599193496
552.9971543325472
1562.0977149375324
1065.5268619815258
413.0234315791377
580.774212961719
317.24148921928213
983.6050953844368
205.64797602145876
2104.3627591979694
196.57195817396172
1197.7057860520272
26.68049074188732
927.3705365876341
290.24256897649843
861.2395075424234
901.3152618220078
3654.578260072186
347.3893935642589
774.2331721028586
1612.3414643461606
1366.9743179571076
1036.6618776930895
772.5910900496043
752.3962930865617
882.2680285777385
950.435541932772
769.8287073363557
529.4075349210271
813.5136674764236
1373.553393119681
585.5347126969217
687.2438112120637
213.7897585965467
121.19137948605898
61.045545221535384
385.0474119784794
322.26436579231796
141.1994938490613
373.3247524317761
253.87848052608743
560.4203236212767
225.91190565898336
347.05210887778225
553.321430175659
1433.9513027913147
1696.4298482308739
394.1827677157779
168.826871218554
194.3548510066641
515.4657802612346
326.2981756249272
196.96452314200616
442.3579000144761
77.06647990771859
558.9281216933306
2413.0292360441836
850.9449287517866
270.47627366733644
347.1990689394074
223.58606262907946
464.31277611214455
629.8754143848073
218.62328082930986
711.0811041222246
872.5192738059836
694.4383770951524
184.90074090837268
677.1204732497109
741.7972472396502
282.06035065587275
123.59778800078391
240.5353001823011
840.0453323757328
336.12328656254095
243.6491702967111
411.0158958835132
1427.6897310231795
2960.1689075731724
135.88364976444137
211.80578763990195
758.7687403823624
2289.8633555626043
153.64086336921693
845.3035620545463
95.09455226428283
834.6446086267971
938.6972917113424
2493.1356427983087
1145.8222450127807
290.458337862349
840.9453761579108
1293.609265014245
214.08585529281967
359.17504755058496
553.2684192263292
347.41278043377736
405.16297785188397
233.95391249724534
930.50458302669
292.8898137414364
537.973572923228
120.4238676570345
279.27260573613216
66.7016217350977
674.5305352365043
48.7430222061734
7.906086679081318
578.2868131007713
132.74912865147064
196.53404353775662
273.06899843836845
215.40653615679426
1143.0265372934064
519.3247982183188
658.0491215710942
1023.2194943013197
1428.9801326613422
842.2515758824907
1992.1240030717888
1148.7846770467554
271.0329684785718
399.42511843246257
274.05327718704723
520.01498261861
58.767305132619754
39.05330162726922
75.36980360415126
1016.0792467576405
225.99436968859916
139.58150433787918
190.215808428754
2138.2192225227154
833.5585540861733
129.83283466488336
155.7363594273142
108.44309245456019
162.39736162218676
551.0900603683688
221.9965927403215
870.1070552097808
243.698217462073
31.28675167585914
91.304442253926
182.17192139824238
36.588848478903714
80.93723406279634
16.813578073354144
5.532497385072922
59.34801340363782
704.452690967239
40.49947174332818
3734.296240865029
1679.9493578097185
507.35478655698796
3249.489046523444
184.8680500043295
673.7131847970483
666.3001764808524
197.55533165696855
228.04455574258472
347.579429862752
1381.0806176800716
473.74963388737865
583.258816279228
1029.62128001715
1203.3922791626617
475.2191749440572
134.67635686977795
572.0979900668693
412.7632289007272
683.5296968368709
677.0661297695473
297.48863264488534
243.20559184047238
765.1854755156552
539.4949918146217
197.74183715861304
909.8265529397652
263.6784942471215
8.413421416747296
84.9546682455496
1160.9463236513864
326.4478913696336
9.476043773151714
83.71663838315628
192.20174341260642
421.14585550849023
436.8101267294406
407.0825404362311
371.42363414581945
413.4616120656578
1701.518101282908
581.7608201110231
1664.5872859733386
922.6757762514409
305.98204106155276
853.9888119564504
153.4958045929148
660.6401729286905
737.7681121247475
1155.8862015413345
718.5835471682973
426.5636241370785
540.3797032951973
860.9892781601927
391.78174570728964
456.5806828289285
344.9015012264302
259.64505549608646
306.6251845120683
2763.3244908424235
233.54511390148372
454.8144586097165
40.816351977069154
91.56894457743847
297.12540208464077
4.6755642276783105
411.6963601486763
100.50502218172323
516.9814906350955
137.75099865190376
377.00818229354064
95.05114736269674
689.9772337260202
192.74462205907352
369.8034472415835
654.5013441072441
462.3970521550454
1073.536968427014
547.0725457071584
105.25649591291062
1185.517272774332
444.78965356486214
507.25472518265735
855.5129904739214
963.8127343629645
111.68914628146383
193.674295315837
633.8671238421057
1145.4904938911352
56.84265793778491
215.10111459986126
273.4076000652729
362.3911527112559
2135.2397327567687
129.20733134312763
941.7133180228678
216.43073976171854
214.10899173972186
1057.788124478658
92.65714887460534
118.76480618290515
218.7698103070822
140.45712199476773
285.3440391947078
139.38094821806806
239.5352616317338
186.6260217170576
206.28307192261687
279.4340516454021
4.169572465878643
226.7845209658822
74.44106489908918
330.15511711848075
427.9858119724485
200.96675807283685
1361.0807241295938
1279.1069750392626
1508.0481076855617
81.50179845277036
339.73439343582965
74.8004041394466
122.29457109778713
47.42570040953982
716.5677575368118
122.5267750692446
96.16671148822297
14.159444981542244
118.39268344566732
88.41239500773999
167.5884658812963
19.283336295991255
209.3663178767234
74.9197806499387
344.7255931854881
130.42118683377004
349.024259050229
399.0329210017022
293.258786362312
263.62227952949604
550.2215193716154
232.4386281760432
235.2448371363002
499.00201565639884
19.586280687566685
367.0942353880559
186.12733829119378
189.89464512695884
246.4086499854456
275.04407196973693
270.3971790400474
68.35269912035457
497.2610123767438
511.86426462923527
198.69331922142177
132.12856323400194
391.8697079917044
114.77002765030718
83.34505581625416
196.44560338696928
112.51665619540283
119.97006622335344
287.83873485860005
181.35909049791175
250.08387111996825
23.95506764500223
323.6426173655674
288.95480605305687
153.6461823774451
411.4595924891607
383.287004946703
255.33558051794785
264.610501684502
26.106520035402564
78.16443668768872
2.9165420973963156
40.0231338637456
65.14667397804809
608.6440022727825
105.82934701535231
456.8488628871856
215.33902072070444
1071.6725420817747
347.45334515509234
395.2762496057074
87.34551860762849
427.2377536530863
1767.580666501396
923.560033902624
1629.8733303246624
667.2233040857178
756.0371215351532
587.6285719545635
139.1451198863487
146.5502289194043
941.6565614535014
452.2498209189276
1108.7859084984825
58.07921072924437
114.7559956585922
6.329277801310944
287.9181287824727
701.5070731843946
127.9729047668912
150.970465728167
689.8994410231327
238.9618502021117
284.5611450221553
233.93278627726428
2106.279656270951
852.5450747587572
198.5122263817456
221.41967941472376
822.4139866099221
1168.6646881766603
1227.7400155910416
1099.703081065354
222.34544805363015
664.1912107866798
332.6447507628069
334.1327038064319
196.03619386240064
678.8969618990152
747.8394520826618
660.0437487276373
949.8135897460113
998.170842333976
367.7399158262397
1241.0674815550499
8.190654858928713
405.754488348305
391.3405848107044
472.5906034767988
271.911194786072
1201.083924233066
2660.842078028979
924.538908767323
1160.6601193416313
776.4433728283137
497.9943833526946
6.329277801310944
465.2070366867533
6.506377509056037
7.847767821577692
692.8581826675851
826.3425322382362
450.0149827142828
567.044721427292
1259.0494352406527
2710.7957238303934
34.93132478476526
1091.9271727306939
361.1189123240325
521.0771364978909
97.15578859358082
58.66902132454963
302.57876055938317
134.05405868238697
847.7055114675836
4.019713254628033
94.77360065137083
392.35553863112716
31.98063960598046
260.3709113986637
160.2362561711238
280.69526634389916
789.3460871620701
207.46905186529554
313.0075446192562
171.26713454629734
511.59186444324484
2250.2234497659892
314.55142267496404
321.22308645140293
2459.095734882171
1008.5966159596405
385.469320570532
477.0535606341266
552.1101591159621
632.7648520361214
473.2739138723764
741.7876640716114
1001.4741737565876
492.3507589443586
485.5274231493411
444.2325284493553
506.62114877594234
122.11247771286385
596.5505635688219
284.0959723462974
450.7256128143243
823.3125515191448
65.79550865940317
155.06261489028864
6.329277801310944
1781.0666068444136
135.30895227102772
634.726081928584
228.48176347101656
242.94410154518732
462.4182241022195
619.719990449199
301.0363991200741
252.37936222662412
574.1783030144227
168.6358845995018
223.26478292574862
222.8185360294248
61.96291210784769
459.45353870844036
13.457305721781903
12.994512222771988
3.9357238830752115
9.907859318868885
2.5026028371118705
4.839602329041745
2.873610839722532
2.873610839722532
2.873610839722532
2.873610839722532
100.15768237841053
251.66401433749454
460.81959188383286
5575.982539650487
1531.075077930966
1041.0576893794782
2443.6769390858126
953.5315076136791
1527.521459738907
2254.5875289206383
516.332295026825
1971.9935894441394
1668.8788361321433
1465.2256190816454
496.15625710033436
638.6239441951874
1450.5973266068092
2284.4615703856034
699.8159897656999
1377.17041836615
546.9457840524905
526.4424755893479
279.31375187501095
821.3309422980201
1071.8868970397757
277.6635319322262
694.5253334743809
306.4853270686778
258.2816131100701
550.6941568559383
196.8106110278171
259.1893990776613
1972.4493230044686
888.9767170590432
8.190654858928713
1554.3127948098122
509.6051290462296
179.88778178981676
1553.039899233118
357.9335673936159
364.0335238913295
355.1158404077964
824.9271657245183
710.586766331832
272.6113554816976
458.4449547023549
132.24011756440123
128.85937609323835
240.8795086213128
83.67113229650788
163.83649226361513
232.96971823582527
1150.805076474502
1660.846603760216
1268.3619940088472
12.180302836529583
197.65906909604493
70.06203882058969
554.7890412498057
907.8775186355625
1718.298593028299
82.50521143265284
5.098738944856261
571.3174146748256
2065.845371043259
1726.9230659604264
3148.7855830463354
850.4525394313378
10.673717430105675
4482.962149835437
773.1499554252943
412.63879050992347
672.3208380516986
195.64236829960802
441.99326455910517
589.4735385803076
580.1845682559523
1634.6820151146117
904.4237434073148
1361.6323803165014
1182.1894431604521
387.71631758349446
861.6844581669881
621.6044872099653
985.5099217723969
1683.4254830137274
1086.6281735267644
974.7493587242682
679.418301445033
4257.265550903759
175.8281333679617
482.1933378186034
217.20579837412237
529.7458927574528
740.2838831391041
106.43843625844792
838.322779850765
251.69462311061926
1394.2296339557954
1973.6202003331468
243.87111024421085
6.329277801310944
831.6982964548213
1562.3723558460117
2722.9620622578223
1254.0674772644686
580.7265728369825
1025.4610873685199
684.3044222730329
1462.2545381109117
975.1319530441791
514.224495464713
240.9162960720958
647.4498250918823
242.23040206141548
237.77705584090276
151.49298400813328
210.72179466126968
244.6427161798214
7.906086679081318
245.15276437407863
208.8116394805316
1894.9328113522245
2535.2128488776193
5042.902000386947
3579.723781816228
1447.4613849717734
54.02217645682002
19.91733718836953
66.5682453588216
115.90877630706164
111.32079297550581
124.9547673575835
79.97335934686089
143.90273654909973
176.91882469219766
49.71586114647235
96.80307805843614
22.89922082978194
17.13043405290354
48.77750306355798
160.19066602464957
27.224960935590104
69.06627739109815
112.95282413487203
44.36408909433888
3.8411949141143067
195.90222928095815
100.40393037471057
124.86188928578161
61.967742952245246
6.0567308399358
76.51992121762545
135.3030224388604
795.3362548189169
152.6943147165687
26.734778283859423
21.712662016630816
10.42374550225273
45.34862779170585
47.721450153872084
12.864026032948578
19.980796743805087
49.43507963372847
32.727099661015416
592.5009759173871
44.45221154505266
15.869958481428949
34.60549934291904
102.60721476939442
84.89326982356722
294.87925799284193
636.2388275940982
196.16949986930527
131.25593892606798
9.151282095457388
26.08428207143335
466.93907803766933
453.0862414719868
23.028954011699252
127.25562556632829
27.69844580435088
546.9358017385532
4.6755642276783105
489.7907885293481
230.5767202695537
2741.749760695597
1618.4873909360233
575.8531293987894
550.6942089088315
468.8348827552576
273.2705788327813
159.6349514598544
663.4677067411444
16.801797538289627
218.61397947898047
145.2378725834573
83.41992376020261
70.26908627849723
256.60996970684636
545.579087647295
480.0868775621075
1880.3401595354114
753.6897215722389
228.83846887266859
357.92791879992274
634.9196641073443
646.4120152091941
936.884534260094
1518.0519010408848
66.09797808580696
2167.127141957466
241.38029471662782
318.5203903909107
306.71305158503577
557.5941796774822
1266.239134150078
336.43140793625207
269.8709402998678
5553.62406294908
1012.0762906989742
615.4308561301968
642.0334551536544
445.81559833750157
600.0344977884818
1989.1817307002814
261.82482472587645
810.9974887942634
2347.0366361064835
602.4801426049111
426.79782399522276
514.6394240701479
2427.398707924294
591.4870445633813
1019.3587103575074
133.94596478131115
123.67782409289892
439.74996925031604
615.0628249885355
382.37384220996535
1173.2871538367192
668.0532374855642
425.5215208496372
100.82796449352766
84.18012912337579
252.0386522280568
269.5642753584249
433.31963337902727
232.0801657842191
551.7379594893094
293.6038875690918
565.1605229820286
760.0805667951607
256.79265110873627
705.7888626449784
24.26523506764936
395.19962934157826
1610.329907979574
4.218868261867256
20.263553713024464
253.9048965541041
298.99420207696636
205.39855184747387
219.11532342691444
302.3035852341922
8.287612690181984
446.89034644926824
1235.7518680796527
144.6261071283301
453.4695831616465
61.21698146356715
267.25496871586955
617.4648293277995
26.81121161556243
218.70522839409125
394.32617128707653
297.52293684684804
255.80950678655967
262.0791740147557
123.24997888929573
1215.3197267163002
410.7636705827273
334.1368781618578
1148.5922813089448
1106.7361700007127
230.89079234462824
776.7285636470123
985.1506232959968
704.263687977936
418.49930905094294
199.70768247446208
333.2355843392984
1249.6092872896752
203.54112108642843
930.2827670842229
7.906086679081318
178.20275357157473
256.5952216229593
532.5532212033924
43.072442702191246
205.1604176008844
254.6189105155368
622.7873524060019
292.73128267838257
528.5624384978406
348.494269447711
783.9294315216347
528.2736343240639
1740.030430773046
470.00237159025136
821.5536796326164
16.8436121132391
15.011055694518033
40.65730987371404
65.02788307659297
44.3211289758245
20.63850741796245
240.6542924718411
865.5326172130684
477.75508700428037
1716.8384686294899
438.0535629475741
591.2629979442303
199.27630456673344
939.5300349423227
69.28622959518043
79.02094607629164
1063.7268991333742
29.187364422096852
311.79191349763164
370.073281199721
235.5020152066712
332.21951749713025
368.11923757581803
83.61611104814979
28.7546918235443
100.20644493829329
204.0017673327657
193.62737114584644
54.023022197911686
58.1718997916236
704.2702527384541
2889.1371179574962
440.3600888493142
901.2186512940158
952.6783851259844
2125.8187494739386
348.70072827601626
32.33653799034136
5.532497385072922
26.738517557323924
3153.613242801219
232.78599601358258
903.4921370517817
888.1491401160176
1119.644262466052
995.5244959801647
134.98225462168432
230.6110412546553
48.519623045438465
15.173129769691435
5.293870166372582
31.990350065864455
2.758486359521174
110.52916197953822
187.91244573973867
176.2055139940898
26.22762882970059
156.6077862265577
178.38645457332686
864.6819212445298
518.7116505777268
390.9077358815482
31.967668758855996
36.47774594133346
48.55957820994297
4677.903637439283
151.1869119661272
585.4754332317141
108.2032469241791
55.01803440147781
161.18535763412976
6.076076222990102
21.280072761542897
10.24533914575
15.446512484744428
14.98777901225029
116.40535331473652
253.87389808987237
4217.681921041922
146.78519851133586
169.1268300288495
1200.2019757958863
316.73637402139053
672.0971118653124
187.42913304663023
86.58828111772213
1522.1044867365817
258.942857274683
679.4513418040153
881.3487234052855
2659.0877880897133
2879.388656204588
1681.391735773305
691.3789827354908
1418.4845390214464
2494.6908910650136
214.36186061419312
478.0895266764332
575.4193999627863
251.32102377772154
1043.442813720599
434.2226374024991
545.3207880288697
561.0218973651705
148.54781275777842
190.5406843477395
25.347362634479516
178.19139636088934
486.16328852619176
363.3160744162814
64.69923123378388
84.78529768315474
96.05524708389287
41.08719352696379
37.39155592114906
16.40629724257925
8.411418201915843
687.6970134869814
573.6538218618693
702.8025956643803
479.3343381399815
24.448517630490397
1530.5184577526109
678.5190487155095
548.5604782770263
393.00987432100504
274.370271329608
273.7659120550528
3448.5470166142454
528.1365247938021
692.8270025662029
367.8990314064513
300.45286002520714
454.43153298703135
30.466356885497557
147.47844528594297
104.44692831443031
97.76473211547066
443.9033039592584
237.1306385599429
752.4470116789264
75.53960642779055
70.04386161929555
93.35425557018111
99.00562492043319
112.34540840447343
1105.0866316990384
984.7387697498233
50.672391655194566
85.30933432880107
469.0786930486528
50.14231211758026
96.43800369246249
80.48706675357566
97.21491546613608
1771.3999591351542
94.46510415929731
128.62409881820471
83.36367234692909
594.6890927026602
96.53063733571949
155.12834295581646
197.96193136165127
309.1670150685407
201.67799685537372
118.95997206853924
100.20685510965481
61.27207724615656
3880.7194493749857
210.20837910711904
223.826237334749
94.90431261556337
63.88343571658378
28.424887552846847
79.51371997552394
187.84069624941574
176.42837316072118
2108.4466848579623
328.77234149760676
219.2558255188971
3.7526682586113047
340.0451623093118
237.76339010152475
138.4014383074636
306.9928308405024
405.91688405707396
943.0322701763906
62.875008019175674
204.41584588932744
285.3304492895541
210.99110222650236
305.9603261662008
4.802866716846551
67.42598122408573
176.87060723187395
318.3296438092771
162.0649954117615
193.84248747064328
83.3898584017812
9.66117191653873
335.22762292785904
195.36317533383667
98.01515737528482
106.85544541419515
466.0300396005396
2283.6414168379456
748.971252542568
289.9118828512781
1906.177990318969
579.647470660453
166.77890104855928
145.16561968510987
974.7720210353872
958.3790681912741
119.6872896064872
373.4639592968086
105.56166004748174
497.292174640707
796.3239244395597
364.8747766766459
218.66675889129849
189.70743528943163
435.9798486973224
197.91018655719722
100.95799777325466
1712.1685267367766
85.25216543962847
456.2133075773076
302.164654338933
918.9277982358369
254.3581043044233
213.0983345434539
304.6799257763253
317.0061863076333
324.9057859846344
224.42503906826215
7.906086679081318
273.16905262665404
389.9199010011208
760.394570206615
167.14795038463157
354.7009956481744
111.28978399136214
372.6382797845923
101.65959066690436
128.99888854531997
389.0939411225039
1164.6661582160273
317.91384775865913
294.17455591795334
909.3984184278773
841.2216645046091
64.34918998816245
523.4731477375981
3490.5070376735252
887.6022186093313
797.0555638613642
654.8926358766153
103.00528954787275
1879.3876340722566
874.03308811134
84.72433946998989
2755.914282433247
994.4594367196426
2711.23733816614
618.0747697759249
339.6604655557164
565.2372714576904
699.1720206521261
1366.3160917586576
199.02664154395248
211.90882922723975
62.31369023953928
1760.9892487748484
289.2482065225302
455.22745401204065
575.1679443384584
1319.894530301627
697.9168168936352
598.9315832634219
534.2460771296799
789.6636499137351
1278.7094439112116
2373.0668743497413
160.39896031901628
68.64096916853902
863.941950718849
690.6374551429752
229.44216651007488
299.5825883208085
945.3262490422375
656.6465234211568
433.4769895216461
143.60643008943856
66.5018398404564
211.97891716629186
977.5036855518904
5.263510319717567
724.7285720349142
404.0615623988151
1992.4930131945587
3331.633988415845
3285.075841045131
412.76280934359306
785.2419019000508
1017.0309106981973
424.7780253010745
523.4626054302664
144.3510263931707
294.5986932571626
384.7659784088545
31.669679178967925
10.732919568816252
169.7682853605259
325.2875630581799
439.2342919848189
495.1382543217712
98.16567628249707
796.5883035184364
565.2780944649548
309.27437650208503
1444.8292523289979
736.2774064324346
702.2905591413518
98.16567628249702
963.9992297266582
1109.2007174589446
472.13923467715296
389.7080317429583
380.25883566371874
98.16567628249702
319.1371967332836
594.0519199631055
276.08882752905987
464.74745853961457
672.0800699190183
350.36647972842565
1368.938883557136
216.6876530325697
1220.240952825961
1166.4822537739237
217.5563067852462
391.1540929285654
133.1495608448786
1430.098789741928
386.28725878840845
1139.2279530374963
1365.1554523358473
726.1507605585448
1431.653343339579
1550.4176440437357
624.254678777678
6.329277801310944
706.4172154682491
22.633604190702222
843.6354896602973
55.51274211954186
194.10778224023667
159.9456895507727
241.1334189196445
44.870771217708224
482.6997893432511
106.20538407823453
184.71033274468704
297.8191577397574
254.42706585303634
45.86159868498106
10.249315080402981
175.6780422023051
524.422466787756
866.879784221061
419.96988736191355
1419.993473547236
478.04805964334486
720.7165549549973
1112.6066569955453
1002.063225358179
564.3050892979438
611.921825257323
312.2650430970177
136.38819627718695
1266.8958178190503
133.30669018694792
240.49313183560128
163.6276442147346
748.3545706766718
324.78385931671824
373.7888252490392
368.02323350005975
409.2572067576073
6.329277801310944
332.9373989401929
419.5504562801481
253.8366246183053
559.5574325062428
6.988097336758016
120.13759651505895
253.9852495035269
4.783344750840012
526.4889093519154
352.64728271522944
297.96777872253267
465.4062476794657
233.64020536296223
68.13207404097405
119.87136102777424
30.833699928599632
82.36221138414557
107.51554988704207
588.8150440322243
82.0993221566619
81.10600152594586
110.49203889376962
125.26132841520592
185.57955838478406
75.80440612941497
80.03849093306016
40.54610788870732
23.575728342595003
85.58730015746815
171.77404654277473
98.99363628243009
148.16667391189523
25.980342826998612
273.4461538016707
162.46427014041055
195.10445441061026
162.90556868166874
190.64917282061438
67.82231136165187
185.43927471137405
137.3642093300733
336.3860372491177
48.819980624856605
287.8683453865539
199.56021487508508
78.28830914241931
51.60714973813047
96.49702267289868
262.8770731377903
57.03176446731668
163.77339102332314
193.396319068754
214.2501806769593
65.7779315254591
443.80464268398333
177.64393280216132
71.21774477291316
103.17376477025722
171.81426252205353
153.08449643383062
101.69893846195133
78.76544056219872
62.238041616828006
53.891132883929416
154.90796105648565
404.1210547506341
69.69211902711538
56.87007574340418
137.22374287779363
370.30983634802885
111.09488931410952
222.6043692127133
431.0620535985569
275.2607321504869
554.852972717622
33.78000988763305
90.3238191921725
59.35691664631811
470.0039659489213
125.21191180520714
231.17844824323595
124.9671182087827
82.8625956917613
28.16032191713808
1302.6478614635537
1600.8229018453692
594.1512124698971
169.6111300927561
387.8900885522692
382.20749175000816
348.83867508325955
976.743335796229
1489.9418648705853
237.90558003283977
150.69338493800328
519.2069725908456
276.43468441086225
646.8424438622657
1214.809708940391
1814.7352651956207
308.51562650023027
910.3751988316429
1650.8739281724058
354.21637365039675
1257.4919307371945
468.8998867858584
582.6037889499505
71.13096692876618
482.3674538031419
640.9096574726179
264.68685775210554
188.19847618868033
1930.4141198171694
335.27006946411984
414.8632075069703
140.54994141679137
449.6419990277051
481.89517356592916
324.6156204570103
147.42504330797573
590.1301655495375
105.6620873277931
946.8616003510034
248.71282232575717
621.3504653240925
26.81121161556243
485.78225846353394
371.06680129912417
2434.768265259304
396.15659895905026
221.9763181677491
341.45109287394376
390.57750120622467
640.2236502696611
437.7500775587912
1210.8732184107873
245.0359711719695
632.1430252990151
98.47665626002643
443.3376437179981
544.7245542943979
676.848625101146
685.301064534904
507.39549834774726
1354.9614600287648
517.0578767703828
595.5536042294314
843.2277655850041
370.7359736788217
532.3688645851657
790.5352281384036
828.0749264222986
524.6946208466545
519.4861761214958
26.81121161556243
428.7018185009241
143.80716634805006
171.29277834152467
249.88775270368092
400.48575605801244
496.9110512139348
18.482315474527553
161.3760359964996
485.0519757293369
194.92094247340108
582.1037679015176
954.7661196004534
1371.9802558897861
48.59758874876092
191.86485529280262
433.7039899030286
1475.1237108660064
1165.724391844904
887.1236469317882
1356.8326709238822
3043.443840534996
1954.7039844963456
2972.238910915736
240.95739810294745
339.3358648935679
483.4480071941748
105.70797762282915
765.9644064163455
794.6650925614963
653.7153186138783
1146.6667858009798
2046.0615116387698
1388.333717073222
3566.2166801627304
2173.164925916994
2765.2609084599617
525.0044305370534
678.5517908043819
1913.4489565070571
1061.0277842740636
522.2814636246425
2465.2049962004276
481.647772762584
1195.6425017032102
362.35196651100983
113.53519130896184
322.6520298751106
449.744138844118
743.6830810892588
926.3318067742025
239.4317829400816
873.2776499595403
586.5023861332262
1631.5074360628064
1709.4943120640746
1498.7840265991704
1358.7904473973042
1105.0520076092757
1779.835206107794
169.2762336426945
6.925828549091029
21.830966780298127
4.287511301044137
31.209801234279713
20.255562080338823
97.2440246940288
18.84444947013916
30.759807357231395
26.16620641392832
15.455451339167848
13.22181236864685
14.065561894974037
7.138290769433961
20.642105981552753
313.38008115645965
6.329277801310944
35.6181857098388
4.287511301044137
21.48853916946218
38.51158669337473
167.06067610812548
20.259022862839032
68.03536420937922
137.80596664741367
27.530784391648137
21.905307650871205
15.749455169056416
12.099886126193482
34.45722019113813
23.576038429356906
52.274721018694564
517.299677204241
839.3519257638972
47.80370451906617
713.918471069418
520.1992403649047
663.3082627458214
9.230943397220742
492.5935408667154
414.27897941335135
960.6550459481639
259.2600975255216
476.89752345100294
130.2902021914965
9.160648843409199
1007.3829329255831
350.0489242020975
597.7398871356162
218.8876215101716
1651.0140212161064
208.05131589245372
451.3340011422258
88.86603412839428
65.5655807991351
116.73236551923948
24.786774699416878
5.532497385072922
75.34458616817876
7.906086679081318
174.3113280530966
131.54705830362937
5.626347501807663
130.64905502045175
173.35122292776293
23.22845525008579
76.28441787543373
62.04613857281224
87.58558654947657
71.54902751900862
57.707485615962156
126.47192972019361
83.59145791268783
49.46371264631945
64.73437733517164
26.238085659708837
80.30195023986835
204.5223994682625
2465.74389492777
156.1331782428365
354.6629658527933
67.63646717619852
136.30903501754483
79.15839456632058
105.66221085025288
605.0021357308798
1326.3980732645844
1040.778983308646
248.3335755708732
182.0736734506254
88.48875463938627
60.94974593245218
245.08655479659632
112.95742593885015
13.155800993349144
28.294509654927733
471.03843933486394
77.53462592563754
365.0592410549045
128.59228363443873
138.68936374283481
674.9760884216524
322.63024929714015
130.53773661356234
169.6103338866223
533.4856749824886
1416.2199635130178
103.22520995183716
113.51831253594482
51.20266169260098
99.45679878584058
616.688582979865
70.44662002404627
467.8809562766432
45.63055694533385
95.59634093867955
107.26860477309434
447.25301837875116
65.73782214008497
17.745513790324292
547.6606687962313
443.61648369508856
561.5148350569705
397.3851639927857
434.1799752419856
263.5572001044666
385.68776349314675
6.329277801310944
123.17316735345402
584.9137107266223
507.45573298467394
444.7174882248666
550.7055969531783
269.3318926267772
93.84653158533364
347.6026579424261
104.76447376833363
249.36067819616463
352.1569673198948
176.8845202751052
296.7561481222016
243.7084871016444
38.675466145565224
66.85472143006218
102.67196294212673
281.5121491048
4.78334475084001
763.4578695257518
5.4570111984129435
300.72214411079085
262.00656298095333
977.1704028865734
271.99276153502836
816.5573150474644
241.61830515962902
876.9559436113788
53.52161170339995
125.85679395855027
6.384325546592509
287.571729226687
1120.329353475303
2295.3051431357594
1128.121001093258
602.2914879809541
36.90947821865645
1774.1640488483442
1845.626029918478
896.3754415334447
458.7646117465318
484.2866560314245
1688.5697220881264
133.67123204450667
535.1096024749951
2435.745955921685
135.90173483995056
268.1879474998378
569.4163061549291
86.73862544936433
152.954916317907
123.1962764649828
107.21665192328567
156.22269539772148
119.67590841210959
26.38569486258267
50.19571769890665
241.7148551038814
1520.7135535497466
41.641318817958584
98.64153182415396
483.57827518459254
102.85377243567272
1776.1517374431505
333.74786151905624
96.14036640799605
55.910419251233954
222.2447325118805
171.04361046232978
270.9361475726068
192.1493781717891
252.60730923111743
7.906086679081318
450.87259290914744
55.714601790665654
474.5253048500465
395.1513762055558
30.971113535727575
77.48807871272022
136.10123957355475
148.59014626124915
402.7903051803381
913.3797494157204
447.85139018341386
308.2256818539125
791.0680793498686
141.56435571993515
309.6493119320793
6.329277801310944
363.18730073478355
1073.0402854266645
93.66910012038883
57.1370256294165
439.2868083090564
298.577010757297
657.577165274974
1884.645938114464
46.24199253613428
292.11065566927994
852.519104314862
473.38164687426604
251.51235744019758
593.6923675038967
1566.488537887471
1578.8382780142804
1013.9143018877752
225.67785851476057
253.1457291775467
689.0940254564823
691.6295763392717
506.89541233702914
453.10878600749544
224.39596416438437
79.590838059018
145.06222415588553
113.81379650366354
396.2476323988926
578.657561888462
516.3520111907719
26.362449020963318
1184.7468094804763
954.9013672105568
879.3321822796707
688.7751713596872
6.329277801310944
42.99273586648403
9.112558790508245
453.8243209957115
1049.591816368546
425.6216108404128
252.4339339352431
1209.0120968137865
403.4494886575281
950.3909652522156
1304.293734516031
45.395279406167745
1338.0809417567984
40.359907385499646
423.6519613748975
703.0641172425419
460.05826170944783
245.02573684890754
451.00659214829807
647.3227180051204
399.39381234844365
374.0037625587073
76.80654805277429
274.86631391715326
2108.30573790308
87.94374839449122
146.42302242590324
339.30973809157086
1821.9727172906619
196.24349417675623
452.55045308670464
833.364347857842
89.71183791022727
377.61872464800774
206.83667514151497
25.341405090610557
5.532497385072922
79.22787477400023
21.567988792312743
113.21666804567639
327.6677772718735
152.0547529290601
1259.1626583716375
109.25591987581262
1834.9422653851336
460.32321549510465
932.8596229802079
566.2846581389632
303.537794396744
389.1460139390334
477.50428159633447
613.3918340300537
440.54212224191855
1575.2001215547104
380.4460301887564
490.4585324830794
1420.5213736105934
191.04139285879302
186.5454464845424
878.7954135536849
389.84860139997
101.9015725010741
107.82051730138552
605.5455108774399
1380.107124814269
2133.780377328637
1671.1073925194316
62.44996287439333
93.67482927603989
374.5254574531833
150.6302372411294
40.52405661309006
586.5350245703693
1267.3356995983631
421.281574577338
211.1275040741297
345.5170836809284
102.59363779562989
82.699738614563
178.2736623928807
181.2897039376693
86.4187660136935
219.11549613007207
78.20526999946054
220.46614386340437
420.15902071908744
582.1174107961353
128.99109767546668
118.26457453290043
68.25189493796245
184.64280230238077
200.82846594444723
401.88151643015755
98.18796183098111
10.378446391038644
2264.8100042387177
543.4750740381073
646.0413487102107
121.15315301857973
186.87506654949712
27.36332486134385
40.329801106207945
85.34764995237657
112.61028594916868
7.231794328681815
1496.4012921448202
60.916239095503016
789.3802072288171
147.80458737117064
778.0705771791203
277.128036054838
450.3399255677982
51.047753236911504
16.016337728399655
152.50215737318084
109.22727086993194
88.07561070832752
76.09191207495265
135.48577398248256
407.2570985887013
1138.1531590856116
2042.7064522028177
771.264689084051
2455.761493697121
857.0054240036997
551.5172465750223
197.40283793011966
107.11909433265207
177.77976675881322
834.9737701802916
358.8584777640208
1531.7992034925333
152.09741347044283
77.76584493200762
110.53498442940129
233.8754195573015
210.39510561952468
257.518185372909
681.8853455655889
1009.5305103049161
1619.3004047967015
421.9096854116342
255.17313754336072
374.0915285423738
331.3583317824875
560.4677633632127
708.1069237853346
307.64829441046203
967.1270895805783
1040.8657261807107
457.16062935939175
1734.874249448821
26.81121161556243
330.2810043155523
940.9029583681591
643.6984409100162
954.7952948729194
387.5685622892422
1164.1494976579954
2574.4104474489354
1559.4169230736713
469.5030639451036
2360.500629224989
3934.1535088907103
1120.6450085636511
249.65147678583395
486.217477921504
423.4507519046103
956.3974175540001
3059.9235344651856
558.6068123605936
965.0839911535463
721.5680920981326
587.7585863096331
345.6627340538333
182.2335123818866
665.9486683700724
248.07271004806873
749.8219394998904
135.94698015336948
459.6651423475996
286.99440511410654
270.5174033806096
968.8901095247456
538.9223066258835
445.60608249038825
468.0876240484477
490.818890252452
192.49746496959864
198.29771440993687
741.4235647191912
678.8198164492243
1173.639385947972
834.251679043729
1242.1209522709646
1506.5263538326622
1640.8174805050114
65.046239461802
822.8212811085327
252.67661480527187
1126.0465277671694
1373.550899896022
941.9330262166386
1574.129591132078
2461.4434431346335
649.5309786131234
144.16357429774322
114.74773021891177
61.27062691314283
2035.76898665494
97.80474489218501
711.0348562232807
265.8156222395011
270.639221977363
81.46530926276345
78.25579850857744
60.7118870691392
740.1842565173907
441.3507970927409
458.62801066337846
683.1880615473815
272.29899806439784
1051.4975812739217
745.0606403013469
114.2460521171026
120.30007400870855
56.17646878855119
378.10483100014307
1487.0988878929911
763.1364674622791
337.68442756304364
245.60964668292107
388.0952620388439
1136.996660368292
562.6426811123359
5144.005507154935
264.93891551810225
1000.3486879124222
772.4887343356759
530.0792684998074
165.9438360450802
66.95362196698704
538.9035861265916
335.68266287394704
438.04449380785525
1886.1302388780164
209.95810477773998
941.0134420948484
181.2466893745261
272.22732890183
848.6612394047786
940.5755181969481
569.7465736068337
424.8082584566268
526.1380870254127
37.37730260342401
1498.4003270832143
4.958485242942321
102.6615860049547
747.9433699097076
718.435032421547
1956.8273803883899
3087.5838861663497
60.33417758830857
165.0486652996507
203.31612391302366
688.6124685929909
291.7204758653038
2071.0212182881314
210.33852547033555
535.575446903575
841.7582055116472
363.6263556050403
170.67483360586328
187.65805068313313
8.693598049679471
79.77979936244103
28.11707591707529
236.4259374359038
3708.7424878248985
281.1067954721156
565.930495378587
102.98903622736962
866.609826429167
342.8652597409556
609.973733044189
522.5630484135005
609.3731483508687
382.90092211514485
675.2865578441996
608.6676091751543
33.13904381903192
780.9608463909152
183.24888785868984
382.74892764244373
763.7253566787283
1280.3190687010595
3384.4656354488634
1897.0138275442714
761.1006159321213
25.341405090610557
5.532497385072922
69.0542036671984
23.90629374607886
337.12551335235315
19.124189749168178
175.34899939985533
20.77342240664017
23.37324785015431
11.140637366572978
275.89148301969954
68.11308616412755
987.7199038509722
333.1351768525901
459.82476752428255
63.70663001590547
243.540305690892
732.7000387383439
1131.738983318178
919.1618455456436
664.7683577809294
911.4873332121973
509.6716414750573
551.2714429450541
167.17827572136648
138.57845416659814
165.50435068361156
81.48979178822299
331.48261209215707
302.03581958419676
244.44026313296433
194.41892315154666
105.27232460338867
250.3358800436824
291.1547897602766
58.443810596886955
167.7235950490685
83.16506092492142
340.72905590811985
410.7940198855708
176.5087403208808
20.75262720358493
91.87429218067948
38.38520435364799
1314.1035664274702
642.5183972905585
535.2341987559548
179.02696947159365
15.06739993087473
36.81275709431473
104.30984862226565
151.85132727315846
48.94676261733455
60.78639213416152
69.60514053011065
1698.2237401375448
3579.9503277223275
1745.7923914177295
423.69777291117754
265.6683050675662
11.140637366572978
6.329277801310944
1977.0625985070626
696.0287971354747
23.174991099758905
140.32423577234843
371.1039057711334
275.10879070683393
601.7493130453415
199.78478228738643
185.37561664321655
497.14842252596634
303.08012227385996
979.828874663528
239.0921636654549
695.1203528353523
877.9486059076371
176.14156311826326
364.1772308775342
174.73533245322903
138.93287854445398
110.16014420360173
551.8380217875954
268.4637893594308
922.2868245947612
2663.76182738388
673.6376543236809
5348.5422870973
2454.1902007012163
1091.3414037775588
178.34159734753004
153.59000701737008
1172.981700742092
122.51109822480917
1755.7610221010932
631.0271397798359
278.081798072925
561.8249820006203
477.79835877927053
497.36439124254133
135.24835607749176
771.8327291728447
743.5678580882442
497.36439124254133
584.9398270911068
1398.2169355058768
218.13472575006725
919.2312429604162
771.8327291728447
853.9888119564504
497.36439124254133
919.2312429604162
562.4187624835985
200.9514178072312
60.802783466702735
152.5882662440293
320.36662366877715
258.29147689201415
211.68614750515283
40.173773288555736
749.3746534439372
553.2404441690489
2904.111695516109
777.2068953382856
2623.6347630707673
2141.8333827661936
609.6476141913612
806.874760518422
626.9930991371308
975.0576666791405
604.4912395775305
953.9665778724554
822.3478470591475
957.8034987071828
3.3353151867770254
575.0643062518521
671.907354731988
232.12179291155766
438.73218053706415
74.02981605044553
752.5452136014302
294.00163924380234
601.0387015761096
1476.9103099421527
443.4086221500442
669.9857431696868
231.17487816495958
348.869598282798
171.59569284446107
1763.47015714678
442.56138625613687
450.0270163669807
577.8083646379285
500.5459444518619
620.00597193446
380.5131899518607
187.32471442691718
332.99677387920525
294.0539164657957
438.0484711130743
2802.544878869724
898.0502873330845
299.34143738849843
94.02919448770282
392.4310226399761
244.71767914461842
1733.0854700828108
2802.946653102277
901.6893943893589
881.5347812338932
7.906086679081318
262.05876567451344
77.05457521673728
265.9161526304139
1518.8174883648835
190.295771474391
143.92576513665065
177.73423960232645
2328.5003938563577
122.11796511623307
225.5105758250007
1372.9764883004846
288.63726747517603
153.17128687486655
257.4165535001514
1552.1474620899717
1808.7427325007577
9.112558790508245
577.6376307788781
387.4534114015025
523.05014577777
285.53889314295225
547.749040645649
744.7018708359655
1172.653780026874
7.906086679081318
124.21936288247805
76.3257602299739
25.74576505262189
5.532497385072922
32.38212812527855
25.409076538785662
535.3742693653766
748.2685421232713
318.31633074021426
228.21823141549714
214.08013064520023
364.8400968242549
416.69528451480096
821.0722550338252
275.5870555827022
2028.7764714285468
246.34513973684778
1333.1235611324366
584.218779030452
653.780409024676
91.35789770236255
623.769692660148
595.9631254607643
316.55290077868125
729.0102518233035
618.1125090019804
1144.488777024413
150.18848852793684
933.7602016625144
9.230943397220742
963.7746646362273
1302.5722473978406
1125.7797100834389
893.9732952716062
660.5260322272459
439.8455978512108
855.7078332964138
170.9766302688577
1784.8338682571705
1340.8544337776134
1344.2869922113005
865.4522728277889
2081.5278824940588
4348.226344065085
109.22021901666835
443.9541017296752
101.78785596063597
114.81998475378126
393.31622779471473
145.92919805016678
384.31122533764847
133.85760786975538
191.4844363524343
343.1271092541553
65.51766438697672
77.24920703084616
193.24820887327735
161.87638412087725
204.58109697309948
224.07048072547684
61.27308154443611
133.68171953598355
3027.189304602659
354.8883503698519
225.58966118857794
125.18145231264273
39.36700443360352
424.62168546915865
7.906086679081318
917.6098818572166
4.149699212846941
420.3576896097501
2529.011325727578
57.36414536604976
118.21421688955874
244.1916778261466
327.1707008506674
323.82693758413143
52.42986123903656
100.00577051060596
79.14479155716444
241.53920036190863
203.06168773962526
43.49802611908868
291.25329719464634
259.89654824686266
2814.8009523915434
485.3097336801053
219.05740504208015
162.2841829271331
3554.940401674401
558.2561806917286
456.1727673575484
108.55756361224131
859.2195643159358
293.41714358124955
439.14818364887907
1654.371899071541
757.5362512666892
36.90947821865645
591.478190296361
224.15412902148802
117.19901149688444
582.4169692315987
327.16818236466116
317.1933027681859
219.02441306568824
3.7526682586113047
232.10242644514855
1093.2588041527677
896.2814363026159
700.5020126466227
3233.2646977989916
238.32895449826262
159.2003153726075
216.5183625784696
95.64530871613226
46.053858836453216
285.7838648121806
94.3880616827094
211.99585524679358
517.4777322950769
69.47860364248967
688.9222326460118
683.0217634096172
492.45308059680167
768.0556467281091
1119.0080011948683
241.2832146224278
35.16990969524118
103.10215747965601
97.74257824577387
112.30618580072621
366.7394848979545
1654.4937353010835
266.23837332219176
283.2245583713035
842.2096838843979
1201.2816945306117
1016.2883675205213
361.7088576853464
773.4515195100647
555.031509138251
680.6094113466114
1319.659403068356
1773.9410250770813
1178.288977063021
1188.3527371696862
2774.665110866643
334.0342548570705
1153.2265768406783
911.7790047281794
751.9877124219521
48.44292830178005
257.9952024126047
607.8831939425262
90.51165350841706
570.6628162207055
3141.004702410519
2061.2417612593445
334.00536097545404
394.59299581265293
702.5871195869064
762.2941588620868
1210.1617224577096
1567.1730927962203
1895.9682839046973
381.0455734519697
603.7803064015279
80.07287918850494
275.03966682217117
422.8408989264243
1213.0874628211534
1209.1158632589718
1791.3176471405525
1065.599875999173
251.4321664435223
799.4214229759123
557.6003390925819
201.0832778444123
685.583211789943
834.454113351626
1945.146159418219
1864.0425609799295
1223.6356759324597
1744.1883074754394
1190.7116909721406
1710.6475404965518
385.55173575919275
996.8803341935437
1088.2641315503413
2164.50645412498
1682.7516630881942
1983.6987503442267
1439.7625358529149
118.74242519720863
268.0993415794468
412.68651739063216
726.7113166604001
324.67043411901545
532.7993849518881
124.14644455809002
533.7331153016805
23.459960076029837
285.3927541315002
696.6470117045237
37.82859902854755
771.8327291728447
71.90163612585864
249.5376494652792
1977.0103881642547
790.5320754681924
894.0714209311249
451.2718460873242
1918.161143244879
536.9364294562625
865.1452247723927
2735.60140601051
852.4088480778502
424.8059071190943
917.0490586771557
618.3330568138824
1993.4015147035761
1238.5992999890448
2392.33560765826
1763.2738795912742
782.9254658629383
983.96565605892
trigram,回退平滑 平均困惑度：309.7379404430877