35970.011565868524
18765.45803253131
37863.77149135386
25402.293995346317
35949.82891417432
2549.0310241601915
38362.389843752935
13743.026270787597
27962.293915199854
28627.229158737588
26077.004893705704
26895.049407528073
34261.77450364053
23637.452423144907
22858.132202528766
36461.39033623128
23575.53094672198
31489.507623204343
24028.578849020418
38864.740663665805
23848.895604621193
29674.18835502649
19752.21996353378
20488.00745086474
15325.532936569565
26393.241853328636
6238.634740187798
7242.105177561365
10174.021027425266
32485.22892448616
28216.44597048
17731.91421277715
17768.78838427319
26300.51650301252
22554.0897464331
22621.03761884587
26597.297492685415
19895.30713879288
33742.40055086872
17242.393557036365
32154.083054672417
23289.15213906719
13777.281193047495
14104.073264151348
31226.300044695672
20432.782768646524
11468.666265249714
25072.972319092114
21967.26306323932
20167.85981444606
10090.367963690249
24498.190579509508
23805.21800982351
20456.752108642824
15143.01459189343
26685.996306688965
37106.80148853951
24125.94967121647
39726.48896308664
37396.187450659134
22477.344817424695
44802.23934398672
9628.738135349395
29982.518175798778
25998.626423027257
16285.782220249448
29187.715811046124
31715.81420961158
26366.35919017497
24659.9039530431
30703.215616248257
24200.788073438864
30161.892591646752
19639.602038486017
14764.421329910801
28904.028575115804
24046.865532245192
29481.271939554776
35968.701664159846
20732.79676666666
24237.632224023164
32874.5294179389
36418.43683842631
32660.665547439326
29627.147268475095
42413.74958939008
35096.12047822703
40357.69498738874
34337.82732881135
24528.01346348877
36843.58514599435
32380.520493875272
28261.50818486067
22331.99940129699
26119.377790086703
25433.506112251565
31210.58892129886
29753.85582100475
21604.60647792337
13517.400114838872
28549.61778170165
4279.7659184347585
2434.7748295528554
23057.560137465523
20542.882573970066
37616.60749724569
36081.52080658668
38760.95700136682
35100.12702555376
43234.01568042296
34799.82130565139
33766.220499153824
30035.07945463875
39835.6001094678
41390.93873299957
53251.6038938801
344.29734141127216
17919.3904628171
27365.79694868968
30658.837796345513
44809.461980698354
37142.580622839814
30095.121348344728
22770.449580781664
40052.197801334965
26771.174100686876
31612.917546731387
38541.65273180608
8465.606788103842
33899.48722218106
29670.164742172656
33251.25673613778
38270.20291631492
40235.99228111964
38182.46217416483
37629.88712546181
27028.665546992837
36691.40207018188
26217.90458651539
11366.16865138834
20388.383098978957
17679.287241573864
20441.508782950154
33228.44778870468
37848.396310297896
41303.908668447584
33255.59873977895
37311.604552556004
34158.39773570546
17945.449388352423
14256.88052011944
41379.0359114223
42874.75743726915
36673.893449633404
35889.8112734406
38981.585262500266
35217.84841326738
34664.82919180829
28312.00984800638
42392.88000920985
25653.160847072195
41443.61655021962
54092.8096353344
39581.75548768141
53810.06796683417
42756.53768371445
41008.48775691232
33882.1653005269
35460.362481810625
41425.69204703059
11961.454374879824
15663.216098965479
31276.647868706405
41424.177450999035
42498.490104124256
54531.07013161794
46207.79590994299
53479.01592151469
31002.784525292995
33483.56490171207
31108.644495120512
36139.68435501828
37434.84722948357
44594.503876828254
39575.08011072054
41564.14664116276
39535.10258053746
40231.4206533838
43676.65007246931
35498.12205919578
38374.71384687585
22781.191200642228
39236.69512536472
55072.84550479413
58506.25041412442
30862.11282503289
23868.73877562861
21760.383963172157
7913.702570280263
42502.43986467684
42468.40641172324
35167.126788819
36285.49089335649
41393.79695168879
50056.43696170076
36911.48636422471
37043.63952125278
34787.51835769715
27337.48291724303
41546.37201455042
30435.291407617773
38802.8573935964
29216.083548670184
20035.264484363815
12357.548010153265
4765.621943430031
6822.296426017901
15343.672027483648
3793.965154660795
15243.924351076874
5267.231977349313
54519.27682447168
44791.16818330322
27631.857474111508
40180.51899706565
55816.76083179455
23359.768346039407
16880.15367978533
22680.68926357582
29571.05193570912
840.9323816282985
19165.557401231763
30696.345442000522
24725.92285810228
23222.76068085408
26379.605463687323
30358.122473305528
25298.65612528517
17751.85994523307
29368.23934609542
24900.95585464574
53003.66821771095
1465.593296817337
28128.620425587756
29597.111280519148
32976.78631990097
36370.99492513941
33028.66222401296
17954.52161741079
16361.357730312106
31018.76163225034
30335.923519908738
15368.310851321856
32262.59857741639
31911.823454866546
11187.769990946406
25098.82440635791
16388.682914600166
7931.459008421442
10415.840997038313
8702.120655844186
30235.65181632626
13230.009308991775
27703.246927628803
16401.619925270705
46477.372865246594
10368.14505610203
32682.676137150447
36249.79612782428
37300.92264341777
35785.02515894845
12614.953428760935
32789.60460536724
25845.391936597534
472.52298328628694
19501.649693339128
18582.1549368573
13026.673921960804
23538.887713814758
17307.181721446697
9241.642989814038
21983.308374227978
31164.71910819654
12439.665008717655
32484.749367322034
20087.406231319175
25160.71427295909
17775.113214505604
29073.457167745903
53479.78141794652
31332.88844315211
44609.184279318586
26671.79754261136
31294.875677089505
18453.786607390637
539.3222290996497
13453.317764967678
23063.61195109249
26642.531378305725
29332.580981273386
31374.31876358303
32248.928475944896
36343.432071072726
48161.765209496225
25339.902466510506
32204.843936925863
37123.41980819849
1673.6342547043325
29702.47601745743
21772.616552121537
35434.88594581437
30521.028469363086
38570.45626912705
16099.848469364993
18742.19818112897
35493.500169971405
28044.8446293431
41013.739897027284
30345.940492438687
31440.83765319623
34711.23747902293
36403.13154177009
23933.073464333043
28802.757696352684
35579.450675420354
29294.373170355026
28633.06966589394
32461.75720246106
29741.024255997203
32707.062052279325
36019.63004044811
42246.21361333108
47983.6874149014
31213.597684493303
27493.84305692423
21978.049353739283
20790.991795912592
28272.864871413632
28788.61641315027
21191.277196373012
29546.08974547707
6333.443778619931
31997.035346655954
24604.25376079347
39198.289481967506
48185.61992127524
41498.89519061266
39718.51365151677
36946.67524979513
35443.618990818904
37770.36056692513
39286.99264675773
32075.897415033956
34137.14959682738
39297.08509091476
37266.793703873955
38711.767761973744
31225.951119607504
32090.825370393704
42165.881748755244
32427.251219492224
36653.65728287275
35104.490960432726
27101.25611620769
12514.075687211422
27425.24851796501
32887.95142744806
25317.48329522386
40473.21632572636
28957.04655641829
33658.31434877616
25318.312886201984
26842.33083069246
32362.093766676513
47867.13924188475
42911.447672695096
27828.09955870318
23195.737790808522
29000.064549614002
36172.47868511031
27869.758610761073
20082.23068108663
27823.3203763007
13099.745870714143
40697.422044455605
44707.39401468666
33756.400858641
30541.28635775799
24086.392349313952
27379.527253901346
29539.853914776853
34784.509689611026
30314.301947630844
35313.38921584892
40464.68906887892
27424.176971248722
28937.541780306114
36459.74777944124
34451.250451756954
33250.00212270452
21359.07076421591
31463.10653672592
37631.20985305367
33510.2411500018
35046.789028114
30142.198204765526
44810.30487153209
53487.812868367146
3939.583800221961
18948.623326108165
46565.94495152918
45623.45714472724
28747.378759124815
35085.29268300777
6934.51217027367
35728.54437745262
42383.05235617631
43942.39602241173
38403.437017281
37952.35291587062
32329.511533398058
46110.670148708174
23657.08983525771
36937.72736975383
31639.69633791713
28852.04875459935
40366.956936075476
29421.16866562339
36658.837182396084
28207.685884530183
11506.194389193557
20502.26887623775
25849.19645107955
6115.3127135001805
55078.72734994541
12571.889223017897
539.3222290996497
33544.705099452694
2830.8802520951276
20983.423404944624
25376.797534720987
29312.10521139988
17520.238016307663
30056.251962853545
28963.61114097167
28036.945471475887
22398.74891270084
36837.114646999325
36426.18742820566
44051.66607562057
26519.52781271938
33215.15339582364
27044.239717354016
41045.58559945199
25996.170430758622
13095.311369847379
20090.470705002168
32493.773707772485
14453.881584436935
13366.873224985116
15054.049620286407
36461.03148723795
44822.36470651278
17515.974138497277
24313.10211709239
16361.789073265803
22497.85288178955
32655.921210922803
23644.29631373731
42487.18363891281
42338.140491970196
9780.52948684711
16004.786271544157
25081.045853542946
12285.184353407729
19193.912806783504
6122.409843465699
1182.9837889689907
16244.849820910504
21326.223513768327
9940.980392949068
40162.86574924656
43493.307324282614
18829.756144585626
35152.049171416846
15698.560530001036
31823.630129010293
26070.21464534456
4773.906587871239
31114.310899305918
24917.407189925027
43955.59061401485
34149.37987980256
32268.311316998483
44316.415402641906
41894.37364443016
34806.96943367952
19933.686510444688
34655.00277240976
33360.53394607176
38055.69025503703
35834.02870627654
31837.001334139233
13148.423664115639
42485.25510434804
45645.92365917027
21862.94828513784
27563.20191437762
25200.175198436435
2395.801066032854
23444.289192989436
43375.20458375925
31934.93634535816
992.6418961240876
18768.29241541373
26640.859667282282
29366.766658085224
31295.773362336804
33562.32786038245
29266.36476507259
31538.26103745518
37702.67754060826
28073.12796238651
43286.49857615096
41142.422966176404
30889.511148438938
10376.574860610432
22068.9324079591
36134.83841689783
39499.54817532864
39482.443841119944
30442.12537465269
28484.48987806805
35208.75346919151
32757.7908719783
33758.094779384126
29729.573494267697
29705.393878535444
7574.605424005087
22898.126793191648
42469.08775143596
27081.266061977574
35882.69766410787
19072.92789814468
6495.159944791598
34065.13291488299
1533.362142594844
23247.012034634972
16094.605296378977
31702.379367857193
22396.482028384355
33342.90835735155
19625.461173066484
30556.78344861429
28069.791471675493
32648.82632670486
33879.282274221674
34401.52967980015
40872.35857138679
54097.304663166564
21997.41236547994
31380.78610001528
28590.258490310203
29049.352376732448
21525.250184421773
30324.420104704444
35555.67415406914
22866.487569458903
35383.74036336202
26735.7869162951
3019.023261081723
29369.212801656253
27959.95711965339
27164.903693398304
32228.147178981126
20610.753885050715
36882.77697604147
29238.858506227087
24215.766025677134
21481.679911818435
13431.775357001206
23497.228907255267
29199.625965141815
14493.211385221204
28043.446937046625
25396.24595376703
26053.786606666145
24196.917234406475
15786.386801140236
25752.648503074946
1634.4336039301202
30698.492984847897
14830.647220355906
21035.81035694898
34567.328091179734
30441.7439302934
41671.623508184864
43897.079920832555
29991.94612600456
14540.194679298067
31692.151491949797
19049.680016231385
20150.799929496214
13122.437925981758
26362.834597674733
23615.05752794797
16589.647006723924
6563.58412372586
22883.692413230438
20101.433374189222
34954.12087310049
3319.298972879906
30455.280318104375
23079.5638651876
31996.558397476823
25800.811092424756
30486.041259034788
36261.58605447319
32325.083704608136
30271.347421721184
37644.90953910761
30860.425284519344
34585.6645023988
41255.44304170263
2854.5602275996152
61323.721633683825
31946.960358408585
28201.79419785467
30529.399116563753
31309.741975816924
31275.443875362616
4455.121368454738
36415.68858457358
37610.98496108687
29742.907020800936
26402.60910039047
37427.7189835396
18518.03805851021
2673.9564581056957
13743.206605347028
23984.642028218528
25085.03895389926
36477.01122061036
26488.376194947166
29845.8434700434
3162.619605104814
35147.24197405418
35754.6041652677
27303.36906245395
37950.695123691636
35101.502026425296
35233.36537962082
38418.555023342284
8046.0955908259975
14361.101101614957
505.55092014442323
7612.034171719474
12619.942852298767
29744.035781455335
21303.21432438969
36962.06915738581
34303.61444464443
23621.694667634456
14507.489987641333
29141.58851819231
15004.235177932233
34978.447726635044
37074.87872886536
34157.57928808876
28580.781468163103
29387.756193965255
37410.398533434345
34915.70957365647
9923.268906780833
25491.90368840192
40642.99755820893
38676.09434105598
43817.81444472235
13638.060815932811
34638.76487969537
344.29734141127216
13870.079387129668
33198.895352209714
17297.987241737024
21076.91124096613
30584.30970726856
36221.1068242618
23303.777423561
30062.409664166833
37305.64770446894
34711.7682388518
25543.11499774856
29596.905491221758
22835.813534074725
30884.318607143003
40752.42001700087
53760.38646051472
27767.566839550193
26373.870177813187
25081.662376921035
27419.160728482257
20436.88051757281
32481.71132724208
38881.163476136746
23589.646596980358
42260.30579424737
30933.655382112178
58518.91268970902
31890.408677423708
662.9730400190946
32386.03450811522
36145.50056873839
35371.45948431138
14611.498594683864
30135.96426244836
43738.24355665329
38403.45320737056
42623.035563395555
31302.811891013665
35114.73519169638
344.29734141127216
24538.09882060648
17138.342578027947
17157.32749718433
35057.91573821558
38748.23736142995
36810.07428756559
33213.20559812647
56882.318144150166
46591.06173565438
4857.183176844656
35722.03073733301
34733.590292837696
35403.90874926155
11587.881168853572
6107.805479607579
9188.277791747136
13860.399871083233
30410.891179236885
701.6055831116946
6107.805479607579
10174.021027425266
10853.897024745336
31647.139245953167
28514.635729504513
32715.853451981013
28457.768297334216
10664.866951633903
34864.69785441623
24803.58090301609
34617.85095787879
40240.5159189374
31973.307660732884
33958.468390488204
43760.49405276006
38906.61090675781
35570.980718294835
34306.10797581025
34271.15194910785
39744.02107354365
34563.88962780098
42712.58840474199
31770.300494413113
25043.48349263954
31081.75395360661
34740.10235523846
29044.603770561524
20179.028227517396
35632.80832650938
24533.914934715795
32754.585929585446
38016.51627444062
6204.468458380872
28056.564725749617
344.29734141127216
43768.11789740479
25207.664445712104
47073.32716202375
21650.92444470684
38866.46138822386
31335.722041523626
38220.29265977781
35587.50300525918
42524.51487779097
41642.72057406594
31947.49835900001
42526.74609631542
28572.709537785184
24378.943089126296
45881.0714741804
4417.395023414907
4417.2646289493
7311.656141347787
9287.69125331955
10395.827581722035
8555.043685050858
4884.769363629212
4884.769363629212
4884.769363629212
4884.769363629212
12776.111962743906
17277.037260015546
54123.29596570386
52336.80849875095
35212.09927232752
35197.38030596545
37874.07698717056
38084.9135533038
37982.1134167265
32746.685505516805
36951.22989283819
43306.305777489935
47607.72798406679
38390.59632901922
35873.04994023018
37661.69198116444
35433.324444141566
55172.62161450798
35296.05603590652
40856.39088358547
27570.391967333235
55081.205552695654
28058.04624777503
35220.7474478482
33940.39142615516
29829.292276410422
30147.813973436532
38755.32950792138
26187.673157200927
33399.76709953593
21963.991645291877
43810.680455319736
55821.154209219654
45653.81968476356
662.9730400190946
41945.63440803825
28836.795315688043
31893.810357666564
56876.497675649625
26458.873733941058
31532.019702985028
31296.94873185831
56882.76577383318
32986.06568348117
32507.241291148348
35431.78446111949
14628.533586695046
9724.056576269135
12765.835247581857
11505.53368896608
12764.39734969199
11347.012018228292
21709.738458510514
15444.580906934232
55071.29707679335
1185.7342346300386
39279.29711581986
22875.330603657287
36287.1432346805
35399.92119169248
39849.7123483633
6107.805479607579
1470.2801546831827
31811.754256431002
41973.7361105276
36571.38479330417
45012.31157716586
38337.785684477654
7375.406234122057
44568.77402874963
10339.268140390723
33726.91913175986
38953.84680461137
32445.385285191376
38128.80066039032
31488.806708924712
36686.87789686544
43520.92776143801
41117.333376299604
45777.89341061603
44624.32610368061
25542.657417785704
37601.86801316048
33808.24839950513
38973.39850280997
45334.92883787888
24393.786067251945
41830.74328542798
36730.197814722014
39386.74890438172
6483.5904437458385
32274.027708827947
36128.27228408548
34419.01411981204
40635.363188456715
19679.16561308631
40965.979972262874
27479.13834253613
41632.49892444326
43485.31296128667
36466.08860055454
344.29734141127216
32282.218138478336
36742.720470113534
48529.33743649953
41265.781390379
35448.64559093486
38194.50840162882
41146.32092933499
40016.31470705712
36742.30727423786
15030.02627277786
29974.405598149053
35216.08254122065
24620.286593772227
23686.933637148493
27908.278983549593
31200.120558617255
28856.366415938588
539.3222290996497
24421.72051992729
17426.068964533
34933.671075863174
38452.6588327611
38452.010090312695
39815.0025304346
39174.365446501084
17299.551634452044
11407.694963927786
19954.305717126044
21235.09680309543
22180.8127794705
20910.117288435
20890.64165219615
22803.485523278647
24831.58117867749
18065.539801349696
21207.25082574412
10352.096286743948
7388.500151830603
16149.707613254519
24638.630569082026
8651.512584040007
15411.907669363964
22710.159554210546
15820.975174240384
1255.8646158535983
27873.386317317516
22217.27053797498
22652.997890330742
18967.968816533412
6419.000301680192
14460.555608173994
27983.29961308416
22846.717870119905
17818.331837701215
8310.683483280598
8944.961211202231
3403.328514558836
10734.67990101188
12647.927622424642
4241.208839457327
10311.001318703213
22479.90598417465
12335.726320991356
34005.62020433312
15503.810768763191
12825.579756513462
8380.443287447297
23179.746164008688
8267.618895857517
25080.54173337708
28156.93833486938
27010.239534318855
19305.255908417377
4990.980413607811
7606.788854627352
31097.360608499024
32077.30150242414
11142.725978575349
29288.369581029234
8816.51625820757
28517.268174762245
1533.362142594844
20585.448176519487
18518.41243497389
52754.00340669383
31049.646589557888
41200.75276596571
32170.31088417734
33874.33727088868
29001.481298885683
19614.11471860276
37339.78482889936
3791.4509973635636
17682.799995084923
6238.634740187798
13251.477833711113
2537.9592133390925
21566.610806253426
26887.30916085115
33558.723132766616
37378.10944893996
36946.7656581321
28778.320928382076
25156.323032981127
15659.429493806721
31652.93876807973
32410.4714150903
18861.88745488046
15020.171387128792
41970.373077313816
30673.79388604526
37447.787937006826
27846.784679540724
35656.60542162248
41721.317396666025
32763.62635905859
30740.596717519584
41479.345283713774
34134.67869270488
35064.87876457391
38439.80074085768
34272.48474892572
30396.552778181067
17520.533589319006
24873.593900223623
37151.74597837702
36843.22260684199
31707.596115986253
38349.516685472016
27757.395351661824
41553.762310185004
29359.062267532023
29846.072278755717
15453.984437340925
25695.899887059153
39673.725805235146
45836.9830331896
36132.30066650236
41920.60482565062
40518.63613639295
27761.77355023932
16961.874864944024
20433.344356083027
24453.77851379574
27733.06550386713
36438.259753269755
27522.40558925713
31364.0736472223
28498.022125297844
31558.405505603405
29299.984885451584
24304.609913475735
28837.306591060427
3982.557737225089
23015.920280124712
33952.86457153091
5845.94540762579
9858.322909753888
27790.647382487947
31294.701157068746
23377.1851025597
27685.022343337994
28815.371584076303
1286.9999447910347
37610.902347904725
54526.24771597343
25875.317954548358
23735.34955665243
20079.081140802442
25915.30577360178
46563.289560814264
17241.262470674683
28061.345702734605
29306.83730294449
34514.90729581164
30436.52945070492
28266.98773424891
25369.192766463606
17335.93140472729
33302.87915623135
34331.225067372085
39930.30597268874
39242.39823314979
28245.55959462179
32497.819691492565
35544.54436136204
36654.625676717056
34195.552382707916
28934.426740621697
33427.36437401524
30520.138595862845
18023.30801760942
36575.087588928116
539.3222290996497
25992.24112242713
23106.959506766023
11532.471753305166
21016.806317520106
17085.02973521242
30868.729806322604
28185.216289577278
22857.388873087275
27448.574939318056
26247.79421089897
29404.00414253759
34338.09038164704
20498.042615989365
30059.774845104963
39808.799693488414
19732.05865290177
10924.787715829514
14530.348688636659
17630.09095920394
13316.20568603946
13801.408368766513
34270.8180849621
19938.781050118803
25515.096627976036
39096.655524975744
30731.018402665322
37528.98430885451
23224.317987443752
33706.149576640906
3494.7442767188113
10626.834909399971
35394.00338281072
1853.6463780178995
33422.99367796402
32468.090149084914
26321.992041956837
24650.968454551126
38998.028535733305
22968.357146814116
12933.318147238337
18657.282965407478
27216.98876845686
25646.74665274327
18515.522147290172
17286.609451306198
47877.951992916154
24919.32702656398
19565.971119355854
25167.016022182917
28337.257944545498
36227.98800852917
25030.339779073216
6662.277503930902
1182.9837889689907
13263.773721498672
44583.32190006791
30693.979263635352
34589.4956116349
34902.340247684755
30616.381369834882
34431.06070736469
13519.726775903793
19677.173206488198
1913.6071400593726
7753.776460594412
3936.2746377947465
10386.659859131341
4492.610231813481
8668.084171414124
20817.652951785945
24739.35410053441
12001.248444296934
20498.637075811283
28325.970162258378
45599.210727187856
29003.393043507233
26022.628834852883
10485.047742881843
8485.354971584125
13507.419812692995
53062.182213031745
20804.476422251795
36538.355998892934
27679.286891083717
15158.79982845192
26795.115859208945
3942.361022005148
8157.369679523051
7672.205121675707
4368.398827288508
1937.3383405149632
21363.014810567078
17074.159349144786
37842.45992650174
25128.010468292516
19435.036243551618
27297.123997774554
32769.845085664136
38932.61767634364
33610.463071112536
21418.778504290633
37557.688443612344
29151.48824092151
29819.196206884837
39130.425882310265
37031.89684336702
43038.59528481923
41150.59906522778
32204.689971247964
47215.88699504774
43578.55403254864
31640.48436424575
42566.79954109402
33739.384140724476
26623.285233239592
40090.354543680616
29092.564285026674
34391.84527075364
37877.91373058898
19267.418843184532
27561.170853877644
11024.378095101736
6778.058386755595
16391.102817750103
8132.409887408202
16080.661444343617
21391.947817141234
22076.47086722711
16562.555878209918
13917.622120458702
13573.22392492298
2206.614765203781
41513.72789913944
37649.69621568708
38382.939390685766
38228.8668684437
2366.041647001697
39602.290833619714
36075.67136087139
38846.844671622624
38512.83044933309
33221.40509197456
25333.211778092547
53755.52027186348
25581.868721507293
36366.502904002526
32178.42346593453
31137.007764566137
37864.827984274656
4070.0528416478232
31691.501869385644
20045.87116312114
21767.174077196232
35732.71974319047
33993.852572330674
42839.552602255775
20146.963914286524
16713.421150298287
20894.062440215377
23481.282658755328
18033.07166664417
35095.10959536535
41823.43654266646
13331.323680307369
21958.913836198943
28540.684942683525
10384.123028993621
23883.648995967018
26094.770463919976
20450.035250455407
54546.05736133766
18600.34839159012
22621.735227658646
24230.56175836398
44692.0650655709
18751.57912388678
25573.874059909136
24454.37762750001
31176.09903387109
31898.835557635055
23484.71067601299
19366.63717541663
26409.094992454713
52752.619061500416
23004.885768289456
32266.685391480038
10729.071300302852
23156.51650167337
6955.687569182214
19905.34899406154
11054.17136055058
21866.509857290068
22914.512347290747
23350.52259755695
22960.94415899943
2007.9118578679725
37171.51403635298
27950.22261281418
23782.38158034036
28759.57948620884
28746.399128755966
46893.0862509002
15600.907699573578
33455.68696520279
14789.996641257874
28369.42423986897
30815.77264846374
4066.1666667275927
20663.97852134337
30606.076202710607
34525.76988694167
25788.486142171667
29291.60533601808
24810.19856491628
2746.513244279863
47880.8833587362
23569.416292769565
21724.318942445578
27531.2322842203
30547.4797715387
45242.70365888514
33849.053338115475
20424.389899974143
39227.8013750386
28089.662656667166
21149.485736734696
25430.91848809305
31682.494233944402
35136.15642938324
17898.02186403561
37630.397857318036
23336.35513231588
29149.038419460107
34164.45463467122
25737.62841934124
23230.11158865928
25517.439890166104
30761.62915304195
28530.161503288
16653.382625652506
33696.172686576785
14049.832993425673
33146.49146878558
30562.7139324338
25713.61353533248
29732.18706161556
30911.711479617265
33439.72291411869
31928.92733475806
33883.7848101755
26964.70658248028
539.3222290996497
12013.395899266243
25531.02003087968
36599.014924816016
20039.790112838
31314.542893436235
19557.11954809339
35001.21424519087
18451.38626587672
22851.33409192437
24770.233165038313
42032.647964612646
19568.139376703894
30783.82447161176
40096.120704752226
37408.503924260134
10931.851124793693
30829.895249741963
36117.32052979729
32117.879010644203
35719.65202609892
27195.23955863486
18698.093096064196
29825.339840320106
27445.713835622904
10578.90542572964
44833.62817652162
27240.564677795322
44287.56431885513
29707.167655099
26528.53140170043
33885.29132628046
33525.973353096866
41985.01686005948
33750.35241891448
18494.975235440415
22151.321292655673
46480.72659605842
20688.987817329013
33615.93688696509
38374.39081879487
43155.016882823
24109.660042518954
33858.023007391464
27651.662995809147
30178.138768994824
44701.021100398284
44235.33362350599
24827.233251889855
17620.516021577194
38746.966506255136
40181.23815350757
25671.791253298612
36013.796401168474
36064.31475826096
43202.70868767913
37378.655374120266
9762.923385547056
17165.331240153606
6238.634740187798
30621.48740393352
910.9827054135133
17652.551661953006
25797.516731140797
53256.842838877565
48902.757479587344
53255.96813893951
23580.89035438105
36825.426694623275
37664.688721811486
33889.04664629286
27895.15565705026
22609.665542946386
38217.62216889662
35233.072476687616
3527.879391372085
1287.2632172555145
29285.921409179162
34969.463805164945
30887.115282988274
38982.21299227356
2408.3548025108507
34955.1170486754
35614.69805496541
29358.817145322908
41676.64642889903
36532.809217524096
33413.65244471874
2423.7952093306476
38546.48300213166
42768.970070170704
35561.40261704303
36320.404103328445
30706.68122108209
3739.566236878284
25712.113743690352
36617.39257853455
28814.163859028806
34598.34072680528
40536.82760360503
44895.1898729734
42196.3418097779
32284.162500332073
35023.50780486538
34499.96533680346
24397.21225019558
30411.46754788913
7638.832358460392
40235.0872193349
35538.51026644277
38752.209499194294
41965.41816982572
37234.11847295399
41078.30357703601
43549.54170036002
39567.701788836275
344.29734141127216
17744.68769983451
3162.6422327016153
33152.24585908235
13044.039758529821
34289.91965806803
29269.328023705588
28910.586405621565
13949.088969020173
32086.402879758887
18438.339739457868
27074.628790640953
32202.956796680497
28159.448254092968
5878.5413135768895
1376.6318386550743
25147.213818387158
28388.83104574139
43810.687099593444
31509.94305175369
47300.67496546591
28097.6870181341
37749.67684736034
30476.59880382517
45239.32223093114
36216.381603928574
27236.008942892553
33254.8512119755
18512.190782844333
55071.60680279736
24027.58472974866
33185.775495756534
25751.603700825384
45773.220978334226
21649.71221433554
26666.13345382732
31517.43097464579
32786.07696879303
344.29734141127216
11423.33191856553
12847.671032917551
18851.57725657604
32330.76805324489
1416.3765677929455
12505.067217086413
27252.040164381702
1533.3545989159713
10598.780887656207
23855.892149080064
14504.37219832288
32173.387758029774
29805.628606498736
22817.87023652955
18643.83359132365
11224.756989463747
15577.381733545955
24346.409901561838
32230.21560224623
16357.670715007871
17265.08084370212
20385.789661870374
23096.462452999604
15417.896233338579
16297.456148419216
15988.691767658938
13901.206176734062
15442.613721758187
20282.779998953007
29533.824418319437
19773.184302055233
26879.193972190104
8954.307190202635
18959.283374479623
25399.46453955535
29343.909992933033
22748.363026451
28329.26207310762
15983.81460285566
30239.815324574683
23107.090781013445
33448.436104229055
14561.081113645121
32392.060523152344
26576.456248015318
19869.02579294679
22223.923104561312
19494.11312498716
47889.462291129734
18528.46655945959
26593.885182948805
26191.82825214042
27642.658138113715
14178.71093554966
30236.08070704533
35447.733823086295
21271.996393265337
21737.50329210193
29859.609719714088
25438.686943670287
22402.24870901623
19298.55907640634
22351.17100840899
17405.33852043681
26892.1389748271
55825.548955720624
18364.144793960575
12783.408213945562
23551.876115994004
32642.51316146223
21955.714872852303
32986.738556292534
36115.08806706289
30972.245199132245
46480.42209745583
12539.294586930939
21549.558362261374
14886.616452442591
43098.30633664872
22783.470701699847
24297.235728406955
23567.83813351639
28073.4346658498
8716.606977034697
30771.451117427874
11532.21955448934
21988.951221355885
21905.091796870667
22431.496092532932
25876.766385498537
55304.015050959926
33732.63554009852
38460.75724046737
25395.6673531516
22734.147719792472
25450.782082613794
27621.672001360566
38288.325234081836
41074.606086879154
39533.45237501378
26340.833529522326
37994.50741179412
39145.790647354894
24605.66200937399
43128.69997820711
34960.76307320477
32670.246076493466
3494.7942865645864
36814.35483330862
39163.6657023647
27771.682102066214
26869.569570255077
38841.06253897378
22776.95590197525
32894.18991931777
22803.65525418964
32702.546788135947
29040.95527029407
27587.775467381918
19318.17522869478
34166.46148263897
16479.04570998387
35096.60259613737
14093.843938231617
38803.182592453275
4069.732447035543
31901.069612582818
26827.599159377904
45281.78379581225
34004.6111767099
36305.13897354319
41096.25518685924
30786.94421495021
41460.96441652944
40341.01218258074
37993.73484460643
24149.25475903329
38697.14301458543
25077.73989805998
31645.34318167887
31954.457692348617
35442.913323528854
31628.073992523307
29248.495543496516
43172.13678578459
38208.79498608189
33713.869416941845
35401.37836721468
33116.98959150668
36768.280096041024
40336.778876051205
31971.56334045294
34060.84020267197
30625.96735936988
12539.130049772339
27225.2729965081
18892.870359822726
24258.571338632773
21859.044136409237
32910.61881508364
31361.577692312865
4170.512550950914
13916.272654712202
22976.678786994285
28318.85487498008
42704.03218147197
58505.098840959196
40405.66039269773
10166.628972789873
19344.47787463612
34174.463606864694
29882.950247247107
33285.14521316721
47089.46701137735
55097.279524611724
37733.14287310531
55071.29710117623
54530.27256170846
23847.683316735798
35955.79535216023
18566.700871921028
28683.52988329209
40933.948820633275
30096.13110172127
47549.34891970117
29535.4661395541
54106.99199558961
47880.25519435217
39005.86070278721
37735.5563004266
37829.60997081325
28822.175611541476
54522.76377313134
54093.04621574332
28267.327560753092
35342.80192822082
43762.954228254035
37803.428317935555
46408.53395488091
30423.245181817158
25420.978290554758
15031.093274899411
22860.99676288066
25810.804343531858
36052.859390245314
28205.32745409206
37746.32774352152
29883.50638733211
39244.14721052186
41589.96757530259
37972.2391263118
38603.340908161
44350.20936101811
30062.04980616077
18495.99753816064
3258.9907789810673
5616.661438680706
1266.0642030481995
8672.395086214512
7077.150486137979
22002.67543709621
10934.171468070956
5175.146856629058
9580.51071433488
7454.827948425806
11932.729306316789
3809.1856027346626
8016.270438766152
19660.575509950235
22720.693292501073
344.29734141127216
9859.740782292823
1266.0642030481995
2194.253921237723
1223.9177456605214
10610.052897207965
3692.98354218371
18063.378021446384
26375.595128083834
10370.233285783606
11480.983117968606
7748.039502407562
12328.708313661598
14028.898397774989
5352.686646818817
6791.096778923651
24183.244116718728
44455.13689831996
10078.728416491815
37701.57691078776
33239.36601497126
35070.81867259382
2103.490402011197
32531.670753592673
31255.18403764336
33420.84178226471
30510.950206902107
35950.55442336636
2928.0638175905324
1175.8272701393496
41559.55248514494
27914.32316877715
29535.203661188214
3409.508425571765
34396.91522798233
24196.06263792168
35759.446290177046
14172.473417793633
19933.515390367294
24461.870798398377
6662.297678864402
1182.9837889689907
20912.823126003565
539.3222290996497
21492.818873025677
24257.71299092372
1960.7852143597026
26491.143557859286
36105.01200392179
11333.241597341384
17730.260801474535
18615.37257470436
19421.673614974854
22327.944335568678
19468.182913872326
19627.10501795775
21325.448744001966
16842.184083350847
16799.614375029847
11581.739646358243
18646.092925100897
26061.57544947037
33173.41416018107
19764.8569725728
22398.0805515085
12915.19853731232
16497.33285080352
20245.254235552176
16795.61911663374
35040.36622823933
35664.66283186104
34032.330369044765
25808.957183938626
23744.284035798104
14929.364191789273
16329.027550514766
25208.17903166771
16353.77627199161
3853.6731469609135
12147.586104083844
48910.7262787796
14149.844714408498
35306.12003557166
22319.90823151129
25271.461620035796
28097.615188356085
35709.20613035608
17628.51015294549
19503.145086585406
35945.55708926886
42917.72138816371
25274.146498506787
17118.152925258768
16125.54797248801
20799.91540507409
9560.393680551235
10608.243989180835
38172.105536633586
16279.431127933962
21845.89281814833
20778.129996704225
33573.396526681696
4621.412162088818
5566.518329412803
38083.853843459474
35457.31724385316
35391.96170701967
33754.93359357707
26324.34291866924
25598.841501053153
26584.7255309493
344.29734141127216
9990.483017300632
30911.51064937286
20960.592471886823
31741.901113368327
38601.2939440136
26627.40542135344
22940.51038848013
24308.278945239806
17743.33668671567
27678.05668201918
34109.79829022551
22125.370035062064
15660.662058803327
36011.088541723795
15371.564540913889
17606.694037945177
8551.118298032858
31054.95119025199
1266.1078010512956
44456.0118530405
1499.4523485641434
30760.602008664744
31201.33726466394
38909.09888906069
26514.419392291624
42158.48748906269
27188.56424969394
37734.25672826545
14230.902638788262
16880.222975980945
3038.271530564521
27609.82327037018
39128.801913115145
44326.21032175782
44341.49563325642
33761.18601596135
7004.512688574233
44634.00263773355
43232.04085012287
37795.709379297055
34562.35116017192
32599.807033458317
34393.51095365917
14841.915870059664
34698.659375987685
47780.34685785788
15413.775073901594
28850.93662243163
38910.68440806697
14656.88886077848
26436.68876423446
22923.70322559068
19202.457553068078
29222.170220957374
16913.313168834586
12636.562854267042
11734.027437828176
13166.910334677057
20113.467404562314
13000.925664372642
17409.91615510344
19536.99278091482
13095.849368935627
37836.41762170233
20639.326315414415
25246.505681290822
16423.007503915327
24821.213266134928
15772.631840770406
31743.75994849559
32753.866647858755
24841.567868682876
539.3222290996497
28738.007463825426
2339.269655099048
18266.531442038762
18880.48911047515
3261.772824683767
13529.425910000951
25230.219351735646
18624.084618732762
28569.83536169747
37160.49069141025
32201.018274146547
27813.230918590263
38837.00783426861
20549.604616404842
26939.061454891016
344.29734141127216
14893.180331722286
14541.390718777957
25690.815081792203
17872.617396743546
25912.495327899556
34221.96159898391
32299.487156537354
48162.33396303464
8765.760771986324
30120.711099142893
39641.16479133527
38765.5889952104
30747.952931596046
37771.723259380386
40439.03409282864
37773.73742155235
45124.62303003064
29878.687263132975
31356.283925950323
34204.102130151055
32075.65890929141
29549.29709839076
34414.54842167337
34988.86680640691
20838.074360911236
4080.503339008923
26061.071128715605
35435.038076471974
36796.82629530661
37144.65449890173
3637.159323502669
37744.651272009054
40050.862019585074
28643.851931706522
40180.70855321101
344.29734141127216
9615.662074339307
1223.958596114109
33740.425562740915
36931.74113333943
34177.31205099642
35146.561167870736
31566.261670829193
32658.27424484904
42444.718223150965
36760.951699505174
8125.79871533663
39002.96219981004
6050.648093106917
33228.358405812236
38557.0676106481
30980.0095934095
28682.848194911618
28466.189983475044
36332.11923335038
29425.921909556273
19624.2518502632
23130.471662760778
32695.909674684073
41881.090868016676
21886.66043338855
23361.741405854184
30335.76413345748
41411.82163703954
15584.361276572845
33769.07640420701
33064.86588087431
16896.690239947195
31175.752179090792
24026.38791403746
6662.277506313281
1182.9837889689907
18094.716518254543
9183.11589438837
23338.318829601252
24690.97988837797
19511.213952671314
35166.974697869846
2830.8802520951276
39999.54838326194
27473.170741744954
38181.59090191838
25949.41374041772
28539.066136721478
28246.108772319338
26078.464717492465
32604.690027141165
31281.2301237787
40235.99228111964
32912.6151014867
34949.41299305454
42331.68498270564
21842.13399840856
27579.414120454734
35248.303926488596
31108.100842994376
15788.358121277999
14603.099483787968
40833.730302375574
27115.682945138316
42719.39450252266
44341.7147856941
15368.276113621168
18581.00811324053
34989.24708455046
28099.22730308782
4030.570821270789
33209.374394979866
33764.66906403853
28171.881544123087
23236.762680294556
35544.48400486858
21044.806600145166
21773.787059720504
25519.105143468856
26144.092000035347
13549.131024816053
25694.260602561237
13762.534893446074
24209.15723864338
35459.420393232176
31089.24796602378
15971.030174674712
20949.15412885515
18833.266506454143
20000.068883211425
29115.742184483322
27682.25388943098
16649.370129042298
3515.8789853960566
45308.623830838194
31803.815153375763
34714.42624888235
24207.22477552546
26531.095009174554
4654.164997599398
5100.523501490714
15276.508005022566
14374.022456635998
1729.7215253656784
34171.101017717294
7004.237009505775
38405.00450253464
18216.164059152565
38594.550738307684
30485.313440124744
33942.62474511239
36653.76023853903
7489.720134354834
23852.921349145796
17825.88594545899
20908.778969726834
11967.41480221835
29685.806479970863
41807.10275102981
39711.09231141554
38977.47032098126
44249.14965348261
39618.34909530703
34050.94715803378
20320.738893598264
11481.045169139168
14081.57789855604
21591.09002970864
35043.260020303926
25358.542858484547
42308.47188618586
20175.31431306603
22997.55820107399
18620.52288948774
23948.307369749626
18809.51637716558
32990.08042276535
34426.49699194613
42069.09739971696
38541.77002795155
32228.147528437028
21233.25738625631
32017.98962336618
34518.44712578324
38827.7210426325
37562.504319849955
33861.7446878489
43162.045396295325
41028.14692808833
25398.363778044386
35648.73813550152
6606.957911255615
34730.57537658062
41066.04940221992
38776.34169135513
33753.89948902702
29411.73583917175
41794.283267793035
46357.85520048434
40447.305131915644
31360.636436617504
45089.823472521406
43321.64264005216
37833.31139878033
6631.726045089726
33698.29134469195
30459.87586887633
33031.16496725375
32331.140534292368
34783.35582378308
39747.642405329636
33912.927441218366
55818.225569536655
32365.856890849336
35391.784076296455
35603.6640969067
39264.364139665355
34946.363461308814
27484.935880903406
40253.00249201884
31264.594380101746
30536.59655142063
42385.922166805525
36855.33445431689
38532.33368490327
38898.00227998448
36243.144328600836
16932.05736830225
35300.58540881536
37555.437887652384
55823.716790802086
40191.05971759432
29960.549291434065
47919.350206544186
42820.74567201306
37547.81024795724
16519.761892088674
32017.980290281037
36696.584413030556
39220.14886758206
55072.53579620708
42349.59408277036
27289.582684757737
42867.340258545184
28269.55276516229
27334.56879028937
20091.063363617886
17798.20209023794
54520.618041783404
17076.693752525007
37832.776048188076
26164.719247518624
27562.503861935184
18085.7664903828
22951.41462755366
2162.8964183640937
34323.48968565375
37748.246660297686
37779.16218041628
34549.92278285967
29901.53834942723
23767.429790932594
35222.225647968335
19520.42987338099
22535.170320625595
14853.69394123279
27230.250000683718
32275.309280818892
18020.148215297217
31125.722710285285
28167.865118951668
28379.147520143473
40094.59846826587
31892.425902751063
43911.62766277378
21146.245833599336
36774.696470724986
40537.20541152026
34187.347248964994
23392.08887626673
13650.474542559812
38646.01048267819
31727.660933227726
31394.80338013933
37776.389104737966
21420.58132384164
34380.378133674785
22843.28404790264
24739.333104602865
27943.890889046528
25929.52728330932
25617.566455069973
30990.318399832722
31386.546822594915
4610.090468290096
30899.25686622641
1316.0352836551551
8022.738191567288
26911.5259451715
22961.615124166037
36037.54616814403
45569.29089898539
17027.288652198567
25737.021805886758
24981.324044184672
47082.32469135521
27340.217479226616
48759.56348707106
29198.66327185517
32069.595123164825
41212.934677562
31308.535873156336
22390.03120078232
21705.82565711697
6366.088532121627
17203.116577925073
15069.491281666418
30157.14491677293
49545.404097129656
3264.2922681111295
29125.393753402615
14560.09838127017
43265.460237855856
25560.50080395224
35898.863469336466
33853.33120731416
38673.0561542348
27899.474579654594
40671.25884831382
25539.503142472546
9085.786206910112
34378.62695089023
5194.80619969222
39125.48774496849
36072.66951373365
36404.15211066554
44465.53510844256
46721.70886897608
33865.43007562181
6662.277506313298
1182.9837889689907
18680.81613773734
21268.481361008682
5107.960808572403
10859.287083886777
27908.012523228055
12749.769904214945
12431.60199381502
1720.959640627043
41177.54823900215
18016.067178768288
43436.43480236162
28791.92994004881
31747.533019005023
9563.084723349275
13984.05894019514
28703.32470604044
35467.096693212094
36824.209665854076
37318.85225009659
44336.63614937727
38754.69027548276
42492.76699264784
24307.24598889969
18444.509450424768
31343.36796976592
20977.36999675932
30437.26571445438
28133.181048570546
29698.7965002353
29198.52054523903
19114.594341863212
25497.43078532513
31743.727216840904
14493.618316935504
22061.65288637453
16385.494843313365
27074.31519069855
34732.235673329604
26982.01845413968
13697.434657485803
7924.785250732204
4950.651923248402
39750.14587158742
38955.03490736952
35192.953403436724
37071.472798328265
4510.119328131926
11165.345676154946
22893.041612671033
22878.46363096624
14254.304951879021
9596.603293774453
4857.565468159851
47972.56418848695
48867.48926885633
48556.97627457065
36055.68956170582
26058.023794295263
1720.959640627043
344.29734141127216
54092.80962602021
41177.29885456202
10340.33461664494
19739.849026540112
30185.126661821072
24289.36159865047
36664.95500416599
31178.990428710764
24560.73778583584
27518.24275891442
33766.5577308153
35142.90127079695
28449.364491711272
29208.45870800812
32273.049905886597
21315.394692711994
35643.76096087223
25319.035320879237
22258.02140387022
16740.183030055927
37380.80095963144
31318.97495408658
25792.693249672193
41146.3413222084
35980.32222642663
35399.17573925259
43012.30459818407
23476.34586076049
19674.481907600122
26967.473084708476
40737.98676043878
17756.60389607886
42641.839720407654
39522.87612465824
28927.263062704238
31944.735926060548
7617.9742730685575
7913.702570280263
9188.711575105666
11445.041029169519
29179.230267493163
7913.702570280263
9188.277791747136
14256.76827049816
14256.88052011944
14257.105008757135
11444.590534549678
10376.574860610432
7913.702570280263
14257.105008757135
13325.069213387756
13228.966287440993
13976.333158790214
4069.228435051487
29973.522539905458
23975.376451445085
19183.89459361722
7604.887339089586
27235.899381992032
38071.854250220764
49026.813052922655
40124.542687584006
44037.4045878381
43777.37535971256
33634.39210096914
40429.83496545722
34518.197118011754
30468.738388626687
39125.912758522834
35619.05588178303
39867.60447960517
38526.81166058975
840.9323816282985
34360.218662060506
34034.594208620816
25020.14245562457
31472.031839306288
16162.298168535503
31956.974470200334
22535.697280525965
29053.01877452814
41564.498255609986
30214.773019357286
28141.80268226623
28563.90581453427
32474.10767341594
28880.47799908228
53071.168314794435
32590.30151417256
36777.78647690662
34790.56857923005
31557.56739160052
36006.65942584957
34702.93466369431
19235.026438935336
28692.7710642903
32306.426487075285
35871.723102421725
19647.740073957895
40395.43163656438
20551.09723613925
12939.302641118153
34222.96509641964
2947.451274956789
32724.479507183056
47649.68078367181
39879.66258523609
34592.71767573472
539.3222290996497
21846.662629954066
7623.828831972157
32385.1889331142
39427.64784474334
25729.1798781221
23796.8343757157
23025.788617582857
39334.17336804223
23817.950230722345
30048.657791717706
44807.49154032906
31935.28020990951
16565.45099353332
31257.502298280593
41639.7932636236
55114.24234088482
1223.958596114109
29808.94958097347
34461.14389948319
42998.60464108453
27740.440761889466
38593.83816738178
33438.12121562525
46525.69191924395
539.3222290996497
13573.883843194124
16754.988187318075
8676.176675437102
1182.9837889689907
17846.51943572879
1673.6342547043325
36132.40909038589
36026.8999879196
29898.072738989253
30715.86077432264
21296.40014292562
24802.57224608374
36167.10700075973
39418.11844153933
29550.285525142426
30310.883258682403
21018.88689793648
38168.54145192071
42187.365464044015
35217.39307517957
20463.46087117986
31952.71641821205
29620.97351054266
23672.655987789658
40169.93864831729
40776.12048361077
15554.126850044984
21975.835220111534
41730.182470120584
1899.2153164095998
41503.975420096
43085.13274604045
36559.18856242417
37096.44236819182
31094.333775375133
33695.25527929983
32680.21471165776
24920.56752421932
45139.40096753139
48921.53414930174
41469.30576951142
46127.79697764677
40046.36428582582
46567.132308357555
18115.219574817616
33355.90222985111
24466.70136710826
28959.367639119282
31146.50569208859
28830.555715265797
36630.374839123266
18684.615185689432
21465.506822352498
33281.257650496525
15479.630572032484
21455.128579056392
27219.018845827468
28001.578600869834
24292.266833060043
21933.666364116303
12824.951452793777
16980.67967642011
53490.48818780847
29046.46590260155
20767.088023586646
20289.964341522416
9003.581125631828
34998.06652110704
539.3222290996497
25802.03364675649
781.0232873274126
16215.137827475983
52897.97767951305
18267.380046213435
22346.551241755533
35881.05722430775
27058.52250751817
36910.9067061539
17643.00480159253
16234.568034911164
22607.32176247013
26697.74806880598
29382.14749076865
14034.787676107566
31830.703126196262
24578.780624012754
39460.94233724582
26653.414827667366
19512.190802680223
15125.76853904287
35517.33192856956
35564.25735656351
27404.315958069772
22815.90958224497
34744.65023544989
24306.822120364504
31986.894981572623
46997.35946760503
31298.713365488773
7004.512688574233
41834.092425165276
29172.995089625678
21666.441556460937
35937.62993075387
29244.250769312803
26320.23849109274
29423.72839289778
2007.9118578679725
25808.474049712906
40305.921635735715
34286.80852350906
37535.757119944676
53087.98181244492
25247.526950205323
23206.27633895322
22803.686650734144
22442.542417673198
11297.941750383203
23407.55409417016
23781.90609836143
25963.005799414506
30378.962038314803
14202.244852794322
33530.20452004311
37839.40251863987
20789.518480757517
32466.083813538946
39634.751464994944
23157.623392624137
12409.950139735483
18285.269290766242
19298.876423654812
11740.203342961307
30278.66693160054
41562.49158950066
26977.168874086346
34915.507905144266
36258.254059150684
47075.179895563575
39781.89375983589
32330.46364294519
36746.476666030496
37596.892121326695
37447.08517572475
56905.57508313283
38650.846885736835
39728.72975892163
42255.41216341481
46013.9517663807
19609.95407745618
39782.57141329535
36107.45012084984
36983.80604796055
21937.108796386212
19586.06752626099
33807.6281411808
24412.018927714347
58511.431856004296
42748.33875755156
55823.71651706957
32778.226003906275
36185.04573057549
29826.128745467737
47074.91545450996
36652.894616383535
55817.12705587121
38701.68824332303
31820.314015893797
58561.44392120584
19885.441479160618
46492.00909118925
27333.180934883305
36413.39254825006
56878.736511204435
55818.59178880677
24095.083128217444
58509.70495230637
55110.85883607244
29238.102396248436
9252.924297267798
36234.01939663134
32652.824432952053
37392.36917323108
46379.801948106055
42537.1472967213
41043.84239113495
49200.128337216935
44567.52206769445
36922.47885258351
14256.992766205669
40650.08556420028
43227.07852032128
43000.391830265326
41297.44918187877
40596.007166649746
26662.107879653453
27337.484028270403
31367.714901592113
36904.88778340298
29362.45930935062
36454.9922860794
25231.600442949362
9562.815841330901
3590.609558522449
24297.213598140625
14257.441715205505
13312.264150535568
11444.590534549678
20189.110360812097
40477.56338092322
39098.034167915044
41029.87745411833
56876.497675649625
58866.21103187354
47072.53300982729
46480.42212145757
54519.813328554614
23236.947254773244
32230.684179178792
9848.518304179408
23771.560978517136
47628.553285442045
55071.60675403296
35428.654224125276
36460.672670026805
54518.47199376401
54518.740262305764
44583.9800628007
trigram, add-0.5 smoothing, average word perplexity: 26986.916599914384