38932.04079733085
23375.85772978973
41414.008407815934
30039.66263947996
40098.304974631414
4343.130369994493
39366.60355284048
15904.011361857192
32418.91839931347
33314.983121691395
30670.04281201786
32524.94555153494
37147.96615767917
28270.24040390596
26674.5980668152
38381.73451419628
27042.341712160418
35295.25548229018
28729.582672244404
40782.795764685645
26457.162615894274
33867.1860361059
22841.48192901624
24702.026185464172
18341.630266581604
29795.028184794093
7525.3197598123625
9769.6858101896
12916.698606367423
35940.04117412616
31884.063670960993
20938.186790827524
22327.10459426972
30776.243864229615
27801.893304374098
27812.666113765452
31318.89974392651
24761.262973172852
35808.11514131915
22443.92495274113
35412.80773049588
28308.708086177674
17841.63403039928
18746.558699650206
35528.623191152736
25118.007122748182
16465.252260210582
29940.65858524775
27054.038571635374
25196.941400586013
14437.29424748655
28769.580247070637
28673.273944429915
24869.09329109155
20201.093126730662
31224.591645012923
40012.567766432876
28260.575904377238
41946.14124042845
40467.73926204825
27195.84269258848
45821.28760208945
13638.579758531348
34015.43673945604
30385.547063835467
21203.156545191425
33669.35759518389
35691.34496187478
31226.755674268552
28401.91771875093
35038.07376344912
28891.33328619428
34628.32564210005
24781.57739795971
20125.738918495616
33033.032451751824
29206.00436487976
33451.973824588575
39983.39843982635
24065.636032446477
28367.497172665313
36488.023905249844
40024.02026644148
34965.65664815951
33171.16040606951
44339.9908632316
38642.60107554207
42543.771832457285
38106.11340632273
29104.035649989444
38767.77970090423
36496.92698339225
32443.645762701635
25564.17153379169
30584.594736858187
29680.080289779282
34476.94789546506
33000.4010334313
24481.16685312395
15569.220601500157
32402.82768643702
5871.9987782836515
3443.6646890033853
27886.807633768818
24906.01287042793
39924.70773612217
39532.23831003644
41279.375050120114
38408.36769497127
44934.8642792488
38055.1423548681
36883.09212791997
34196.17121896985
42165.50814205787
43408.74155336397
52183.636552333126
630.6115193948908
22107.76718172474
32258.87654194414
34628.163027720584
46482.70493473087
40590.75420322361
33695.236912821005
27456.380996369367
42435.37892726626
30549.564488373773
35878.01567419741
41060.44082814941
9815.235395153915
37070.889125941874
33826.316676588045
36247.23552573179
41228.36518096298
42266.79595708356
41113.08658156308
40504.78491182245
31200.689424049964
39720.05202331599
30412.140276875638
14814.370370300912
25131.441200142704
23036.071916592373
28276.46037521697
38048.42056283933
40552.2414321656
42961.20264865829
37020.439074018424
40138.5936460357
37332.97028650603
23334.015981436838
15565.86250486073
43631.93832385249
44156.63775884228
39995.15589686078
38843.33147054202
41449.8897150249
38101.368988342045
37951.32566300041
29873.921781150824
45144.70787896769
27330.39998242739
44482.70425630047
52651.67625569781
41477.39075203095
52491.02001311959
44477.67330238081
43861.045514192454
35741.68637907902
37175.44703895468
43249.734336176494
16362.457207934816
19903.855965289302
34560.542335228754
42752.786919476006
43883.47952484853
52893.424656333795
47342.55859756927
52310.52635119846
35782.121607200184
36988.9108806362
34373.448870489454
37815.7699652995
38810.78608529859
46106.88784668094
42348.63415073989
43756.47752430516
41661.6449449579
42720.31175718296
45405.98392859291
38886.45780666792
41014.109348305494
26124.11928887244
40396.674946718274
53192.86790821341
55057.40732768932
35425.25069644285
28700.021952767715
25823.394427299907
9822.59355802367
43862.35644884743
44856.3576492267
38728.69640784576
39143.413814784486
43662.17672534407
50282.14825453323
39669.897528970105
40691.81851634007
37505.2407191294
32741.518190302442
43740.16518822902
34115.62705128043
41154.659161058444
33113.802148968396
24951.700816130346
17168.202934378052
7242.952065687319
10517.282137279288
20094.506211814605
5989.570672674554
21065.30070046315
8072.679632854788
52887.70171823313
46597.52933515371
31748.379233901913
43087.38497764291
53601.09031186832
26955.389983109417
21677.970700611535
27696.784130546785
33523.072808010686
1575.7751466022564
23347.58228381177
34732.185292266746
29791.19296917316
28492.639033531126
30374.69367908834
35282.16705948634
28260.93319161969
22131.84998236152
32733.587706781564
29824.56405437814
52038.013340161386
2315.5701929683664
33180.96991046589
33267.97370724505
36879.89513812806
39494.79835504977
36996.32116453295
22177.552121233355
20516.0607518622
34488.315617637876
34432.50339353039
20750.101525365786
35998.548808502455
36615.749024371034
13148.87411908747
28433.815884228556
20678.305192655404
11138.524459914972
14848.96406235317
13072.86732755176
34296.23171905588
18045.263088264557
30161.45663709512
20088.735322377062
47752.98599965346
15562.156760400288
35990.192944329836
39119.81833769169
39506.01842538803
39663.568193376006
15220.971839213571
36311.104068551525
30320.24892538551
848.4624629333138
24571.760781622947
23751.047190721445
17625.458921226596
28455.021026353243
22471.66380231769
13430.210686941356
25687.001870363965
34871.522295101495
15303.826215080424
35939.77588970139
23790.75545014361
30409.726718103273
21577.00627410315
33328.71525746794
52310.90075732508
34906.44658000542
46114.48282719363
30132.186318568605
34703.52762960577
23150.639572558513
984.0276536158044
16834.674491003716
26646.682599180935
29976.15639928001
32369.638528378193
33831.33491802722
36436.390563948116
39558.55416323602
48950.47589288096
29134.96566772315
35706.275547815974
40459.93615920031
2629.76113107541
32857.35718846795
25150.902935228092
38534.055027546055
33792.34055229308
41791.034042509
20754.1616464833
22420.09340065667
38256.4958908051
32465.44054366534
43749.95473884702
33471.99641626823
35056.91030372816
38113.058977493514
38756.060204870264
28134.40547517606
32814.744174191066
39051.98445174681
32047.181082955383
32890.05617165432
36035.11209447798
33218.09775551182
34713.09065341759
38578.84324060998
43502.49565268626
48548.891226034655
34876.983821201815
31505.017375602944
26039.638516463416
24243.44862677259
31723.46504246981
31429.809419728495
25616.542147091426
32542.20215223582
9392.108891468062
34974.597509215746
29231.69843125543
42011.245190050024
48962.60749422192
43283.31559779661
43085.43171452594
39778.8399608435
38292.02122649325
40628.86420159513
42037.277684402456
35144.37755594628
37676.49713649796
41906.947769155326
40785.39155065528
41411.97560274957
35625.19846339907
35357.446914037064
44129.20081359227
35561.05444710406
39855.16336349452
39365.065257755916
32302.90908200034
16975.87441182413
30519.886045387477
37118.455772192734
30345.093417097538
43216.19659967509
34172.21310125568
37234.00483416301
29614.8724922905
30563.252089492733
35167.06143083277
48580.57682316339
44043.657160699375
31429.227841659653
28043.399228634993
33023.13218612421
39606.909436321126
31832.192309502305
24451.693348360997
31783.815751205213
17031.38650557678
42282.11226080009
46548.61095500445
37662.09214029522
34173.57403333514
27961.60287765395
32253.99751638627
33110.56940148606
37430.12195549136
34907.239553830186
38545.428120221346
43180.193917347315
31085.062638661148
33468.370521910234
39506.13218079948
37673.89536886802
37880.601599932095
26041.266725483332
36229.64335358751
39619.32839353585
36445.10186065782
38186.395611047774
32750.708544352445
46013.171682273634
52314.83048932783
5520.553737719915
23660.508244357243
48051.490404705655
46656.95529288103
31913.317876608082
38079.862909404015
9506.48458139859
37784.42658794634
44582.555998777316
44707.94393415841
40561.0031457136
41627.826226695295
33946.834300847375
47594.55542850095
28243.967295820552
40305.16333439764
35603.11586505114
33164.542353074845
42548.65523672973
33295.90111525863
39636.706780732005
32545.189221404362
14227.323801114357
27191.14927552403
29934.535874662753
8245.423551414282
53195.7091587104
16898.498790044006
984.0276536158044
36637.24646129123
3865.8394212976264
25127.038219143564
29343.863471304212
33443.681016328825
19767.190748058736
33145.6945759126
32246.48016540594
31041.70302125424
25310.058325961883
39713.247664522096
39761.00219234661
45128.177697958454
30741.339737131977
37263.375498806854
31458.99659347821
43327.43896297146
32126.40214761131
17408.669985808487
25258.46817256833
34106.48428283062
17322.82025712367
17585.19159683578
18835.631607371604
38381.5456393264
46816.10360917566
21265.932901621734
28985.230020327912
20655.901733017592
27052.1136072993
36197.89344160435
28059.331069220752
44808.4552466273
44400.001084577016
13267.85343032169
20234.846738018776
29185.450167660503
15231.928778697667
23739.885140350383
8898.797022524932
2181.601986638256
21610.283816129115
25908.30454906957
13773.87847067923
42764.82171176554
45479.88603484245
23173.11542813111
36283.98825436781
18604.15560836144
35462.887618375964
29633.127842351743
6161.579619380846
35756.88023607617
29124.691242176395
45690.47474368006
37262.33502184517
35956.12873830831
46257.37153760662
44273.76818176938
37687.807264913456
23896.554201314015
37324.50871100807
37650.1132653171
40656.13891632618
38669.788848824166
34986.037902080476
16144.411802902896
44790.07415197185
47129.22821175032
26060.960898729336
31561.55277152716
28956.91258694889
3432.047610169977
28099.646811578088
45084.90527801066
35619.065699616185
1764.9735277283148
23780.219012022895
31146.251929832604
34022.785532587186
34977.08599396758
37227.521665117725
32654.393090345027
35107.00869599618
38827.63051404249
31958.443045490258
45259.33857801013
43583.026163980976
35087.2468035407
11580.89197533157
27285.549762672294
39089.03520056856
42366.258989566806
42217.68042302637
34132.83042553597
32676.415682812483
39025.409253704165
35197.569479188736
36742.94360560087
33084.88823983269
34070.3807736266
9661.250768186557
26595.543383325854
44090.20792468252
30952.674906342672
39308.567873417596
24792.39611665595
8848.735150308432
37860.86153097839
2598.512946450484
25850.018295466805
20461.5292568507
34575.38014333597
26484.02470409736
36486.86907712674
23779.690602369054
33095.327889594206
32856.73750176804
35928.77477542039
36548.393205581066
37763.57285048632
43793.04543563944
52653.864039948305
26994.869628886438
34266.67319265828
32163.992255114594
32800.2338528896
25421.61796449851
33505.68510287272
39770.54263795222
27192.410865530903
38490.995345007716
29893.71001679804
4226.086843267097
33442.38723753696
31930.415575794454
31037.25801664634
34527.72426306702
25437.144574530914
39883.072926646
33371.372200528844
28584.573099833204
25041.286279512144
17525.13613902944
28455.503611976957
33502.913398662
17947.840105632065
32987.146904900226
29956.236395377528
29823.45858374861
28786.025770297405
18405.161402731606
29606.89282006003
2733.5814473100777
35549.94839885187
19386.094279318535
24460.201559193938
37742.62469509182
34572.108396561234
43427.58950729542
45682.75099218366
34617.98018390094
17971.385225034977
35673.95492645259
24182.509220099808
25148.87327517897
16945.87944761515
30146.192663279533
27859.06482256043
21834.310128437213
11160.47018055972
27452.096518634877
25018.13033893446
39059.77694437734
4703.088811679084
35096.368111092685
27583.04821266789
36344.74405580805
30316.4923153781
33870.108424498605
39270.896991830465
36337.28931039449
33356.850077485375
40516.09022276677
35390.23094251986
38753.78781765042
43617.71579603062
4106.013986923431
56552.54969505906
36097.87391081909
32396.09811540865
34901.90017140172
35228.83698807436
35081.877032328615
5956.960052921062
39048.16794028
40333.51591076245
33870.638732371175
31616.22300636269
40451.22556334327
23180.023920516574
3678.341349337748
15904.115709986067
28917.042343258705
29950.653916406685
39863.63412516031
31096.862271320457
34305.544741835125
4384.831712100277
38782.217067172605
39319.03981038455
31833.78712477441
41082.596893868846
38554.08967664486
39145.00662414403
41430.45728440412
11173.826782140613
18714.164534267657
962.7892397361702
10019.89087694492
15775.828465728548
32797.25886944626
25864.600127309855
40218.88990951517
38298.56264258416
27824.86466114714
17367.713607237318
33195.56809545463
19495.85388433738
38587.647507321315
39468.49477159165
36516.053077247925
32674.870733019023
32601.890240828667
40026.97584848025
38522.16909373073
12248.235484716915
29928.50915352403
43229.027695279394
41480.11315227884
45094.50326512215
17589.673127332044
39601.18374996513
630.6115193948908
17577.226099910786
36821.75883219073
20937.595448665903
25565.389244541228
33426.64166665394
39644.04199180647
26785.173064206276
33941.796553054526
38848.06625142353
36717.22743898964
30324.28986358494
33767.23560840208
25162.415403450308
34484.07284241648
42837.72901903764
52466.712300418745
30512.07941173765
29549.016053983538
28741.77216684129
31448.74564438481
24748.5021531368
35925.55216684771
40567.170532557255
27686.9610670045
44571.84307972969
34507.74262114153
55063.366585234595
35515.61073497166
1211.805230445525
35812.59314984846
39992.19347027401
38791.05332895896
17503.423748745932
33289.12606626727
45413.00203138466
41132.023547972
45233.53156975349
34746.884544418324
38584.98779887181
630.6115193948908
26766.57514517293
24736.17607201633
24762.059012954855
38222.361561306156
41374.91800631532
39229.12817446539
37080.473048118714
54181.282534593185
47630.27478042306
7121.547137605974
38812.92441450175
37656.95070924258
38676.64740846712
14062.875189543978
7657.52196468829
11282.57551311825
16439.63077467818
33636.31267986963
1308.069619664085
7657.52196468829
12916.698606367423
15202.612434780107
35835.62152279289
33515.510937932915
36851.11787947941
33232.66966057853
13198.64033649874
38284.77057910397
29238.53090286553
37618.50930709464
42269.172480874484
35781.689224297785
37706.542122285304
45466.550472141054
41307.25232914086
38943.0151160705
37564.704189112184
37407.105753430245
42479.42087498472
37902.298058874934
44846.12759070784
34298.52312772994
28110.8510109146
34422.32607592928
37611.187154781255
33623.67718287236
25293.778419211892
38074.5007404596
28797.70995081436
35934.48671377198
41143.852473720624
7789.918772310591
32616.34042986284
630.6115193948908
45470.51243157726
29643.063315257372
48177.9037869216
25885.194633277966
42276.97957016901
34641.372019368624
40819.32284737776
39493.74367775214
44888.4388612121
44160.9455161919
36530.991370986565
44889.61672631005
32969.696368454366
29024.58791436176
47384.8372885077
6806.263986451859
6806.163518811873
11532.32481736738
15031.781440780467
16992.546496986488
14211.068426010688
8538.943912171295
8538.943912171295
8538.943912171295
8538.943912171295
17142.472281588976
22129.410203895546
52666.52223011282
51671.04363765037
37863.05158796789
37854.344602637044
40328.978241267236
39220.811884885734
40642.10959594477
34599.07466394648
39954.49865353217
44847.10827445659
48670.95723816731
39870.95968782509
38858.17747184222
40222.45300561596
37372.58103743033
53241.19142365988
38831.94860746952
42456.8971244875
31793.307683321495
53196.90587001453
32179.267524978568
37699.30540098798
36926.06753313624
33723.28221694613
33084.378234313794
42573.02852091653
30098.798296136556
37300.36747003876
25823.94371622447
46124.25525223548
53603.20013417266
46440.03752677677
1211.805230445525
43731.60142103201
32168.27072133017
36889.22546693372
54178.51006623355
30426.686262345924
35674.61326351302
35002.699437754556
54181.49577788678
36083.86100832873
36744.25636733969
39090.40560480852
18069.43648420997
12450.840600647427
16237.195359243427
15012.060613550613
16203.150441164822
14508.382943396353
24415.865533098648
17742.096204552214
53192.12007205565
2066.4803362548737
42940.26060823976
28349.081071769702
39752.23699807864
37771.32004264072
41967.081513206074
7657.52196468829
2506.791575440302
35882.83751606978
43988.94347069151
39439.73204254923
46421.24696388667
41124.043047606334
10270.043624550683
45739.390323741674
12499.1917875679
37595.69024514933
41319.717551234586
37229.04174391251
41500.36953727573
35330.306501340456
39429.05653173069
45184.58513020726
43686.021442031
47012.89385698216
46412.365067553845
30138.255565932945
40103.45260736239
37024.113822483865
41130.19311435933
46464.80802974593
26611.635098605177
44440.882646501545
39902.198303433775
41930.365291315014
8248.202943634458
35468.38968712016
40792.219694540945
37382.18710371083
42592.59196347455
24819.622101252575
43316.290361536056
31608.47831347964
43795.668694018896
44682.23499562482
40093.10533232137
630.6115193948908
35495.14221748176
38863.25329166557
49037.97347020901
43358.698030055115
38902.14372513537
40820.68713103903
44134.981440963355
42703.0718158192
38863.03474821951
17728.679820125413
34250.705545401936
38287.48663972978
29179.864484100784
28544.22839893185
32755.60092574575
35361.05414844333
33030.947506651195
984.0276536158044
27239.964416428455
20888.855542873076
37100.84152413774
39674.08594721166
39673.75126561652
40919.44488499172
40334.015154579276
22981.67257185368
16389.10444811868
25283.17938901843
26080.599989560786
27390.868860776714
25603.934186709077
25868.11066980416
28112.25212299594
28125.269768930393
22578.32998435896
25741.844535424854
14251.204477369225
10804.912136441262
21300.02523240964
29238.56277050083
12622.539680913138
20067.785039063663
27860.321235991836
20719.415281821202
2306.577568392644
32158.742306748365
27014.078680552786
27703.23555347489
24297.4701244475
10454.423255661926
20009.53665684362
33465.422704117766
26283.27350059372
21361.198338075472
11856.233927641277
13179.689217894515
5710.0808661909405
14711.83030279992
16771.001758333237
6655.592972928483
15202.326457777664
28599.394706217787
17210.973803476343
36430.60052247719
20507.28444687713
18423.68534599294
11739.553023667422
27526.93725024954
11357.193553131312
28910.26924626285
31860.73628520456
31191.361787480004
24487.17353964695
7879.177759309856
10881.964986941926
34520.215444872454
35838.978827117426
16320.483318942233
33486.349445223124
12285.430965950569
32667.041648577208
2598.512946450484
24666.736784840854
22514.93874224748
51905.220837988374
33822.82913599093
43467.807080441286
35455.863950918305
37852.37031724654
33347.89170151632
23334.39269877989
40217.82091043644
5699.92330501851
20285.13842928362
7525.3197598123625
16973.829818798094
3504.8994386964932
24703.384012353465
31373.53345196952
36877.76157333363
39651.77197973486
40058.49350155571
33618.96257069829
29052.15953339546
17755.511498986827
35370.35913525945
35066.220402294195
21213.930502170257
18527.360965533182
43151.13097572363
34020.37537673716
40761.92495345694
32327.154480530622
38611.663734667156
43643.470733836904
36576.59421124572
34693.58861801719
42445.08922016737
36453.21364033163
38235.89766082159
41177.96238152633
37827.50347816938
33658.27461163971
19767.3574955351
28994.406953365702
39412.510979567785
38767.58894509647
34989.01459565819
41162.81829463581
31644.630483407454
42739.36501664468
32515.546007253837
32903.25448238334
19205.800354994673
31398.624238094413
42640.69370904098
47463.56086935837
39673.104387759
44777.263081674384
43828.24561149923
31473.12699862607
20841.24057476239
25577.438996547116
28352.46896864672
31176.26462072108
39607.22197100762
31723.87577371131
34432.1091196538
31892.527908453798
34231.99975687766
32274.08871638688
28231.322812704533
30680.517632709427
5641.953848050865
26884.302574770267
35363.35538236588
10190.213577301096
13936.089945104177
32225.004448378684
35691.79094490117
28005.27781849464
31944.89220390224
31788.660266525407
2240.8190963703596
40900.38316806462
52891.083968856045
31384.982535539082
27510.287314541434
25047.448005534225
30995.74840656293
47797.22184021277
24701.925466916273
32407.37397642205
33026.76451069104
38253.79966510766
34080.02732679606
32016.65231569525
30156.199945110096
18944.993720086255
37178.543157937944
37297.705881688635
42214.96782569733
42305.47738297696
33001.556405631745
35642.05741597779
37545.48167208474
39269.491815187845
36602.38531025339
33325.86545487111
37184.806004201615
32447.52926673513
21231.701258737
39823.825104703894
984.0276536158044
30253.70215194078
26960.95232704889
14031.18923991822
27404.313404085628
21213.818335095486
35162.18642518697
32082.744622158156
26500.88654929268
30771.187071420143
29236.136372832803
32612.443022445677
37017.36011937208
21825.05485477862
33746.82258560534
42432.36598737822
25824.91893076925
15415.348307852239
19274.074279705477
22616.77969411528
18296.531209274093
19447.309549333233
38499.24645732274
24309.922939142216
28546.21286829085
41794.02806006225
33662.17141503217
40472.29050703599
27856.910610712377
36271.37204703544
4669.992519923007
14422.687385239347
39030.9895011215
2851.890484922311
37257.37705945952
35981.43557034623
30521.689672281194
29017.007334907175
42473.08047859436
28492.316704904966
17475.019567180385
23578.555392447302
31872.209858252245
30415.940015944914
23904.96496101678
23110.56967057814
48749.38868644739
27705.936251578612
23472.83698248119
28661.900289859223
31815.844468838877
38727.306785421904
29539.315547859438
9386.135009020709
2181.601986638256
18469.839510691592
46101.1046924128
34206.1950937354
37435.00257863022
37831.58887926597
32571.17882835267
37317.68143526587
15570.56094514965
23638.269493572443
2834.1304507359982
11606.104609580952
6519.328772277872
14565.950601851939
7756.74242330546
10848.683527500802
24351.575053286768
29681.80951364555
16360.079669073491
25695.030863686614
32328.00713296023
47340.51891261678
32115.46626128159
30889.907108443906
14926.560589702189
12173.863028914267
17735.185089619597
52077.61234084638
24912.47324095606
39691.12303580805
32686.097882402653
19953.90274541926
31927.78774471045
6864.8263449236765
13071.221105703053
12264.211315533013
7529.853690237378
3412.9703491904097
27070.310311803514
21450.906147609163
39048.82566009994
29313.883004009782
23875.881703275936
30019.78352803571
36349.690054526225
41741.709476991455
38172.70093227183
26464.578812492073
40050.24685925408
33625.56556690736
33652.134857406396
42166.743484944054
40182.14926768699
45184.20841773029
44048.606117234
35495.82610536827
47904.21796034627
45385.8245738556
35894.69336442105
44802.651968097496
37547.85254021634
31146.811026115076
42325.34952548949
33173.69445499576
37285.0356372913
41472.81661747765
24217.365337274096
32617.67451677021
16161.535480668888
9255.257431263892
19231.45794119868
10173.8616764919
21764.91938858816
26485.241660582305
27661.4292209231
22221.75238800316
19244.335971468183
19108.303605256875
3715.7230409824238
43723.094059986404
40992.882935709895
41402.94193963336
40641.654822166
3551.458926421609
41943.772827621164
39029.80137553209
41491.77172124066
40797.142029586
37136.47934588469
29772.61849945385
52464.337367408945
29607.952563831634
38962.646698007295
36525.490693092535
34944.6955768676
40786.53371067389
5740.135114048596
36197.139673914615
24939.01258439705
26576.906026011533
39221.72611394865
38407.03989613449
44891.56625676346
25216.05279398924
22413.932470493048
25931.722502710258
28225.111429472923
22758.803257099466
38874.425515062256
43307.87679872364
16922.22921365361
27439.885005307635
32154.921969142943
13552.14542477605
28025.75541230376
30639.259824260873
25010.403039831675
52900.702944229386
22684.995932931182
27646.703384563174
29193.829355034566
46595.50718323262
22678.936696405177
30088.270157352374
29009.602484410574
35851.22258536867
35923.45817831368
29068.580953164113
24130.018016455226
32220.187792840337
51904.539754703655
26854.03260237752
36678.62699402143
13986.706078730178
29211.15751092794
10149.38420170595
25750.73274257136
13571.531295717552
25406.064807562303
27091.53435428679
27338.09122298698
26981.128741129134
3568.5185098447155
40632.36520924167
32119.985087512374
28516.04199222433
32469.91788148243
32612.74927647732
47862.43333558614
19744.75960079194
37922.458337506454
18482.89764494361
33033.252737678435
34471.28158664474
6463.928866840742
26009.74612796897
35012.530291854295
38258.911316182006
30225.510912161342
33505.29518954631
30070.330883131166
4358.342873996855
48750.881204120684
27235.874420092823
26277.476587170553
32151.57876420014
33962.98164342775
46272.68744574778
37075.98320763823
24285.87494080202
40581.96501124287
31700.75006481446
25628.45588417918
30487.686845819007
34647.70970125607
38071.1172086156
22028.013120252697
41149.10738113902
28120.96485263498
32347.838326983354
36847.30014322609
29755.130864871706
27395.351700428757
29489.227842213626
34362.57308992568
32871.07536054374
21163.93606874652
35550.82271130209
17397.92958324389
37124.052818539174
34689.7689688037
28028.318010566636
33556.001639159964
34985.89091004383
36733.77278438314
35609.63598113816
37532.43879263106
30887.06308499081
984.0276536158044
15212.768359755099
29543.03749300269
39667.561247556776
22985.58183515147
35044.874191569565
24192.70652667267
38294.27542192081
22665.237652868196
27202.27453985206
28954.019423831465
43940.27039951337
22908.385683267938
35249.31847945387
42446.641443800225
40219.28672660192
14299.274206179727
35236.196399806446
38278.87672315009
34651.885379868516
38610.45951669269
30616.60852366505
23651.879010179207
32023.5351975106
31601.2463956505
14565.583076085306
46217.70562863403
30652.20077135903
45878.951673197895
33746.123499590096
30705.22590227511
37470.96467505789
37062.798432832205
44380.46082795134
37217.178605228815
22298.382323525097
27630.852570994535
47754.70907744051
24452.12274516175
37208.215828636865
41352.727154503744
44666.65506361414
27440.28943090211
36882.382204065165
31552.24686781159
32654.74187316228
46236.62248985935
45569.40273001245
28984.959772970695
22646.69898273054
40876.6383094617
42814.371163025535
29328.71398657355
39192.21817249745
38451.450967451594
44811.988185896815
41294.00295896559
12054.673903626695
22139.604019871425
7525.3197598123625
32582.502021122797
1685.3127120192576
21067.561284082105
29059.698843550486
52186.20399189441
49473.113188747135
52185.77570719762
26926.900783304944
39926.54726985536
40450.58010613515
37726.12618392881
32010.72110144426
26296.94390152356
41440.18020495305
39151.83821508649
4845.063896530857
2241.0483742778956
33831.43747713912
37844.4429536603
34109.2889112099
42101.75255978218
3878.7188258441547
38053.76304733004
38610.37898714367
32958.17141043658
43458.803794473366
40119.17978178111
37113.57596671336
3903.4648645425204
40867.67344532087
44718.03939269142
38950.95046658381
39333.734651612096
34940.2963418992
5998.580185545935
29590.41778092528
39754.483184310615
32852.931101807124
38122.09308672187
42478.16775303292
46854.39865719877
43809.74728740062
35719.21712842725
38142.56666672424
38331.49284220061
28857.276868957466
34547.402144676045
10519.966214333685
43635.376760940904
38646.3707694775
41627.627286167924
44219.68125357937
40255.70291825756
43201.32036411189
45402.438893949555
42336.395238156496
630.6115193948908
20629.702123610394
4384.847401547206
36950.40401784791
17781.91284484536
38761.76586520457
33861.694089625715
33267.62257618169
18852.08671065258
35537.724396757745
23317.448523072308
31518.078705242948
36059.44039604249
32265.18016958892
8233.265630149324
2373.56638206805
29891.01308931785
32385.17022216168
45198.017105244995
34895.257235527235
48077.11700986241
32216.01488124632
41149.42132266534
33404.25281367046
46603.51498870671
39308.693683458056
30324.507956990965
37123.37824487036
22198.416962518317
53192.26964904424
28967.460378313728
37757.19201646923
29977.72415868364
47010.491225175756
25589.77906945498
29675.00821260455
34899.33689265208
35143.70260550928
630.6115193948908
14684.121872359425
15506.92222477539
22285.300670234148
35582.76013354127
2348.1832170205157
15773.257189542453
31482.50934461428
2598.5065536751745
13092.101790827668
27502.57199751861
17904.569446795475
35391.91828391224
34760.9184822683
28227.991911169658
20994.322574256366
15494.039966661167
20345.20748480181
29047.414539807734
33299.556009529726
21022.090342040014
22059.50909034398
25349.75214827652
27807.675210943653
17905.390743610194
21078.106175654902
20925.197957673805
18856.24088234376
21272.60509308608
25140.351094078982
33999.36023888642
24767.777693143642
31492.673547708826
12878.71364374489
23013.110736099017
30348.63050526332
33288.7040166094
26636.889966417548
33783.13198681865
20520.951234640885
34159.789284289924
27172.03720285468
37196.44523873247
19437.15171305091
35793.79534876741
31168.398365782286
24939.771629520154
27957.84671135688
24464.12566330018
48755.25067583452
23311.17835592777
31345.28328403729
29861.847323029182
31776.531460945
18331.145385532374
32158.726360234392
38968.99386069236
26211.059531133193
26374.855817428328
34123.0729230083
29912.21169054325
27027.34588113457
24287.722694616838
28988.917211687705
22445.874812232272
31667.980185652963
53605.310285231746
23291.645004950504
16591.170187404245
28660.867938796393
36382.29027426911
26995.260438484638
36961.712589600684
39376.63803306963
34758.79837658604
47754.55253317779
18624.564450690374
26883.975688991497
19883.947202180017
44772.150578755485
27528.92988144147
28787.79943940859
28306.16354134949
32212.227814146234
11536.452202342109
34178.25930954672
14031.035810417092
25244.830002204086
25263.37920230572
26542.758277578294
30331.45892139369
53305.14730109309
35987.40281969413
40799.87834082731
29839.540095737626
26446.252355123685
28574.78329244178
31571.415881375007
41301.08314800295
43031.10697652455
41759.41197403432
30680.99244517681
40948.439648885
41882.79134876203
28717.67354106883
44639.63458590973
38493.9833329669
36111.73567874653
4670.0259402126085
38874.948039367395
41805.86858563214
32218.191588464128
31830.692091686076
40703.04188679325
27131.71457197361
36517.87877636048
28098.570183923326
36909.58968402965
32778.480843582394
32115.61027649148
23457.357699870987
37677.19288189692
20919.68252770076
37956.50723854092
17526.158346455468
41418.887147185174
6183.129706032782
35152.81156900732
31108.27731267972
46491.17372052256
37798.01076744424
40075.60379115434
43221.6641479758
34624.66475664799
43294.141095710766
42862.27163718796
40730.299257186176
28803.837233713755
41604.584853404354
30233.88852507545
35157.69064564422
35261.63337873062
39213.05053561372
34539.22403679666
33032.47796141465
45198.93792012107
41315.27556891538
36608.759398567054
38428.37536681296
36446.1260661923
40068.52405794083
42916.04960782796
34944.82500270233
37366.81387479359
33652.30959731369
18624.442253487676
31032.92710843679
21635.07607576969
28630.12994236508
25613.5013085745
36684.61736877613
34796.74614745417
6286.789358484239
16492.57495594059
24732.0704123838
32958.298225003804
44642.971606151594
55056.86546940648
42278.435062139346
14756.450504129858
23550.82386501424
36520.63320883014
32439.76547763999
36667.974737590615
48186.1654290986
53204.67619150912
39660.961856549264
53192.12007794378
52893.03603826532
27630.133440290774
37505.31329222733
22172.021937121786
33358.05938419939
42438.04130339933
32018.817148768965
48511.35195164848
33150.59067090124
52658.582012463856
48750.56137520235
40769.75746576241
39662.23034309809
39595.899727123935
30958.78034141659
52889.393208209265
52651.791402236886
30744.301077284526
37894.5711939176
45467.828749909066
40807.54427242753
47692.41717211712
34406.64777737935
30284.321030956326
19049.22894519536
27158.573625779285
30295.329051055483
39046.20850925484
32969.17016021341
40739.34718908427
33794.581078879455
41865.61884586536
43914.16371998848
40486.04017119845
41090.265657738644
46417.79742235807
32272.260145234868
21328.144220583657
5455.628837733053
8713.348559911643
2231.992854256048
12141.543269025364
11050.198971136873
27082.41455380511
15998.91936467557
8059.184876242171
13677.77373707374
11528.881068519679
17727.04063262385
6202.753328899665
13058.548441292573
26664.304668928406
25404.363377543938
630.6115193948908
13908.278579785776
2231.992854256048
3294.1945068959185
2038.3709783811078
13406.650467497133
5773.8253432484735
23788.220488601386
31515.21678569204
14644.365941511991
16528.74749128483
11923.83292829938
18449.697651101043
19549.407703196197
8159.021401788975
9221.112243652624
27986.08547514615
46297.576455017545
13369.38334800946
41333.05578107678
36859.330023500195
38654.217054195025
3352.7824369072273
36663.143809847
35244.44645384368
36140.08018431695
35282.243711178104
38418.646811914754
4116.98773470183
2066.333950621466
43789.69078928154
31409.283120160155
32654.61282078507
4862.624512744238
37235.791530936855
28831.898706150438
39258.29390612021
19495.296150936825
24976.1848855316
29639.35893829654
9386.149220855179
2181.601986638256
26036.734093114865
984.0276536158044
25320.248994943046
29107.715777924583
3316.3297990946526
31767.395067415888
39325.53513786834
15616.082168881723
22803.10934512561
24000.974453460836
24369.830763244252
27603.19957101064
24758.73857410702
24436.186620205975
26802.071045168334
22170.177178346494
22096.629602382913
16400.787290043772
23825.095780875385
30656.11966223822
36373.64212983884
22935.098697695965
25742.19438398455
17029.023293834965
21034.616016786844
25408.1116361106
21486.62497392759
38751.36220423681
38623.67426088608
36867.42839134315
30617.195061576153
28499.76869984671
19304.01112050298
21371.237208944734
29726.491577706867
20005.98206717222
6177.481230784517
17771.399843228606
49477.14582661096
18022.39148261952
38644.45551941107
27041.899300326102
29988.800066395335
30822.070361903574
38810.364693580974
22292.32916882897
23304.973427613913
37476.53556105104
44797.86187606587
31712.47300305473
20830.443327396813
20748.70278878087
25812.862840645288
11691.670566605215
13405.507270438144
40595.765671742636
21590.741579002268
26843.884190740275
25923.899640524494
37702.09289474644
5983.053427053024
7880.326390919837
41148.90862286513
38493.594630717766
38096.10114094118
36863.97870288011
30242.845660408708
30023.99093540694
29760.57964558056
630.6115193948908
13218.988826071813
34673.922029448375
24040.968104063802
35369.75306016127
41879.083661049684
31589.318507196174
27486.67307779918
27889.022738670297
22096.677692571775
31398.14974002683
37589.083083527556
26736.303552004494
17756.210383546553
39274.031207624175
20502.011848956696
22424.62934691797
11194.56645592708
35285.94235640498
2232.0312906447925
46298.03208825253
2731.3292112192503
35370.74070392484
35820.415385807995
41217.95383652457
30441.00929165884
44507.73896992714
31197.44115335689
39661.5473028475
18458.57760890569
20785.55810185646
5128.367578066118
31835.385220648517
41705.56221668878
45930.719006361265
45883.73289391547
36957.53609469249
9218.81471698371
46180.69137366462
44743.77602696385
40270.26820580492
38283.60825484156
35751.70752787275
36486.36494666705
18800.834609093185
37482.804782944375
48536.22693624957
19287.46737300815
32267.881733915045
41951.379572962935
18481.771320033273
31251.448647700683
27157.228103004763
23515.19756509695
34091.410456382204
20828.986835032272
16026.723461985819
14599.100440258904
16108.138573773294
22823.949634354518
16520.887935053015
21158.913569134304
22839.81031654081
17377.709969312597
40896.01845435384
23014.17737746453
30437.42344026697
21729.732969702818
28395.16737781343
19153.27555838774
35640.311506591825
36407.73009738551
29291.26147070835
984.0276536158044
31286.182461619646
3463.095570400989
21602.64329172245
22586.57863982032
4540.588672565523
17198.08182874711
29358.288661479113
23171.024829947597
32409.908509137953
39381.25698368404
35357.200717863525
31781.19209185986
41925.081057858566
24725.414702016868
32115.17986761364
630.6115193948908
17910.139406216353
17233.751164948477
31076.69828691852
23475.827560345744
29632.142214128948
37559.09048622336
36562.60264604796
48950.764940053596
12034.309685417797
35521.26362248794
42088.93182791963
42183.63798991868
35137.763284739936
40951.81390305242
42791.43859194137
40374.028122770826
46391.338827391555
34440.41816860889
35917.39795773722
37684.3157547378
35547.104995392285
33224.19769810825
38404.55959699457
38571.79946685958
26477.592802518713
5580.68847051943
30381.41773394506
39196.328592310965
39764.04327487333
40862.313042847454
5076.013491091172
40808.50304623815
42834.165442497964
31667.47385085522
42621.45142626444
630.6115193948908
13509.910459685909
2143.0551217147654
37633.607375684536
40188.83923966814
37663.38746893988
39111.254193436864
34185.94366257972
36895.63931660739
44650.13362578112
39643.81995234309
11559.41312979003
40768.242148501835
8180.445076401864
37011.78497941064
40737.755919436415
34162.250022861495
32871.968101916296
32321.04439526483
39314.032305276174
32793.570444548386
22828.006669262435
27610.110006916344
36956.64335451217
42995.96584271738
27096.346983172218
27339.946298521823
34026.14530595442
43662.61041375207
18768.27557295393
37018.6900886386
34307.489241985655
20728.641292085093
34604.05335469763
28619.52116186159
9386.135009859892
2181.601986638256
22991.78397752906
12586.77904401228
28067.782773237257
29009.963996543454
24229.711934531133
38116.546270254716
3865.8394212976264
41518.85573348466
30944.413982848244
40285.68519033779
29242.25690223192
31965.91816545543
31295.050651395333
29673.835934582472
35956.91211369538
34469.099915147555
42266.79595708356
35983.08383355258
38959.88294247937
44841.29374287413
26358.13767428069
31677.44214548216
38280.81443720009
34292.89939759343
19965.1918753873
18208.844413945284
43718.50671007217
29947.914373792384
44263.54448991406
46490.33492288146
20301.85388684004
23173.99822748387
38514.298426186186
32223.585237644078
6004.258991732271
36346.747972218844
36145.245337562985
32858.35002895013
26763.41639267626
39764.282119918484
25520.184759671716
26463.883774752587
29854.373501772352
30563.427372272592
17968.415028938838
30093.50048640446
17543.828031810302
28484.89627549795
38963.35766024474
34580.081843456835
19446.597453780385
25207.650942397308
23672.557543607487
23925.132695081975
33215.13158919047
31286.11213822478
21503.270404178158
5758.401255844107
46703.77361407551
35913.56547480717
37808.683119609355
29333.256074434452
31161.48988016798
6579.351849523878
7274.611530865496
19143.104972975983
18685.799724375163
3003.249968034227
36518.836264302015
9218.633278947738
41295.623263451096
23127.168581981998
42072.8506770421
34529.77654673054
37157.083790461555
41061.24900272662
11093.94006693811
28811.61620227297
22415.368349097935
25727.663052202995
15174.082327682812
34809.432868408585
44812.93770399242
41840.61890674757
41038.86198578641
46073.74495006423
42172.96601044772
35331.78909181567
22904.88568230754
14890.433117947166
18320.059756150666
25310.11135978781
37818.54945611344
29254.093054154593
43624.64781803065
24494.147262286628
28049.10264611117
22906.837891806874
27616.497463128264
23179.060958484606
36867.34981079793
37768.294713685005
44529.66033980754
41827.719917842485
36519.31548424647
24912.371388109786
35986.74910509559
38076.51806211587
41571.73008619743
41715.53916430143
38416.10160744522
45068.92498118226
43374.56052578047
28535.31057890125
39521.9267207202
10018.899346285556
38201.03886091731
43403.47058937473
41377.89030538951
36789.6832120057
33151.49312639121
43789.577615577415
47334.50082852126
42002.68492815517
35687.15285623481
46559.759813009325
45203.864412189476
40509.65067400227
8427.138593418265
37180.44085888378
34959.93947312653
36114.65498901564
33661.3608603813
38325.61279671305
42342.459567376914
37387.80161501616
53601.79365287206
36521.35080321152
38692.0281439282
38502.548931346326
41827.2060751723
37866.3978052476
32484.431739840184
42800.73162661424
34958.19942878336
34510.67539071654
44395.63648760732
39744.245417445614
41199.826109399284
41602.42960261973
39589.140562122986
20803.653321782334
38993.78052942791
39977.34857218175
53604.43081053084
42299.59232421545
32879.90545006564
48770.48193980504
45058.72931707677
39748.354280188156
20062.204577601442
35139.07271917996
40656.778373806934
41749.789802870466
53192.718335430574
44731.870845316946
28846.012180873367
44288.85038328846
30745.511292257517
31763.927935111806
25165.210734964818
23004.07328068976
52888.35231148906
21289.001475012854
40742.361474167665
30250.08667123609
31952.426192048642
23141.540563778228
28118.14692845909
2857.9366567806023
36743.46466616767
40745.04626038136
40875.219762160574
37418.459646168914
34625.30094622057
26239.261542173947
38399.62002229028
23810.78381650091
28307.767876064303
19718.80637219645
31229.921900409918
34913.407093121416
21505.38598075364
35297.64340919397
32371.199338302238
31816.989900553235
42509.861007829444
34541.255248629874
44964.47779881876
24487.47799951187
39958.47193058035
43113.27166632937
37359.09228543723
28319.290572618844
18018.071111115845
41317.66512220947
35701.260133920434
35312.087681329554
40104.35046099168
25016.930861238583
37328.674308656606
27877.32225053212
28971.86747445127
31245.91418161154
31186.245452385756
29082.806809676724
34853.9304121616
35374.15295929443
6612.737159125732
33969.919629859134
2265.236595269047
10351.97868931235
30413.018862238358
26843.601750930953
37617.80449342232
47324.95696898932
21989.728687235736
30123.842804691885
29673.81357612825
48182.50903292024
29761.99814037724
49372.267916838005
32837.27251299893
35910.723632869944
43295.62909347124
35193.141353097584
26445.049333997817
25253.452846801487
10906.030156192426
21849.21991685436
21081.35665793606
34479.42713121363
49909.02497763227
4424.022947913909
32687.74541531939
17074.18193886665
44660.05562383131
29187.596971020037
38944.67716419723
37201.207481081285
41184.59794433314
31959.72884627624
43283.01496629247
28831.60669787235
12084.802213719768
37610.19998994407
6704.297727612986
41834.582847033846
40138.541980092006
39206.583421820615
46123.793736458625
48157.822324472596
37163.58690321709
9386.135009859892
2181.601986638256
23737.142551994697
28025.862024156104
7121.827445056233
15627.444909941882
32698.56116531104
18244.197823725717
17645.184851127495
2681.62816556731
44378.512653873295
22600.940298340996
45516.04698390071
32323.970496350506
35072.882161891226
11909.447372760651
17541.784262865327
31984.10444859587
38521.55208079255
40073.02012771978
40618.85723253124
46415.91065638626
41969.73545940751
44620.48371326094
30089.203688565856
22198.831818796294
35436.544221787444
25176.37648490915
34384.18564297428
31881.943077990923
32893.9171468327
33530.99511221694
23383.56721531543
29210.278617926546
35899.07488789468
18636.868651898858
26243.496630632304
20713.302191090188
30796.44393580282
38720.69132851705
30908.259924763926
18722.90105129192
10592.356738366503
6805.459471077216
42318.66890313589
41712.116236959926
38615.55530522845
40752.305869788725
6579.270912990394
14832.646024906684
27403.87523146593
27569.783755451743
19194.040605627964
12300.674699104997
6810.9774801528165
48532.52816493264
49315.66468685836
49325.83282820156
39603.19458857164
30453.874132643035
2681.62816556731
630.6115193948908
52651.6762534312
44378.378265771
14122.339274982996
23858.496716006302
34525.296007237535
28238.298179380527
39966.44737754929
35456.5464690722
28777.409193177205
31101.931438377866
37934.94252054487
37420.21680852654
32414.202237710775
34156.31720570817
36999.342021077966
25006.252400848956
39553.64255299371
29610.631439383997
26800.00126915823
20902.57635230647
40291.722237281814
35341.73117497396
28651.912428888845
42858.53652810452
39422.150220367184
37048.04916813299
44898.484441322566
27589.264771106125
23461.013291507596
31248.08409566051
42960.15383031836
22834.409299808867
44173.13850965024
42159.09615007632
32831.80853357277
35730.414485948546
9471.46718301809
9822.59355802367
11282.841928040763
13551.137089711365
33766.903310956906
9822.59355802367
11282.57551311825
15565.801226280051
15565.86250486073
15565.985059127315
13550.870371796533
11580.89197533157
9822.59355802367
15565.985059127315
15403.212943964883
17024.91381318512
18492.881891328536
5441.456552921652
34287.20506345051
29192.80391589387
23436.380738248456
10700.858445160902
30569.310260891616
40015.672698959075
49560.48392095401
42291.988324336366
44829.46409827268
45395.015408579355
36520.852109586514
43174.78631879195
37979.4721182401
33644.84493725883
42131.71598917306
37824.68426008539
42149.32758478766
41070.24524763312
1575.7751466022564
37194.387656963154
37331.47037875967
29444.82977338489
35978.18038513213
20076.722076877486
34847.188482672755
26375.627358228754
32895.545200284876
43292.99777598969
33475.9438831061
32226.89010139925
33165.79879268701
36365.55322278964
32812.64458271713
52082.02506392284
36205.46716789142
40444.168887619744
38163.548963412184
35408.265098955686
39534.37443057646
38552.81162725885
23285.554330372564
32978.49228170668
36444.292274203224
39109.8076910632
22021.608884171077
42499.040519816364
24061.640075287974
17305.2087159209
38071.78205715879
4079.5550234594352
35254.67172209762
48537.96238476485
42269.38858540592
37518.736048535524
984.0276536158044
26300.844645863326
10766.36627868975
36333.27847003871
42185.722145604035
30632.911982508063
28551.16633338201
27572.233739538322
42075.225420753944
28763.61959796597
34518.28480721579
46673.514823518344
35881.30552839761
20867.08165951387
35018.53197986834
43890.53037428229
53212.88547665531
2143.0551217147654
32884.06931025928
37884.16824300489
44981.81798815157
31091.375317326136
41569.06673313163
36899.367577709796
47620.153139036214
984.0276536158044
17832.739087524737
20947.535988819724
11617.272559108605
2181.601986638256
23472.453675634315
2629.76113107541
39776.678076277705
38837.51355159035
33059.08763206215
34860.848255994955
26037.218339297215
28808.720898437463
39319.36176242553
41587.44752319428
33200.61786542003
34526.93150769003
24359.764831938384
41229.66352434671
44186.662482843836
38974.71505382201
25286.032775521086
34909.597342929745
33298.74591851828
27318.636728680332
42943.44391687755
42920.14617907041
19271.39710818463
25978.173602180213
44153.953394798344
3091.6393812556576
43946.94613368007
45261.32935782354
39779.99455743598
40329.18946342826
34254.58365922282
37174.61060180028
36475.73456843965
29727.738934493704
46602.113900579156
49172.07406065135
43700.04542202774
47550.95978902156
41674.642688875254
47618.025891161975
22079.437255834804
36390.3623545056
28982.643984699396
33206.490235798985
34041.03275224676
32923.65583233768
38960.22166981817
22838.49167047268
25743.238467826668
37113.46759839673
19879.069042794057
25646.0018815078
30100.052529922374
32933.819328528654
28262.77093272462
26375.269712560294
16149.591681229063
21037.919060282256
52316.139951647965
32533.013008105056
25273.08182930794
25221.56924074109
12930.980202281697
38912.95213052185
984.0276536158044
29070.143563509537
1445.2514480181849
19474.219581936995
51985.73657427286
23225.25139916395
27445.565135049826
39053.74809415073
30972.34015185497
40097.32500174065
23221.40594443789
20448.52632052122
27455.26810403994
30978.007393279328
32605.621470536644
18284.364023037415
35469.70182147017
27911.824652953943
40783.4159278735
30694.554947624496
24089.409613872664
18716.63224568589
37617.01360865079
39066.41559616222
31522.9845883103
27485.822518661324
37618.42747417229
28897.518040606046
35884.50762312323
48011.858546614654
33055.828568040044
9218.81471698371
44568.978207865504
33299.52224074825
26349.377488602695
38956.938033762024
32732.129604113772
29961.687538953167
34185.809134760646
3568.5185098447155
30259.06710175418
42412.94162271769
36661.06582603461
40810.91561715852
52090.290197710296
28905.26938024089
27203.48588964656
27043.88355844425
28274.198118036937
15141.008894898518
27425.48299991233
28423.992775914132
31001.925741912055
34186.53118156999
17879.4282671354
36372.71495961716
40414.3379101402
23471.061326558225
35490.16234339161
42180.72530583309
27543.007989785634
16972.154073479138
22033.745757573583
24166.077206144466
15366.812853814314
34246.325091867766
43461.283323338794
32100.108964870797
37858.80298720071
39111.75771375337
48178.852002864594
41997.172979054434
36113.90237082764
39669.12106852325
40691.5592306204
40726.41336166877
54192.366464482424
41160.5916245514
42174.14600730234
44367.82587645268
47213.88090148676
23164.66681659748
42490.71755664664
39038.46627587882
38020.99489643826
28268.047492054047
23169.23602431775
36995.704075603855
29582.53617767411
55059.84553999198
44473.40704690645
53604.43074478979
35028.95019486259
38294.08660378981
33456.57997612326
48178.71660362518
39268.56439204341
53601.2661566371
40990.33546167302
35216.964860105705
55083.397210096075
24384.93310605577
47760.50533777334
30233.536758444374
38761.52487664524
54179.5764463876
53601.969496486796
25937.860332707558
55059.032859877436
53211.24581327949
31708.06649669981
12624.440063291018
39873.05369085778
35867.2331510819
39937.1502721532
47655.87516670062
44910.5253051302
42869.318576423495
49694.27961658648
46297.44470545594
41418.11185291283
15565.923782476477
43179.42374588972
44981.78486029969
44878.94294031686
43554.33695981082
43007.42212910566
30776.76177385695
32741.51852313605
35933.06233704622
40136.775101500345
33485.188096405705
39884.59509304321
29747.407841629578
11909.279936393903
5274.346944775033
30082.989565811138
15566.168883290764
18106.138549547948
13550.870371796533
26396.680431139263
42607.18312296221
41179.66752924995
43872.506172666006
54178.51006623355
55227.567247943036
48177.49737704622
47754.55253934399
52887.96195969723
24550.844395702155
34529.0834082575
12027.61408301849
26477.37888990159
48551.963252100424
53192.269637268284
38178.54915692825
38381.356772821084
52887.311337947816
52887.44146268187
46101.44498126371
trigram, add-1 smoothing, average word perplexity: 30886.632368013747