34223.922365412254
15845.24060875784
35122.904670443466
22202.986339856332
32829.93706237456
1724.643708994694
37806.94491522109
12634.260781004052
24775.506404936106
25280.8957743799
22943.858475702553
22922.233615333185
32198.80050557805
20491.348817377486
20271.05322986268
35377.31261713438
21199.909223134306
28751.86598139345
20805.455582879742
37760.12158655046
22097.705938401174
26641.45135072299
17713.408267124436
17632.790258855937
13446.214128119174
24078.354497756747
5507.919076267123
5780.024046439873
8502.190860212319
30116.31586649061
25568.439111111158
15680.91451963556
14852.479674774224
23156.172304711796
19040.539191355838
19142.13397279719
23277.342387597222
16707.576666016
32597.043739439094
14123.81121991859
29869.54742240159
19913.900396772264
11375.633987817939
11226.685303362945
28112.336471812454
17360.327638203213
8630.580946896294
21757.51863085499
18542.0673813587
16880.78913237277
7612.777982990821
21600.750278566888
20479.534794410967
17707.05154959581
11980.819458781312
23562.199342918055
34969.29240601596
21301.73675802199
38075.267258317916
35042.08412535374
19300.114846183165
44208.951279134984
7349.9439980166935
27087.78386338908
23005.877656797373
13184.91877433564
25997.769346700094
28822.63384148562
22970.43750778023
22279.705903955426
27588.358491957402
20997.545285233904
26946.267773894586
16359.857552877618
11496.376902677463
25961.150293260685
20510.16870396176
26629.560385208773
33018.21582746345
18691.359008123185
21438.28705254629
30239.114945883262
33660.55933950338
31382.471343187328
27204.331360487835
40955.88091475499
32455.43008239293
39041.011019972415
31526.748873742665
21392.82788281326
35754.58438674033
29326.862091231378
25272.234742221164
20353.38186943204
23032.8170087234
22519.151665747035
28847.417702956027
27480.395061107683
19588.369867453795
12294.132684057193
25781.87633004343
3413.204202576324
1909.7627702348934
19859.52193001893
17650.101934449238
35905.33622899846
33453.81607842857
36940.006785073616
32694.571454655674
41960.05716248223
32388.010799594533
31480.071202405437
27044.97238609525
38080.23152715623
39898.334452410774
54386.101756654374
225.63822048557108
15284.728260268126
23886.318519021646
27805.424784433137
43480.71174319218
34515.531256590395
27465.587232060185
19591.88353888926
38247.166356827816
24073.280416324887
28488.099048148433
37037.50287201773
7783.662850019899
31566.160005855145
26688.82861787083
31059.305680626927
36029.52769648004
39033.48354624906
35973.02622846934
35437.29131694422
24108.65211461511
34395.35768948749
23304.686817850543
9336.897816775998
17269.373955230145
14373.882484911179
15396.218473799838
29628.637933901453
35868.40900920937
40109.47997504151
30507.445814014027
35169.90021710274
31832.049360637306
14576.492304249263
13576.583193297734
39652.98148783264
41900.28039667786
34165.14175831042
33705.57584201584
37105.09300779209
33092.738541108876
32250.424467318084
27490.527965294514
40190.72361602785
24741.393124101076
39029.0048726812
55634.15030715432
38487.13816679119
55225.802616180474
41711.46452629376
38847.87603571717
32847.56423953517
34508.12969222272
40340.07433801009
9297.411871105782
12989.642481485804
29142.246166603676
40662.758070714335
41691.90942076584
56290.685910078864
45485.31787069221
54722.47857587303
27718.08066492546
31123.12892422171
29034.256246043886
35245.17925647289
36666.94167899305
43639.02269924025
37392.21995152952
39880.55792723328
37946.05226150218
38325.712445125355
42309.93275321825
32962.265428502615
36498.32810349719
20389.16574790496
38584.60831784536
57099.70140201223
62324.18167839987
27802.069777610533
20869.24550738423
19299.445895882924
6834.309248361193
41509.82292737279
40568.44394002463
32534.404631005953
34125.377734042326
39655.74665252027
49897.854889644805
34839.655366356616
34244.829813477576
32745.172952332567
23729.466404327937
39869.2979122646
27799.269677833152
37035.72448885121
26482.98747573001
16791.639716932754
9551.138353206883
3461.335013305483
4854.876596603478
12355.096794026482
2687.978835454157
11677.922935882752
3801.167248148798
56270.41206300219
43388.74614121702
24691.948365009343
37890.405710448314
58219.37098540399
20934.37786063432
13802.269228578152
19330.621646249856
26726.45231381505
532.5423439215091
16398.238242297273
27762.505139470366
21212.683298047756
19663.336732023632
23559.585275109148
26763.562568320398
23362.00491097041
14927.639380799132
27040.965146447554
21547.918086193848
54042.53088953852
1051.782895552251
24512.23103107416
27031.27333296772
30079.340543587263
34023.24790635601
30081.382450638164
15235.431619606145
13704.92606431779
28518.324147526368
27630.275088403236
12066.04539664507
29492.609301292992
28452.13855656838
10038.257511713751
22805.338161093117
13560.347701235058
6117.445002900182
7871.862889480828
6338.737875657398
27346.80393246516
10356.972411498706
26150.156007515612
14056.3468244466
45595.894962646365
7489.692402167324
30315.590875282123
34121.14085958261
35672.503455110505
32867.69128101262
11027.05770714777
30169.477679106596
22881.98862702261
313.7270604232531
16180.608720191838
15208.209620417932
10212.63673192062
20149.426115650447
14025.869353405715
6927.251510918617
19459.981747917114
28467.05282652467
10652.672810807115
30115.57490879976
17564.8165691548
21587.856155629423
15303.733343200443
26054.179281223114
54723.78397151168
28745.835507752916
43662.9412765536
24255.276824876357
28770.410704782666
15415.683264452779
353.91714774215814
11303.63296887539
20624.02738783402
24265.43625300441
27194.41977813304
29644.57740120222
29256.581669443087
33948.685333055335
47611.73850544508
22694.661081646133
29686.95513211898
34682.72400023408
1203.9395642249099
27510.307085933287
19527.54920541517
33104.664546997265
28207.831335391646
36217.68042021866
13148.11378773241
16273.275596702168
33460.8941548977
25006.550277896193
38858.51521879623
28126.098184308947
28894.06811571996
32199.85822814674
35054.99067390154
21073.567176017004
25930.813869294238
33039.62821163979
27412.10386103299
25587.83036919581
29983.350791401223
27276.77053999509
31618.608954512365
34264.867686759
41377.87355789435
47658.840682167574
28595.319225783296
24706.61023022764
19211.01792560596
18484.647421578848
25816.51393338628
26944.707127180107
18209.48097199782
27322.292367141014
4644.535433284833
29846.16708653989
21421.36649641792
37112.47975257667
47651.00385809866
40134.54965011698
37111.762621288704
34887.791337845454
33356.05254138826
35578.42139103604
37147.16441126631
29876.080306714113
31500.197226757213
37316.12128980937
34627.72654232334
36645.35087286933
28017.055455366422
29762.4534944909
40639.348549109214
30263.157981642642
34237.402547275226
31853.436906568724
23401.385339428736
9851.275594038352
25269.782684797756
29726.680787342593
21852.155726323213
38463.144356885074
25256.07682681242
31056.69955921791
22412.45807570381
24327.99074722191
30347.546801746787
47437.80705300393
42173.94246689784
25280.83045933419
19920.35792010264
26116.324960475114
33592.36469521627
25071.585260849726
17166.97493076794
25076.447382940343
10608.442106590648
39637.08205931783
43215.91524120274
30910.269129625733
27979.1927275792
21442.280500728964
23949.70924025512
27026.371083577465
32952.371350915724
27065.538011637986
32937.136909883746
38375.546421579136
24874.703586138152
25680.4296660984
34199.36814623961
32120.638475991018
29785.633744469797
18212.60388640379
28017.40877817935
36221.27941366228
31369.190167705416
32714.656349756104
28491.123315332352
44085.563511556014
54737.47284203674
3091.0671199489
15894.27603184548
45293.33105291162
44912.769649339156
26642.09981331195
32848.42584277552
5483.1288482867085
34259.74271858256
40689.104154739885
43551.47115302775
36854.07744059168
35078.529643884576
31434.81997335423
44892.13779242979
20594.823220417627
34392.7328704946
28834.90474203284
25765.551784418203
39055.93753392252
26535.949998832715
34400.35895423767
25125.022062436954
9831.611400640995
16164.782991086664
22997.91903774401
4903.517766952793
57109.86182981939
9955.737119869931
353.91714774215814
31247.21928144019
2273.464669155575
18190.950714928455
22633.827735454837
26266.756650697596
16053.082408352571
27813.34229353565
26594.122511142225
25918.954083006927
20609.4827070459
34716.46982914604
34131.002914848796
43198.91308074543
23595.250780536644
30236.195803412855
23967.26731930764
39271.305989136206
21834.258547373232
10423.217064134891
16706.749060651007
31609.062936612925
12623.036387649876
10783.767059894566
12703.122246740902
35376.73231967469
43198.44604764009
15048.672704798639
21123.8350545883
13620.282668433576
19393.55280186224
30035.660605373123
20740.771753282785
40662.68089492072
40835.13161649909
7735.136311448602
13318.717782093621
22242.824240986076
10415.701134538205
16181.649381152221
4632.578108984651
762.6402203849462
12877.60024699957
18555.0336819227
7703.568413400968
38196.469031429275
41897.941155268716
16101.239242132411
34523.82667104768
13800.9634109852
29188.699658494235
23616.943010421637
4001.654678980252
27773.419843293155
22013.25926332627
42604.0203985339
31911.17302840506
29570.264211164613
42742.003089794234
40016.518512305025
32686.979875346766
17210.71455182812
32699.79040386136
30220.347469561893
36102.3905469221
33646.29196198027
29619.553845012386
11261.581033076222
40699.16229703079
44454.215221612496
19040.707940312488
24907.917997018303
22540.773794693363
1840.7131413639943
20229.92420447806
42012.62218892103
29392.070514139894
648.6797798905156
15522.700599915195
23498.75700997927
26020.817419799936
28656.362592055935
30863.31759592079
26899.8929872451
29005.186698265454
37075.00986557822
25275.041621313318
41731.55089361125
39246.81106844285
27859.92656030787
9761.322088748795
18713.35502761206
33888.393995602884
37306.890713757035
37351.16288160858
27797.806133032936
25528.284183247022
32335.638186975066
31036.256497263035
31539.03846971871
27339.496378063148
26664.331735848882
6364.5469235954815
20340.26581180625
41296.373563586094
24342.362144394392
33273.622071338636
15426.142100653486
5160.44918295459
31175.709579917213
1017.0189155085898
21513.25607250269
13282.114747607347
29641.523910473636
19593.96528120113
31038.63962114562
16855.24551631129
28797.51072347298
24684.362903325615
30361.899699672238
31908.94655590821
31898.43648689933
38566.20784760278
55641.85479558724
18620.214731939017
29339.322298622043
26034.182600518725
26370.537935130647
19032.584515509447
28068.066718430266
32490.90489519805
19895.4287874729
33056.62210787099
24585.075900614404
2362.919164522905
26440.494235481812
25153.541927211867
24429.51085511272
30950.285599818966
17399.966710977078
34602.82306939565
26252.446512102535
21195.229130059706
19094.415287448697
10923.091580492453
20128.873432543394
26142.521076808043
12293.855904279248
24519.641723286008
22187.505871497702
23372.60077587754
21025.508788534615
14106.673149668994
23126.470055000325
1092.1639719533216
27240.549022364066
11979.1045272886
18737.095178391555
32267.707920326862
27413.74812938656
40340.351566259815
42546.205505607795
26864.42288145498
12353.032980827902
28855.699266352865
15687.730109456747
16875.1304208139
10742.8655991893
23739.177225701318
20720.23648725744
13381.364059109379
4355.085246351688
19797.431335963378
16880.74756128535
31858.56010722616
2563.5723473003554
27047.151137849192
20059.242996845467
28809.39613630234
22699.921693191307
28069.940167821656
33992.625692031324
29351.08147663031
28026.796530153828
35458.84730544811
27572.20846792833
31465.195766194403
39426.17852228229
2187.635876718384
66715.48761899065
28930.619985376004
25228.64740298509
27357.36843140593
28428.612908065454
28532.954188202977
3610.38998458141
34460.67783072785
35569.546954182435
26817.02582021062
22750.998194621046
35132.82209690899
15521.067752439507
2131.3465778557943
12634.537080426155
20610.244778905002
21690.884967291673
33893.025442126585
23277.90046292759
26664.834165079523
2488.8312015174824
32388.251328917035
33048.672692570006
24087.237459938133
35582.43157643639
32544.566717779315
32303.42119849775
36110.65404250203
6258.934137260881
11688.97111799176
316.9797026803134
6213.196457434044
10695.299139304474
27640.678403053542
18182.895712879934
34500.820332713716
31362.79621890479
20907.715166024725
12642.16332617607
26260.13652798152
12193.638018485435
32224.741848731956
35351.85711750455
32427.221748998938
25755.4114319698
27051.847652866538
35507.65429464277
32237.92990105499
8489.085625033951
22335.642037768146
38554.50039388999
36542.607771586816
42863.153794360675
11272.631469946631
30797.616523012864
225.63822048557108
11596.077123421512
30792.05774340578
14953.083112227276
18104.415615041216
28536.086147038688
33673.35968835181
20963.699848019292
27273.330825484987
36187.54682083636
33325.64904395272
22245.89045303336
26787.080359492098
21294.816097941297
28304.728258517112
39225.013767915996
55141.173406207774
25843.213885921166
24208.364887819807
22554.27010434695
24641.533378971388
17549.388785704126
29942.155306341505
37687.71698151489
20748.97748885638
40511.85783029928
28368.998128058392
62346.655953073205
29231.5056801328
427.84209012811317
29934.41386691863
33180.84515135934
32822.9190976303
12823.338908970241
27945.986117399738
42484.02425274825
36328.717071059466
40492.87288179333
28815.18515747926
32594.18052323699
225.63822048557108
23336.305840709592
12383.24727954024
12402.536947437346
32763.856971532685
36778.890985707876
35030.57874402606
30342.931005536528
59836.447099222125
45933.80683465648
3614.717067601574
33356.79786493688
32554.139168984064
32945.543297722914
9991.143427488418
5247.662814248683
7972.928488463505
12229.76932307559
28133.769149252912
443.1297843335035
5247.662814248683
8502.190860212319
8297.875578605763
28561.182022047386
24961.527533104898
29667.68280959347
25241.46621381841
9086.435567555725
32354.16419824792
21781.232003857167
32434.024381782656
39040.79537912709
29149.980785389176
31186.129431359845
42683.242030569774
37074.12150692481
33046.75843257096
31903.276148111843
31972.292180144763
37615.26384523067
32092.62924700739
41072.613570325535
29958.37329889124
22888.116395837707
28693.016458965056
32607.865335571732
25830.85775185718
16863.126950382404
33807.08710425225
21648.022846352396
30440.142761593102
35641.68874388174
5278.108873698667
24822.6410612844
225.63822048557108
42695.629706645785
22119.60617092518
46307.910347121564
18762.520278499498
36321.35475897343
28906.225624604464
36287.00318498733
32565.33573962696
40929.65583712351
39689.786105896455
28546.14584842548
40933.234096896645
25463.331064505695
21154.868992019885
44655.74535247757
3189.3116796425966
3189.15480021397
5055.681848259772
6352.739691252373
6936.7596457968975
5712.674842167119
3160.565159979311
3160.565159979311
3160.565159979311
3160.565159979311
10089.979274179834
14191.955114018512
55686.3669157551
53038.79983062222
33691.74425370768
33298.05447514562
36047.156756471115
37449.013022945786
36003.94677668814
31530.945679539178
34775.642515764295
42177.96984974357
46719.49092100124
37574.797737112414
33649.39556113389
35747.73526305381
34056.43605373551
57271.46064231353
32698.84408238124
39623.44641026903
24740.354256170696
57114.14461462629
25188.26648675106
33509.11240302865
31729.053520671805
27064.102430031864
28039.95755960287
35793.37706741823
23448.36304408631
30583.73631068749
19394.716528493565
41939.46582044439
58227.00686391427
45210.66636456985
427.84209012811317
40571.01417712223
26503.977341427002
28151.68975280269
59826.244605140324
23746.094468452644
28511.726659340064
28610.71663828374
59837.231618303376
30747.83984439614
29409.748333256968
32731.273441166784
12333.607203178242
8072.086122222551
10562.368870726104
9385.192295734798
10585.704536374706
9380.396858397844
19914.249415040144
14025.354837044346
57097.025952911186
782.4188011779694
36360.81467914278
19104.560404771022
33686.9139918218
33698.95794662442
38312.643337484595
5247.662814248683
972.2240571641523
28856.657602164403
40425.16857014754
34422.07697460357
43934.12216526869
36244.398173206435
5633.187435824781
43871.57193252715
9015.225706626827
30772.70349389756
37219.30871709075
28789.003021846373
35558.13128606957
28759.911798122317
34661.395467881135
42243.08479868879
39077.41745247605
44995.16358552225
43190.25021191473
22338.548826392314
35739.033536257404
31478.90074818644
37407.65835291437
44495.2217486732
23198.009484924067
39776.49510776576
34361.68076722595
37449.139323445066
5454.398413368972
30012.3410591196
32496.305000016328
32227.6623721129
39203.76641175922
16300.12890198559
39137.123973254966
24632.958681072447
39964.78651407622
42619.36068290498
33726.08050815145
225.63822048557108
30010.283860196552
35535.32980151195
48216.41524421125
39657.77099315148
32854.584879974194
36229.83539132106
38730.92604231555
37941.02475659944
35534.663861423825
13287.687024591989
26891.618703198703
32947.245410518015
21546.379179022173
20409.535187029996
24472.074937017915
28152.145103437066
25907.578500223623
353.91714774215814
22536.448473795605
15183.891733681527
33522.26275290228
37766.30124339228
37765.2393346322
39192.463808190245
38522.02478993706
13768.267349769225
8518.260588171677
16489.397495637968
18031.804633258238
18694.433958608482
17779.986955691395
17596.562333309117
19239.213556226936
22645.598912855075
15301.95724143864
18186.89723192799
8037.483215726606
5523.319017448907
12926.61302238595
21478.045552059455
6420.2221263441115
12507.559054739304
19250.12663262638
12779.18587174601
802.1876133647163
24855.38015721267
18990.52768084286
19302.52111846157
15561.250026482807
4344.743988752871
11156.2787143089
24071.420129456757
20607.513633968465
15490.251173222905
6324.5186048303685
6591.302558382651
2280.3163218402046
8390.990312809761
10141.375698415046
3004.8500437793805
7574.277179504324
18530.479646912703
9540.335029288872
32422.890467067275
12341.076802868163
9449.49576835797
6464.980614395656
20323.56801714173
6470.5069528313
22399.196057524176
25587.43883962312
24128.623214438776
16044.764100850034
3509.065776468773
5774.969226187651
28597.736655365366
29240.46144597795
8227.255652902859
26324.268959657104
6828.8969864617975
25524.148791130516
1017.0189155085898
17784.145223822015
15912.982023045812
53652.15988778934
29067.33966844765
39402.89692116852
29818.071290980326
30948.984286431652
25934.04196139134
17150.438119283386
35160.53975491196
2776.940803080878
15993.174366307474
5507.919076267123
10934.952373516011
2014.9989726488823
19907.285589361312
23793.61439294213
31168.7238405763
35674.53029300616
34587.66491930725
25315.293196332004
22440.333956162984
14393.092487364762
28911.134612383074
30480.26369277771
17405.47571522275
12827.939979500801
41298.55561162399
28238.6474678194
34924.828925713075
24688.244570578598
33501.87829664868
40561.238879296245
29943.188990881037
27887.0388210609
40932.819982653884
32408.689448086392
32720.507188057494
36386.146053614815
31612.365452034785
28202.799470923415
16053.53375052022
21986.974798045278
35532.61606779232
35753.99809319116
29330.48801807168
36344.20334980257
24916.10980335716
40721.7810592316
27120.82250542205
27663.45580132421
12967.655264671988
21781.53110344507
37357.77099910454
44481.11788665746
33478.10722616529
39591.0087108808
37844.74559089346
25265.66888017669
14438.51433761136
17063.416812250973
21813.65099316807
25312.473224960508
34095.58789424247
24578.12948446173
29081.025445915926
26055.408674089547
29605.596627046627
27170.892737911945
21548.054239313777
27587.20428647724
3113.663918757519
20373.26822555421
33026.209094636695
3780.686482704598
7513.308682355503
24696.507469254604
28088.663477617312
20174.988516810005
24687.940711178733
27178.429104639956
849.0682502203668
35065.16247747582
56282.39813030415
22046.95306338106
21148.567107982675
16947.120181595394
22366.034030641826
45735.95905267027
12730.009705107914
25015.854271707078
26717.923447146135
31751.911238926234
27794.692701682085
25631.76088830616
22030.826583415826
16483.918366810456
30417.32444113216
32123.667311397487
38247.659044511056
36848.13516760062
24903.03426171018
30251.501964311585
34159.650560356975
35131.47373809359
32400.90553865341
25792.697287499097
30672.082572004732
29474.51905894798
15881.865218773786
34155.83055695544
353.91714774215814
23041.02432665081
20568.04848365427
10047.338791131619
16839.13648777677
14424.023861407748
27751.765043685336
25319.987598901367
20368.16885247341
25106.724501679226
24132.493367952673
27086.53734331083
32386.72818990676
19794.902622112535
27365.125155469337
37914.46486847409
15785.298300966611
8249.158368057308
11604.245010343639
14420.133661034495
10342.873309379947
10431.780850053114
31072.054431745844
17321.119653270976
23402.29185230733
37099.371981239994
28616.13458210273
35304.901301087266
20109.669972028307
31883.270291150242
2843.6621796865115
8384.080116419726
32667.532572138476
1349.4471648508647
30592.70191823189
29968.90580469083
23297.683832159233
21670.56125376139
36269.27647187174
19333.169422498922
10130.58818759019
15474.769172561098
23970.87885131359
22382.81643384098
15049.254812081252
13662.349870954822
47271.48853657335
23104.58045587012
17027.37259764108
22814.299962280198
25909.908559371972
34416.67352336418
21918.911271722907
5185.693854362525
762.6402203849462
10143.742605509347
43620.796101011045
28137.656142257685
32484.199323929453
32701.226975695525
29539.826221283754
32289.962796432716
12297.658023545533
17074.604828638934
1445.2360243995358
5638.126854180974
2650.402423774556
7996.370986309505
2905.310372759507
7407.068654191933
18416.407752005627
21462.44478708321
9383.09740133064
17161.60848868292
25444.596153388273
44178.04839007788
26809.612393815944
22644.795021396516
7928.505907960372
6425.050233484609
10912.013899958973
54106.91044698469
18037.168394454675
34172.63464277984
24219.437587726105
12171.938419841663
23204.95396362395
2574.471322736281
5674.428520041757
5289.983545385725
2885.4413303580623
1276.1031266289958
17602.358937019617
14349.850468021308
37167.160741996784
22282.496503145434
16487.104081235124
25510.030369120897
30266.438967193055
36913.881819921255
30182.229008605256
18087.242837748232
35735.834108570525
26072.139380403467
27120.979053146413
36821.529378876774
34722.43887905938
41450.03771210334
38829.93730509172
29935.449727480984
46803.676879852086
42249.57760748546
28595.241088894738
40870.966639940445
30950.472799422165
23434.81828378604
38437.475074855996
26223.111336525708
32373.299400348522
35139.29161432284
16067.365329203918
24054.626259808847
8141.3261773854865
5372.118154368499
14611.317117334984
6941.881142184137
12588.717796463776
18039.022449832722
18370.059326828075
13060.753278276929
10787.782753036363
10383.873744585904
1488.8683387898502
39802.14045377263
35062.740247465605
36105.29735472252
36349.732518359386
1742.3129005991443
37950.952962272895
33878.13786624749
36811.95485397049
36722.35799506032
30383.619468429988
22277.324150764573
55132.85659701422
22819.74933109716
34438.6818405927
29061.07289031242
28307.210124736088
35638.73750283937
3204.59337507921
28394.04754310808
16851.926328700938
18530.09916092288
33092.441234570644
30659.511023326188
41319.39869403561
16773.59459146751
13214.689871425091
17575.64391558173
20235.989203882964
15041.99443438315
32307.65364248548
40964.097533659566
11075.95468904984
18317.799666840696
25995.03815079152
8494.575779687852
21163.938384808927
22910.686320358705
17422.451730516008
56316.424840776046
15955.907024327906
19264.264856562757
20869.983473923137
43153.95211404324
16170.780143362776
22497.19444369004
21237.579047508207
27733.265443615048
28972.44256979011
19735.810992841583
16230.42656888838
22319.119807820032
53649.8135816781
20370.024983521515
29041.67400312629
8801.750131789448
19060.084038701443
5195.317756485
16088.863845015107
9530.796499162454
19430.08289789786
20356.81571817572
20558.94047008321
20214.188566033296
1298.6468725449474
34536.97097356503
25006.22027799639
20566.49031327749
26119.165447557152
25983.9670034701
46276.127191958985
12966.800187052375
30090.596491526187
12494.339479319076
25010.70242283373
28252.044058541287
2790.411705631121
17105.682180464984
27429.812889641235
31742.02534686332
22725.894768497645
26309.834571166855
21198.14029400118
1921.3149538621662
47276.31158214085
21056.93745289956
18658.72252559371
24284.398081019935
28096.257723618262
44463.65798598841
31523.02123152245
17794.18496935184
38304.604889956885
25561.579085514884
18198.693660908386
21941.982652683706
29638.602420336116
33172.720978828576
15177.581468027487
34899.572220659546
20080.49628174429
26892.993905734074
32230.430354453914
23010.35072401977
20415.414729465236
22808.395113950686
28186.49843080639
25553.32430408164
13795.204515054618
32664.193476298835
11938.654870603568
30243.712941750022
27622.66593625032
24460.60497836341
26985.007314577924
27988.019934923486
31066.08050290947
29259.55201440673
31202.574693988445
24215.364564493564
353.91714774215814
9975.010243536228
22738.529865996366
34490.98815469945
18064.575885620085
28609.743884080617
16490.681536788143
32587.364925124224
15697.260171650645
19854.40464031258
21934.71279385285
40610.31964137567
17333.499509046746
27570.91702181219
38445.10318249568
35273.18532257672
8907.117287269895
27658.854475831875
34556.86143540688
30299.73425064583
33563.76991656964
24810.9670219628
15509.310156263062
28617.626534789117
24571.581569957678
8262.379091965107
43783.65358915927
24899.606061161794
43048.0810625371
26883.540118291487
23590.931676718476
31328.83820810649
30967.888507180407
40196.65822127062
31150.121410429165
15973.15677389711
18519.216964517876
45601.37770091441
18157.13806402193
30942.534199711386
36065.44418618216
42250.30824015139
21804.499272149063
31662.385952232613
24859.470290123863
28395.550708229566
43546.24225624118
43260.6521652308
22053.75292068539
14396.632447179043
37180.70773805544
38143.488477085666
23159.097546725534
33614.277924854476
34260.435003239
41948.43060808774
34383.873302196014
8396.088250522733
13944.390879120016
5507.919076267123
29373.320858302293
577.4316535776716
15624.963857893485
23533.208216100087
54395.01703444542
48503.63718454783
54393.526782483474
21294.043364489604
34519.17554203047
35612.241751091286
31059.977230304365
25271.453667303544
20100.288657476536
35788.44136614063
32276.219064608744
2806.1926923717815
849.3575892674867
26072.12059500043
32963.14878398836
28593.851397784
36564.285328242775
1713.4285922470306
32709.557694530755
33329.97990596497
26754.96030224757
40348.845303215705
33778.23068936124
30671.608959751262
1724.419670631608
36808.66765941407
41272.54036078144
33031.409006501744
34091.522435757004
27595.912202262338
2663.7446664930767
23030.479216462634
34252.90181470827
25961.225608757573
31952.82023099459
39110.77134622031
43314.366194910406
41079.236225015855
30000.37900431654
32699.91016539386
31698.564467527794
21326.37679348145
27478.408795112027
6004.377299458223
37554.701749998036
33229.51091139026
36612.77582413057
40202.85722110648
34964.84656726071
39430.70093257105
42099.43209257822
37467.889552364766
225.63822048557108
15937.041467162844
2488.8608710971257
30414.50732374068
10208.775512974933
30919.837151695996
25954.76789595543
25835.1084185927
11189.237365568833
29574.525037100815
15268.504939279928
23959.772470114756
29460.689765115825
25264.41654925857
4537.6673349268385
912.6885635568044
21894.00804837254
25531.830498931515
42981.982228510955
29093.499107464348
46680.01304058277
25196.38999702116
35193.40447874933
28478.302648731216
44372.949936415425
33874.14067639047
25151.929306449696
30411.89091553284
16153.755402233086
57097.561159079414
20783.2656509483
29780.004334913887
22823.225884968542
44987.52372253439
19021.9110166562
24588.48614076031
29076.797260849846
31099.88953998081
225.63822048557108
9481.898458373782
11240.529321986398
16510.628110826816
29932.417905960465
969.1468016564085
10473.41684796293
24336.28510224147
1017.0105779010763
9110.113962852349
21332.272619038078
12471.04673965934
29909.669864899988
26213.977315246277
19129.959143591484
17124.756537284953
8708.889489754827
12603.360346029402
21122.839511390026
31676.08202532217
13432.350894190293
14190.106113196576
17137.88061644268
19965.10273740153
13909.194120183021
13259.926089812068
12908.789248250107
10908.7890184765
11851.866393816772
17083.96761656312
26270.532541391203
16470.585690359057
23637.23653612834
6728.123002867811
16318.024608505282
21957.374583178218
26512.5724523577
20105.36626424196
24579.985237908502
13148.33444239826
27409.544546161997
20362.276659341274
30696.465952640032
11613.198914775636
29945.820782064366
23359.499387882282
16574.406601729614
18391.0980893168
16274.317802092999
47290.42037488127
15359.298959421752
23388.561390917486
23636.708642996862
24716.955634691152
11598.461391700468
29187.943214204013
32775.01931613674
17943.771730154906
18616.320437214836
26757.429289616386
22330.939028241984
19267.036037394206
16016.891508895904
17953.935717718337
14162.064460543881
23558.16188988201
58234.646707950254
15158.236451033597
10474.515323814407
20113.009871105187
29934.989542858475
18612.939099796175
30066.312065817492
33660.315170542446
28239.394827506778
45600.88032181726
9099.244012855983
18028.842701726262
11797.80574116635
41822.858911795964
19605.55341476488
21257.750213935677
20326.272369981354
25160.773636663984
7063.472253070632
28306.813501357585
10046.972616051398
19761.87499783467
19640.71012618831
19699.93290434427
22817.838706928585
57496.169947003036
32109.598816356873
36733.082247478174
22332.09544788198
20175.99437064549
23306.684495955207
24870.07643039262
35969.20369654798
39601.72640170523
37933.37466358055
23278.237263370007
35795.91014649338
37015.93407471467
21807.840522026618
41956.481734193214
32337.14993159279
30172.507406353656
2843.7299836396087
35300.1023603124
37109.646484709454
24642.574545420826
23331.259387573973
37466.244160272036
19850.849058084383
30237.91126107095
19241.359483704407
29624.44317714412
26356.848260946146
24379.766109496875
16587.0275301182
31599.593001220284
13654.468553021652
32976.70378497091
11938.975572175603
36820.06278481285
2928.309367069727
29556.283919921167
23847.663746937265
44538.06273365744
31209.3218470081
33449.96121456004
39531.9774490494
28030.764189554175
40119.749634860746
38563.604552836136
35934.04378151127
21000.568957237054
36472.33097630915
21475.63757385591
29102.807300524895
29533.581826580627
32553.04383461045
29583.65226220647
26534.66607055793
41529.53037909879
35818.96068960367
31599.361768031104
33191.56100439726
30666.264342960083
34282.176261714565
38338.69682183223
29864.826222459313
31668.191015206277
28579.910347216268
9099.045025283549
24567.19404171021
17221.79016335805
21242.76735409188
19329.625190164585
30116.315489640816
28901.835423401208
3066.1947824467825
12294.080031907284
22034.308796490197
25075.461153306664
41492.05396023839
62322.13721020609
39309.36860653229
7632.381934925883
16730.455682696134
32855.77186309488
28475.148382410895
31056.751248747227
46334.36264550566
57141.88393565061
36634.33978964923
57097.026023127655
56289.3222735896
21362.19180453651
35114.93267081188
16426.91486006683
25409.673678429095
40071.73401553054
29043.69672624811
46888.670626494044
27164.72983897364
55658.444699617554
47275.27803235762
37997.76082870668
36638.244539438514
36827.7257140775
27658.60509677172
56276.40940262905
55634.55580652979
26913.46466299296
33542.05325543419
42687.24041218461
35503.102449808765
45369.270956551394
27582.668240127732
22053.719587180236
12557.727232362495
19985.136089886804
22839.15311486018
33977.49079421426
24869.433173779194
35490.10128756134
27079.483903086242
37234.45568361424
39773.29551414764
36093.00631201263
36787.49155857574
42654.872510850044
28846.32352508571
16714.369899991434
2192.3006880041057
4040.243237065511
821.13955348103
6697.126625280091
5004.449944156805
18600.38739931017
8075.683352244164
3702.638903211501
7230.019279482275
5287.380602273475
8635.500660247008
2623.004303176319
5410.377488073665
15145.337699023783
20917.997071474456
225.63822048557108
7562.900069235479
821.13955348103
1617.2475597522655
841.8219094190381
8886.82991008038
2621.190138218408
14559.603780793102
22833.296182168848
7884.334329551092
8516.322495221566
5516.211758475456
8864.493340160649
10711.09045177342
3877.5854920715497
5404.186527246553
21551.83759477191
43196.74875926696
8110.267512177431
34867.664641421914
30608.603771774884
32382.63579742434
1456.3744622760507
29567.527816248115
28333.400696660774
31408.613978690544
27074.530985809346
34051.95463970521
2286.6147042647276
772.3783452771614
39876.51378066738
25450.846940931522
27334.721371439555
2659.247842208083
32380.997194206975
20977.824861052508
33028.900947900554
11054.045698281436
16569.06358226696
20887.696447488313
5185.720026533979
762.6402203849462
17490.83977795406
353.91714774215814
18900.549719010938
20905.880907820574
1301.3486188435415
22830.203049444597
33859.16575600851
8734.369169210704
14508.688692446169
15172.325562893935
16244.93558579886
18787.593975108604
16065.417679490098
16519.423927813834
17679.026140020243
13457.90984558136
13477.96827131153
8772.593672276262
15323.726392758817
22950.178145606344
31029.034191180395
17627.185506344184
20151.94339232649
10428.818116498514
13619.194281190643
16832.618977090024
13852.72902151078
32272.717590261465
33428.3016539676
31943.21476193634
22556.449321594122
20523.01534530963
12200.210114877467
13151.684845356076
22038.375627780737
13989.709315695123
2688.660985755931
8980.003224984228
48516.802429088886
11733.104505067156
32822.544988884394
19161.25928517434
22004.307655586235
26196.39461196335
33375.7686254975
14642.706972777938
16939.813194603194
34932.2787245036
41467.21860091576
20859.388389046882
14662.566048357745
13189.020614619178
17467.3417573781
8307.776182010659
8884.305738835614
36538.492496657986
12908.271103104942
18506.216216870213
17410.82769934522
30522.974326268934
3842.4916981610286
4243.728416739995
35721.371559002786
33215.35575164319
33420.429226452405
31495.917016283336
23602.433043241916
22522.879913182238
24365.87755584292
225.63822048557108
8049.3894558559105
28355.950403506085
18930.388804987444
29045.89124903192
36120.564202822665
23163.86156283998
19769.662330460676
21811.480472593623
14932.704855324379
25146.50929313132
31494.440033732706
19005.02402241066
14394.980242434056
33713.68935864943
12187.073771805326
14443.539246778262
6995.827449639396
27948.27378890784
821.1866712519413
43198.16563609162
959.1015373812311
27367.507985409517
27861.844242391024
37214.502763025135
23697.71434980884
40298.014147270485
24336.23974586371
36636.14188915654
11598.414827985183
14336.008384883005
2015.7203391342312
24730.666186860337
37181.846723812305
43113.09547383012
43161.419089000236
31395.58739763061
5675.738472171274
43433.23492772063
42064.72866718202
35951.340516269025
31803.070256033487
30332.138170673556
33221.496153876935
12343.259599447081
32643.392857740582
47295.75352953237
12951.75460406613
26430.058226801582
36558.38608818169
12242.588111659907
23079.43929868965
20028.665757933715
16278.824598316147
25774.045697140275
14400.962309781833
10451.125458171913
9934.972772142428
11292.263205467194
18400.500257918928
10875.250568749525
14970.25755859302
17407.770802858795
10495.065283274358
35698.96200008542
19091.834821045995
21611.685827588688
13086.39704474135
22533.021678422527
13586.531760460748
28878.225748586377
30023.32821774598
21818.58308513299
353.91714774215814
26996.767743579952
1766.7784279415798
16073.41880774048
16424.624231120953
2558.471461587437
11244.710901401466
22370.840248681696
15712.109341218804
25870.59918867794
35552.94598130602
29901.853169069913
24983.112461076405
36420.67423733149
17757.36772343146
23356.21710109892
225.63822048557108
12980.208240388136
12844.477749509746
21884.462149165378
14289.330992303765
23250.860323369336
31752.752162516248
29273.365414462598
47612.67554456716
6867.213216484744
26269.45567892037
37796.67558923718
36113.892238704575
27602.393992764686
35367.397239709695
38744.30627694505
35854.116468441964
44191.57715091248
26611.834442952237
28067.91110065177
31617.825534710322
29500.924999244595
26930.170699414608
31488.10714651725
32373.202041435976
17139.93841508182
3245.3760233672983
23097.077662125128
32568.934390699393
34590.170661464035
34258.30107017843
2831.82082705558
35479.13946526084
37883.75654045343
26511.241401208827
38321.72345910095
225.63822048557108
7319.7387969626
805.3416872385775
30916.445637668676
34443.03716562286
31652.723397348476
32180.461912941988
30108.406740998846
29599.468486448746
40723.41103542137
34600.85707881198
6200.0632479713995
37993.057030741824
4846.490138003175
30450.770930358747
36983.516856847265
28685.167096140583
25715.087683446083
25746.444790040838
34121.462528639
27003.65972414951
17599.37537731042
20051.092473432287
29546.164429043176
41253.08646860926
18363.33586762414
20570.88984659934
27686.78904180012
39690.44833639142
13513.608203006661
31392.381466960906
32380.08889527977
14400.331380520676
28695.841509859572
20840.823929745842
5185.69385951303
762.6402203849462
14966.48167774639
7141.616516265978
20009.561930046268
21741.024691720864
16426.585922147107
32960.87411388477
2273.464669155575
38917.777662321634
25049.021246123648
36968.411377712095
23619.104142139902
26095.690915577426
26133.536195476332
23540.685660602914
30166.164296938452
29017.62652414362
39033.48354624906
30650.123797629214
31959.36997622422
40342.175401245506
18795.586804120863
24674.54018507704
32971.959024312615
28864.885836929025
13135.725680496986
12289.035512382381
38561.86836298549
25182.724360363383
41580.80147082101
42594.244131018386
12312.744403126526
15577.93949229506
32371.91199120192
25164.86031171217
3000.9141277327
30950.125256771957
32109.98003878826
24863.535650989477
20896.048506008476
32473.870165021344
18063.02325811188
18672.95570816055
22511.21862202754
23104.62216109529
10876.580905498193
22766.67822755872
11446.835523941112
21295.52706015609
32836.59762579347
28544.04360715399
13708.698437254954
18132.666321731605
15635.131206812679
17349.64393430937
26179.98738247731
25187.250896020476
13751.286851282857
2372.807290796904
44211.79201820565
28801.584140197752
32402.72912431222
20655.812781083096
23310.400704595653
3591.6054925629583
3900.44518379118
12815.89108740458
11660.116526538013
1142.415201868117
32850.38469924152
5675.366234343135
36214.804402382935
15081.467694990723
35864.57354279047
27518.666146710053
31595.214370199763
33282.80221644273
5482.512215400069
20419.881180190725
14893.853096698409
17685.732365154578
9999.563026022774
25985.514085689465
39348.47033407236
38098.988887852545
37462.73363366884
42798.708077427684
37667.809816100256
33340.72157257704
18600.510780448996
9413.13481623889
11483.190632452508
19142.632521544612
33114.837648088884
22702.09349223109
41547.583310537644
17333.2978904486
19623.268529561683
15804.084085718281
21456.698937185003
15954.853220071285
30146.58257323911
31897.45482986027
40118.645892596345
36024.21544111778
29258.913069975577
18755.96670643972
29099.31594618952
31845.243671728986
36722.016857688584
34286.17134644778
30448.581393173616
41667.230874267574
39233.018484516055
23148.808024231566
32876.133066950286
4753.371651485037
32127.397411515387
39240.156470761234
36788.942214386036
31557.95384347
26708.90915930346
40289.443631101276
45762.152672283264
39282.31503153987
28213.021239327252
43974.12884596766
41839.517431321416
35811.376783182575
5563.352136328686
31136.618703243836
27216.181974987096
30780.005642249824
31596.53143898488
32200.85354240578
37773.13666321137
31273.05501129325
58221.91708517077
29353.003536390304
32927.48971475962
33484.75967196203
37364.84838076837
32889.93492955281
23988.017450903375
38320.49019626709
28594.4969746872
27683.682931193365
40828.51062486319
34690.08298720676
36512.14714280857
36793.75828092064
33617.210998226285
14473.823514604393
32491.204133749932
35756.54923463772
58231.46048410047
38585.724859175985
27884.144044674806
47339.53681545393
41037.45417080355
35954.377839294415
14223.605025979052
29730.05270409122
33708.46245021083
37265.525472884474
57099.16624600152
40447.138653578
26439.69894282896
41791.60755484467
26916.995247030547
24267.268381839785
16757.91315899799
14518.044876450074
56272.71897053452
14357.490825771043
35637.92508794384
23281.596188764295
24488.154403473625
14851.63484746358
19507.44605994368
1799.7878074758041
32629.226957821033
35473.31430064282
35446.62102891026
32431.679222936138
26441.5096513939
22231.44025041792
32793.94767129283
16677.095783101664
18641.641734385797
11844.56436653453
24537.845356821985
30799.6623415958
15946.338825161447
28050.47207747318
25184.97499971252
25916.065244680583
38287.631635065016
30049.508434779225
43302.02471589158
18869.750866716924
34386.63839645301
38505.18650874054
31853.59055058276
20049.24981719669
10992.175756597302
36585.74010267802
28845.468161019427
28540.18064614567
36079.76662816446
18995.58165025121
32184.614285502932
19491.181197050846
21858.861657551664
25658.58653906503
22408.17839587066
23209.26447687507
28248.47271925714
28488.14624812855
3524.9958684536673
28770.83729304997
866.4755323427556
6648.5297638097
24459.799840216616
20410.251260385965
34985.39723505132
44129.86286135452
13854.65872817736
22696.024724821487
21755.03721968817
46322.658476909426
26022.03381650209
48331.135054814
26603.067209383622
29302.507007858
39650.741758777156
28461.88236009255
19643.693508669145
19296.320826517684
4189.932664613513
14215.321702075355
11458.114919282558
27065.3458238216
49314.121057809476
2618.1944215876533
26630.384660072952
13075.445144102163
42147.51770145403
23093.471573616385
33632.16836408221
31379.872739003604
36726.42186205467
25041.900659229417
38637.685965113305
23281.451108731788
7296.241817836203
31951.18534647598
4313.705921581804
37454.58070107439
32957.65962653113
34346.520432290876
43162.08826491625
45487.69091935931
31430.88260525517
5185.69385951303
762.6402203849462
15426.737361177768
16852.54115580267
4023.2920911749648
8113.235063585433
24496.981410067456
9527.688199055034
9321.861965970418
1241.8278974163309
38571.00370234438
14961.94651858962
41726.00454225855
26176.80648939149
29421.38648194707
8141.570130454806
11708.731338331077
26372.914469101965
33227.0820022168
34431.681586399645
34862.18964879909
42610.830508222134
36257.800256263705
40878.59229520628
20517.154968086
16009.009831236117
28360.138526345218
18186.324814753843
27636.967245073345
25461.42518896293
27395.301554697635
26153.66822332149
16374.963851237086
22911.271783350036
28711.499939391557
11860.56324696643
19213.65357913333
13676.016711481943
24514.805157158327
31800.843737338448
24222.93831038032
10710.051915975682
6383.604492219386
3947.3502101630584
37786.05294854677
36850.97749270287
32664.900796391743
34230.149470382115
3359.2272322026406
8891.182900193746
19736.685803613538
19727.747470837083
11280.934703740622
7941.364048109866
3815.8444294828914
47574.27594177701
48536.66462410173
47914.55247265309
33366.53111063165
23005.352752243685
1241.8278974163309
225.63822048557108
55634.15028054585
38570.61438273003
8205.075773891294
17042.318572726228
27087.942219469365
21618.398632562545
34214.81110341296
28097.149361031003
21610.295818948955
25009.33819470366
30671.615766249313
33531.028140524664
25637.257369646082
25694.89513619589
28909.791967968584
18801.165551010927
32660.042135405663
22334.710988232106
19250.664068173744
14023.183943801443
35209.916564841216
28403.424587883554
23851.32738179933
39956.68159547369
33561.65275380274
34290.23023427984
41610.0210586331
20785.08022848824
17106.270981925303
23924.586430312982
39071.891128090385
14557.750920386541
41475.115012544986
37499.05765748785
26136.25513797167
29222.569517633077
6574.556680481726
6834.309248361193
7973.555559572172
10126.387784925282
26178.86780876112
6834.309248361193
7972.928488463505
13576.405040449305
13576.583193297734
13576.939470944426
10125.723537349242
9761.322088748795
6834.309248361193
13576.939470944426
12020.213011890077
10906.65420727321
11172.515668894768
3317.0384611385307
26850.453113420317
20439.967921436222
16487.745745412143
5863.1725023461395
24885.67925669082
36740.09437746696
48652.99856758697
38579.60836933382
43611.474884809766
42513.94706732707
31560.020125544004
38264.054088116776
31937.540022828107
28208.14665889643
36809.41244794898
34082.61844499113
38135.68038540163
36604.71164653945
532.5423439215091
32195.56353754622
31617.972536969653
21957.403276442008
28218.153329139586
13697.943968903937
29896.27742309519
19932.87225989161
26368.357891598247
40282.70432242757
27889.196192622563
25301.87564179934
25295.930172335884
29651.33606009123
26062.936210585365
54122.16814611784
29940.487522838124
33990.36918221277
32332.770117764074
28766.850923531467
33415.16281515816
31843.5128194731
16559.03485167233
25666.561185922095
29291.16897485435
33468.20186597082
18158.822096975837
38891.40903889484
18233.571148717154
10325.433767817794
31361.963177927475
2336.0953667129497
30914.13872313215
46960.22334553337
38046.51052264194
32447.75729882389
353.91714774215814
18840.143923910047
5834.296137604809
29542.519594756952
37334.77066440909
22350.90574954127
20593.72621842548
20002.680902808155
37414.3744241839
20441.957877990902
26824.00033401211
43288.19226756736
29034.663149013813
13790.366912562693
28534.744443343
39901.42194800117
57171.11315836071
805.3416872385775
27681.617763514754
31927.465223557138
41454.903863214786
25344.332839110622
36356.385298208035
30893.507321895013
45696.14850951767
353.91714774215814
10974.371626903305
13994.108259275377
7016.722950196611
762.6402203849462
14249.232065791291
1203.9395642249099
33386.42109328983
33914.00705432508
27608.056560746314
27685.218941747113
18311.82782046585
22106.18971475538
33829.75687109002
37749.235734040005
26954.96463161402
27452.354771854745
18807.710081411948
35870.14221751484
40653.944896536705
32386.15180546754
17296.6683684634
29831.841292418427
27015.40177433178
21153.413901412823
38052.20158879565
39157.677893920314
13342.15674595973
19299.49674632231
39800.70865437716
1299.3371527546863
39581.081149744736
41353.13495532312
34173.2953014145
34639.202063600074
28783.25494370044
31113.284519538833
30062.12465398397
21565.460613020627
43998.40433365331
48786.72350923695
39725.837588371185
44982.489578696106
39111.0938616477
45894.56090173958
15567.191090804989
31218.539211052193
21423.23978335762
25912.695781216768
29045.29179412452
25830.30729819656
34883.06030064742
15976.892028643713
18675.56722410388
30532.75485334738
12698.399619665597
18563.112429761077
25187.207280777395
24435.752647124802
21611.272053550078
19016.681851705933
10755.252447936704
14450.085201858887
54742.03060576395
26555.15082069792
17797.810843676787
17056.385741925966
6788.8015449268805
32105.073113659557
353.91714774215814
23558.671185436884
494.9521668065686
14162.752510674458
53864.70693586993
15000.661569360596
18980.762985085013
33429.09602511752
24276.490563000993
34535.004427035725
14091.805843078568
13558.10422335401
19322.560934193167
23677.74387517982
27208.689402743497
11363.524181029125
29132.67569911678
22257.84010520936
38713.1783840087
23850.71795026035
16530.210150902498
12879.773772893675
34032.75317270423
32922.68650655635
24533.75112542187
19639.952871369722
32698.482294425045
21222.91455095554
29088.327438879605
46254.37794265064
30330.79942225495
5675.738472171274
39630.07030810675
26191.668046055067
18537.022238144113
33738.407266861504
26675.059251790844
23759.248407459017
26201.162585379487
1298.6468725449474
22738.346028719083
38677.44624969176
32544.953711485774
34997.887319229354
54150.67633210167
22705.300300641436
20470.40220700613
19948.42580050409
18671.161991524958
8974.277424971937
20655.241377327806
20653.689071708784
22457.18213104629
27722.69807417301
11861.625480560888
31486.035515671705
36019.53362461944
19026.622584912868
30265.48509239002
37667.464743871446
20255.3932180584
9693.768458840808
15873.91488251301
16168.6647884006
9566.710683680018
27424.3094936406
40132.92380125221
23414.103261510012
32720.749328829104
34133.56688427367
46310.94754884976
38076.169945607995
29583.211620689945
34498.21856929902
35247.48768064458
35005.63843511785
59877.18430916561
36742.07950945999
37915.060355773465
40596.709320140304
45070.9683276343
17308.2296531261
37717.21568564993
33924.97309956669
36407.859841675956
17838.10268148942
17307.728487257373
31607.96146044859
21072.315784291164
62333.37989965826
41698.141025637386
58231.45969139414
31569.306500305465
34997.1649088294
27402.097098031678
46310.51430536664
35128.709112999735
58220.007625184895
37355.32099291386
29510.238483954636
62422.07387119881
17077.287302181423
45619.824445379316
25751.279131603897
35071.448749995296
59830.169207448016
58222.55371102384
23098.790421135025
62330.31454653493
57165.293301924896
27583.78502746083
7266.718869852901
33524.27185421109
30263.85946167062
35504.32179880107
45342.43747537423
40610.176759805836
39673.32061846303
48810.94103092782
43202.61720982066
33358.88492888587
13576.761336795727
38673.990795787555
41854.646988904344
41515.10789374471
39545.777511110064
38745.61565592011
23758.308928746726
23729.469081372765
27978.671711823852
34462.499559785225
26437.867999295293
33859.39228990982
22126.39054804966
8141.188636100588
2717.9583264876082
20503.055765979883
13577.473817305368
10582.65183543693
10125.723537349242
16308.796461682734
39233.344916598086
37883.36448766516
38881.561590896206
59826.24460514018
62959.36088251977
46306.608351734474
45600.88038720821
56271.334875198925
22534.34670844337
30954.345745452014
8566.481194802573
22078.897026701678
47017.96246044749
57097.561018654436
33515.53471948272
35376.152107866794
56269.02763089688
56269.48908429641
43621.86933851185
trigram, add-0.3 smoothing, average word perplexity: 24231.570000974203