35155.010976261
17437.477161926472
36669.959016278975
23973.828736462696
34581.16420991226
2147.401090706131
38099.95935302099
13212.834853023392
26550.680883258316
27144.002500211147
24675.7464871537
25125.09265242622
33350.41719503232
22228.139762213712
21700.79211676117
35952.146873349
22515.46176204522
30280.403249302806
22587.447182169573
38347.574105875305
23064.736929202805
28334.860776463276
18834.432035413116
19207.870586031393
14469.940661638702
25359.57562327527
5899.208142622855
6564.1483409844
9407.14950762828
31426.758045419774
27046.751715534127
16800.952420276935
16444.965925369565
24902.50208057397
20973.08480103484
21055.856100042038
25120.512916524724
18454.834615629825
33202.06277176178
15803.76235948471
31140.53223906374
21772.833058601696
12668.373324755832
12786.680422552003
29850.70420266682
19045.623589979015
10143.130551652532
23588.778320659454
20427.535236320524
18681.690127749767
8934.792611359375
23201.40148249496
22316.369154147662
19202.507835445707
13696.449208022628
25291.548329916044
36168.10924961731
22863.95422872757
39003.31021284385
36370.79723791241
21051.28508588606
44524.66861905987
8566.52178658572
28702.547643948976
24660.072045188026
14871.684660607396
27773.81145655398
30440.392634202446
24853.51736498524
23580.882595705833
29325.594309519453
22767.488652767242
28739.690853045362
18148.501505649132
13260.541863194232
27600.685816372457
22463.678767779442
28220.85050166737
34668.040381992505
19799.02510476822
22984.97499780431
31713.76180424706
35215.38702440903
32057.748920104197
28546.59458347383
41777.721749389784
33938.11967046276
39745.82409785968
33104.84326380785
23126.980066480584
36332.23416638272
31038.76274684578
26937.356988979074
21427.405380801985
24743.00948629827
24132.685391175164
30169.149778370473
28745.22699150896
20708.16798131554
12955.389027051722
27325.82583910784
3873.8468079346444
2186.204765114568
21617.099438303332
19240.122656799314
36867.03792749641
34934.89368837869
37958.35060269868
34040.436529847655
42676.6954104956
33741.810365387035
32761.607621995623
28712.699500501007
39068.892459192335
40736.283035849425
53708.37462777829
285.5124118041659
16720.726994550052
25821.038077525114
29397.726413553708
44235.254218503986
35995.872229386434
28937.356287711907
21345.182322402736
39264.926401611214
25576.64981059265
30236.470999327747
37841.44069753258
8138.264229481953
32873.08536101109
28351.31616037724
32287.65599838011
37291.616165149
39675.60151865839
37216.650685167726
36674.11316067269
25730.433671646548
35689.314191225094
24920.53669097879
10429.553728451185
18980.863306115036
16163.555444593503
18129.937317782602
31645.85106136897
36978.046430146715
40777.43330792477
32045.28619183224
36376.30914212775
33134.964700569886
16405.678624981014
13931.15185956275
40627.4376332138
42449.816048846194
35576.66177895055
34931.40512220545
38163.31709287541
34284.22974562985
33603.11647562808
27918.37679645469
41438.56916553289
25221.77439124967
40395.29312832117
54712.101458723686
39069.04478496059
54378.16384245887
42271.50704378057
40061.52725866028
33394.90977466267
35011.24070554752
40920.3092381512
10733.700687585308
14444.255661714173
30312.270389844787
41067.52170663727
42121.6012141854
55237.03765911918
45875.43301817571
53979.392423307036
29530.504936613328
32423.929708551645
30165.430528136494
35711.66629426508
37073.172709507984
44154.21695608682
38629.541394663196
40831.50321045761
38839.98502133974
39401.37071486604
43085.31712499305
34387.4823800379
37543.13446626718
21721.105314470242
38930.185860466205
55885.218724474464
60024.139446229194
29484.41452137698
22496.91458283135
20631.330255635345
7411.495508065599
42066.40180277605
41647.23285325887
34010.0617470755
35342.08471894358
40637.04528258555
49984.932869602046
36004.89479437749
35822.82317262579
33894.22176916539
25709.464916215198
40815.68522883258
29269.641185708722
38030.61222429767
28001.864839444643
18569.96644901914
11055.729069961664
4148.124384464616
5890.81923928096
13979.711189453354
3265.6777259821442
13602.664070511279
4571.856769395966
55222.10957160237
44180.28620291526
26329.705503472072
39188.50148059397
56778.04232055282
22273.95075357318
15481.897730868024
21173.68646469642
28313.777476752202
688.1656112064345
17918.905932027887
29402.158127764815
23156.827225784516
21624.093182654775
25128.08171447013
28771.025025157585
24425.98661373706
16472.458445598837
28333.176624273212
23399.38973265335
53420.13370098795
1266.6485590015945
26524.99015626617
28457.519326779355
31704.365332965885
35344.06835440248
31734.642687483694
16722.361299423355
15155.608936745337
29915.382051460107
29115.517175667366
13851.179671491569
31046.346205906953
30387.14716031997
10657.72019042766
24076.608984135404
15110.903430950448
7085.904654317478
9230.993825947611
7587.164466703586
28955.93876993057
11903.741180131454
26998.34750030364
15338.327898559553
46078.55437555272
9013.121965746035
31635.916724318406
35316.880373164044
36586.64709597212
34506.886464249874
11888.418737273312
31640.23481090731
24510.089467401936
394.0578134325296
17999.8269358444
17054.21625414425
11733.729161226558
22023.959426643098
15812.872369638413
8156.072903057818
20855.071053655243
29975.94796648855
11624.629524542548
31426.178136640465
18959.016836794442
23559.444822305497
16657.68577096274
27734.825941132072
53980.35822002397
30191.535239964087
44172.379298336564
25598.03987158532
30186.93775434687
17077.536910394374
447.5529799869786
12477.088911846071
21973.42280265072
25590.911130094075
28385.032356464846
30608.067024845896
30923.7715103053
35293.767968446904
47913.421827513346
24162.820853036308
31093.04573659843
36047.903296927034
1448.1435489140595
28727.183602056226
20763.892386790598
34415.19305620286
29496.736008208252
37531.699893566685
14755.184425774836
17633.057515090622
34600.23605914352
26688.469411781487
40079.62711089062
29362.984381098326
30310.85629215767
33608.53432695879
35771.15183804042
22653.313474312672
27531.736581268524
34461.1143836679
28453.9234787178
27284.08708264073
31358.339591198677
28649.575715495088
32190.16095821064
35236.31800946329
41859.39373474017
47829.991651745266
30056.121979742165
26253.04547561234
20739.90139782646
19755.618447672532
27185.01670197081
27970.43124540407
19852.495584818196
28569.468230391005
5539.866867372375
31048.429835887735
23182.215648343798
38282.83981288698
47943.07556691171
40905.25293620139
38580.87510671523
36039.31270886786
34526.128020413424
36816.15893978954
38357.891459116174
31104.885181710484
32980.35951117345
38432.518748395996
36109.62267849806
37811.62577763787
29810.244921192665
31061.131786936054
41503.64416679801
31463.737991207337
35597.494664992824
33683.70212328184
25457.11324968443
11285.545140112286
26466.43970039911
31500.379371854207
23768.51967079553
39586.4243348302
27312.1716306911
32511.73331548827
24016.98827787886
25716.928593799166
31473.384518353865
47665.40340603374
42577.531651084355
26698.374328205522
21726.166681762086
27724.227001849024
35042.97218550374
26628.30980544514
18771.239999910606
26600.534728423503
11964.292138440589
40221.49407057717
44065.206564583845
32501.794459088684
29404.571889356594
22904.54478620371
25853.760892171616
28424.672052824197
33969.235445390106
28871.296127614405
34269.41647720002
39555.021324527734
26290.453185685215
27496.16902866513
35468.06459766712
33422.84613108263
31728.689282804564
19945.296378436222
29938.379243855536
37008.18951818839
32568.05904207748
34023.69527304967
29392.398721863992
44473.70210432405
53990.48921268392
3540.29342952946
17565.840062356623
46024.041611938854
45306.31819834386
27800.796949188312
34105.517638199715
6258.3070103434875
35078.738008461456
41645.63417950754
43751.76719795582
37720.19604305583
36703.00645837724
31907.738580736277
45587.37036288708
22280.612528126876
35825.1667525314
30395.69567528464
27485.43365985251
39757.22416036879
28154.55014741504
35672.90558106969
26840.966301613447
10740.591075259406
18527.711949253644
24580.64448639312
5551.487547022223
55892.67853903575
11368.22481888953
447.5529799869786
32537.19203803505
2569.233508871112
19730.94272167558
24153.57443750244
27971.6757215058
16858.019179368548
29067.914677579698
27918.08565032058
27098.08055864735
21581.71660621751
35906.08860027962
35400.036654704534
43683.24249503708
25216.603199832683
31904.246785972155
25674.42932069555
40275.69482952619
24123.44029558949
11871.38324283006
18560.254606631286
32075.463487035857
13624.58442727982
12182.442215359464
13981.87531130437
35951.704577549805
44121.84472796651
16403.7857647634
22885.805336085825
15116.599816468508
21108.025668927214
31505.213508814217
22335.99521119003
41695.86338367384
41674.921972365446
8834.593425922503
14783.846587610027
23815.78883780863
11435.80374211052
17835.783574258025
5421.09200451005
975.0575454850335
14705.768704520118
20052.892387221676
8903.851747919005
39304.32553267491
42805.70404659299
17587.192575698493
34855.85591463077
14842.792976771774
30661.46991119598
24976.325231138788
4413.769129818801
29635.233021472104
23622.039559430734
43369.397243578416
33161.606323385626
31080.724752521444
43638.73847123691
41081.382068139974
33875.62509783849
18716.058384688633
33795.309132107104
31976.4787922188
37201.689201903086
34882.47190650144
30854.08257447936
12290.864278694418
41708.02911055358
45131.83563684578
20596.23408996757
26368.056300834447
24020.586151878615
2134.6236650560318
22008.175255268725
42787.12459382915
30801.200862690035
823.9484805326395
17297.445508029872
25241.698289382435
27885.58124073033
30129.163940945167
32375.662551106932
28214.875281103927
30416.20175756135
37407.085996594404
26836.84092160494
42613.32328367176
40319.607177180085
29550.68755503115
10081.057700738473
20545.545309503716
35154.5220254822
38543.21707875652
38556.93479625651
29273.110411386373
27171.78537380241
33950.749865007914
31995.04934535111
32784.89310655573
28672.44650836205
28350.982175619516
7015.61838620718
21757.96627916178
41952.30762089409
25866.271866138966
34743.37894866859
17412.853840802112
5874.084583992903
32802.930477470785
1283.8901086008898
22468.309376011526
14818.312835224811
30792.499172185122
21144.107404862134
32329.324142303176
18379.367054531624
29774.869988666014
26565.61368029427
31632.81350139723
33014.86376244384
33304.564999253795
39872.99188216263
54717.784378640776
20480.10913004373
30477.029621758098
27459.77911626305
27863.70870450834
20394.46540358304
29325.230901865696
34198.72223154979
21538.182674111074
34365.029359846434
25775.796112190117
2711.325350358179
28073.89669299109
26714.653755756914
25951.058444409107
31626.085933557766
19164.536737959337
35887.78553274312
27918.804043678894
22868.00823881523
20410.057467337963
12282.313302050476
21986.75868636382
27844.07350959582
13495.252755050893
26479.89207403268
23969.300085474588
24865.255930714604
22780.991749281653
15026.556476678776
24579.228801913483
1373.3384189158564
29162.917659323994
13528.097556708197
20005.03479773884
33552.44356839265
29107.32378226743
41091.26979120354
43306.39809631725
28588.25796113434
13548.16253961446
30436.028371117693
17528.15799292283
18670.3352275549
12035.246045854516
25194.528874016003
22320.499848826752
15116.27810280187
5493.252401815194
21499.640850519067
18646.33279164886
33598.45676034597
2964.9679608257056
28952.11758775985
21723.07771462587
30592.155408404753
24415.73212315378
29417.640079684465
35268.92019907907
31018.51968362477
29281.551683654012
36691.50075770525
29408.134319540095
33216.87242527391
40460.144323913104
2540.3918384634712
63453.73978297436
30616.1971539234
26883.495565015946
29128.795518342133
30042.420148216675
30064.32244648207
4062.0627744229173
35559.17863298433
36718.329399856666
28445.671658027208
24775.417903913116
36426.19384386665
17158.86653020145
2419.454387852924
13213.051571983242
22474.40948310501
23571.788706029736
35349.74274751507
25058.228878254296
28436.273144902672
2847.5900353396346
33941.5602059519
34572.41707252592
25876.22650989697
36915.75018847526
33979.401440337744
33949.00477749618
37413.03837993248
7214.488114397276
13137.212042113702
411.86775665865537
6965.00471446095
11739.085240956018
28806.935822937863
19906.300737675072
35886.53701456547
33010.344181568886
22392.44486874998
13665.770674079486
27864.762936170006
13721.380998903162
33775.83194673645
36314.70963782075
33397.60104050009
27319.79055075713
28358.140406601728
36572.63462384059
33740.189859887374
9268.84601688233
24090.833315860247
39742.90952009255
37745.45828492309
43400.16788552215
12550.412838790136
32961.29891754383
285.5124118041659
12829.24037038163
32115.17385124565
16237.086322960857
19737.836226198087
29680.36245816685
35103.67167254591
22255.86186277936
28829.70639867359
36813.35097410896
34095.38241834268
24070.181015507518
28335.34380830491
22144.60249579658
29744.00511676942
40081.03246632032
54315.504049664945
26914.04277563951
25406.37488012511
23955.465846818646
26180.661482399493
19138.819750267365
31365.433102855335
38353.25307552667
22322.638490238878
41495.6558397717
29800.19834546588
60040.37611811392
30720.39419365003
546.9149448740391
31302.145076470144
34853.57014198835
34253.779229114174
13796.409556714478
29161.83208950722
43188.994504572554
37498.3484927693
41706.38982777156
30204.922613673123
34003.19132119745
285.5124118041659
23968.813811032505
14945.778607835131
14964.699291427438
34047.15651607712
37887.17579877572
36028.129761694756
31953.179827400643
58061.148943972
46287.919604008974
4273.179743193004
34691.00162662514
33779.048074432976
34327.16663791379
10865.303747108628
5706.558793671533
8625.437219296333
13120.35561702564
29401.943051920487
573.8133479042434
5706.558793671533
9407.14950762828
9669.225643982456
30289.53970867729
26936.87969763795
31374.7578460908
27012.76631113788
9945.883991977093
33760.895867071486
23451.396370557643
33656.02221227106
39681.17667169071
30733.221518756083
32740.558815438813
43264.27579702044
38108.64341401318
34465.57386662794
33250.68456542778
33260.917879831555
38819.7203929891
33479.44238290414
41997.844158420354
30969.803716857627
24087.098890899306
30025.61308229254
33805.08703230278
27614.69158082664
18675.81697566424
34833.852239242355
23241.224929335196
31735.071936990924
36979.60941866489
5777.333452793108
26621.501910533807
285.5124118041659
43273.695847000636
23831.761229874126
46727.21498752074
20358.14461325444
37746.87320933238
30267.44484145533
37372.88649147497
34271.369672863235
41798.943884209235
40793.85276515964
30451.690985124886
41801.68504122991
27192.838253783946
22940.897291501133
45354.34037794542
3832.7573827685005
3832.6159705214595
6240.465514963529
7880.966266481751
8742.188505731456
7187.337762913648
4046.1974551792314
4046.1974551792314
4046.1974551792314
4046.1974551792314
11542.500512903245
15871.95287914939
54750.634096819966
52620.08388404117
34499.30398810487
34357.30798578961
37074.0598343756
37785.75133853338
37114.722012585014
32198.844533911724
35991.46624444718
42809.71151750698
47227.50540403179
38004.22258074201
34898.64808780775
36824.07172524093
34823.76224379952
56011.59785974219
34153.46702901559
40320.99692506265
26299.983137676532
55895.82210755006
26780.68422165696
34458.44232023063
32970.58168040272
28603.70220388166
29217.174675031652
37461.28125656716
24969.800307048692
32155.418576542932
20810.11383573369
43002.02005032523
56783.62818167114
45444.47013961508
546.9149448740391
41347.453910508935
27800.772090228096
30249.605181863724
58053.72314869468
25247.696088453693
30200.36820292443
30112.269006798768
58061.72000166639
31999.632201311575
31142.110662060117
34245.027704987864
13595.312472570768
8966.27723392119
11764.064233915891
10531.604425285634
11773.360942542902
10449.583430134104
20903.714638444155
14797.90647089296
55883.25470542946
988.8695565435725
38014.405035610005
21186.135292449497
35148.42323285921
34649.42204186754
39172.706131997824
5706.558793671533
1229.2666369929514
30507.236480315325
41299.81456511851
35631.21691230128
44542.65883905069
37422.26722321117
6570.35649420233
44244.376905544756
9734.949147621828
32437.308715290084
38191.57416543865
30845.920868673013
37006.62429477276
30279.855561300137
35798.40428318488
42965.35034381935
40234.967486376496
45417.33598001983
44005.855052950435
24114.57028512823
36785.876269381806
32781.532776767745
38283.550249042906
44966.875369941794
23827.34164817502
40940.27768000455
35692.544278130874
38542.01145550086
6008.780279487831
31272.33593587427
34542.94174623889
33457.581123031305
40006.13578288234
18151.684341841374
40172.49127113184
26209.88752580769
40907.42701992372
43103.71555931338
35267.81391777542
285.5124118041659
31275.486703736893
36176.26664035802
48384.277442153936
40566.53652816931
34313.29023203207
37335.15305740422
40104.60285504556
39114.10099894004
36175.7581339281
14243.27985546233
28611.695626157085
34220.33820768068
23241.439388817253
22216.285720861015
26382.152104219695
29857.252348187307
27547.720607212563
447.5529799869786
23577.051406390674
16412.4256466924
34297.15667064507
38130.090690352736
38129.28657322169
39522.601927959564
38867.82020384537
15681.82929589911
10063.055263178916
18384.72702457872
19791.024534589043
20611.981080368958
19501.745161275485
19405.642918188012
21200.46592552578
23849.56601172465
16800.359171899512
19848.335114208265
9282.54227366066
6512.282866870725
14676.65144165726
23226.429977481468
7607.359388461446
14085.135187580927
21154.733802252085
14429.599651789658
1032.1130346400378
26533.12912691842
20767.567607518842
21143.747516087074
17419.37631849935
5427.438346709349
12932.465833252654
26245.286066695542
21835.588877848542
16769.08028086512
7382.454797834379
7840.804284992401
2861.550086559659
9650.735758244165
11496.674375475619
3652.0793225358425
9028.01742828228
20684.64365128846
11035.11330106586
33291.357648795645
14060.249852598115
11262.68832507817
7488.713126027808
21891.349257298705
7434.3191894257
23888.44319745734
27013.436277320845
25724.988924358015
17818.93164723296
4284.592411807596
6750.537306638163
29997.07382265697
30835.657924910833
9778.08818170469
27972.432869183143
7892.023755347888
27194.495366469884
1283.8901086008898
19333.09869615576
17341.429673584244
53116.04439932319
30173.952114636588
40423.38996544482
31131.107703677742
32587.108890909298
27639.591376725675
18505.83900917497
36388.29340577395
3312.0079617930082
16921.02902192098
5899.208142622855
12193.745733031541
2292.7135146220658
20777.212307812348
25506.70525842809
32503.305698401684
36633.044709327005
35916.527389985786
27243.292120429312
23947.662026593225
15079.29337288457
30447.636701155876
31560.4054122285
18197.16979358121
14021.357314340883
41655.0524838799
29600.98808345519
36346.45912704864
26442.933503333297
34708.621668122156
41182.12435304091
31523.475284818516
29480.53081574868
41222.84810573694
33378.82370919903
34035.79344942348
37541.355949396166
33107.25134660788
29413.845519612634
16858.374672785245
23588.638350923207
36437.6904446394
36331.78730456443
30659.449540207333
37460.630250049195
26504.664211327414
41184.22019580247
28368.061533752545
28881.57739887681
14333.139886868854
23941.548980073072
38668.09951375898
45256.35238402166
34969.85836527021
40916.97893136259
39364.00689181918
26642.329012185935
15821.234434387185
18909.92248435478
23272.82589269349
26659.483635686163
35409.584825957
26213.49807762066
30362.967824600113
27418.52170083585
30699.756291595735
28358.154354393548
23078.840721313747
28278.764817191255
3571.7583514316907
21834.27030609676
33535.487599674096
4842.013420313565
8766.849426223656
26413.698229953672
29879.863251470168
21946.975411581516
26353.945298530933
28042.314344239276
1073.2816853564093
36503.325332604334
55230.93406619929
24164.571342339168
22580.185530521667
18653.185896048868
24333.43153968993
46184.910519716774
15148.711353476225
26707.175665873583
28155.25376444394
33300.92811485534
29270.95789135834
27096.951152958536
23881.43980474375
16930.529526252765
32036.863017751693
33363.527843452
39192.022465855174
38203.213281607226
26758.681064346416
31504.754351006843
34927.911406668885
35942.40175136613
33409.33492068501
27543.03580995165
32215.04479888424
30024.258857869485
17062.34680103245
35514.62842454333
447.5529799869786
24676.26832066194
21964.074847174194
10849.636390578766
19119.85783430688
15879.500521894914
29493.19104955288
26923.185225354508
21745.449934742534
26409.62383182907
25310.967790338225
28381.533629447214
33479.038580100336
20162.566494191356
28873.11092097044
38971.306208426504
17937.11380717958
9686.364256493287
13189.664279112436
16172.742452688106
11943.04751280327
12241.770911516382
32870.3139162254
18733.956903582337
24576.47637843899
38220.42749739062
29798.08632900327
36557.32740891801
21825.9932484132
32899.73317242839
3191.0266129373535
9590.66359328678
34199.95863021157
1612.9614260757796
32178.94747086221
31361.628999665078
24983.811186661074
23318.459088851345
37813.49516190325
21325.77387624665
11647.310902726806
17214.560326391675
25771.171592510284
24187.087467747697
16940.226801011442
15626.355376736756
47603.97993344986
24099.843839376375
18419.72187021042
24114.198070069986
27258.998720673084
35430.74925441031
23641.651534143886
5969.480283523373
975.0575454850335
11822.44801082762
44140.380538970596
29567.895614318662
33665.96223328451
33939.99994531636
30108.464917599682
33492.459206764914
12958.175987392273
18504.588001705633
1690.954753959923
6757.895127826382
3318.2119831141526
9274.368410383451
3724.3578860980792
8085.1367161813905
19743.89069945386
23263.390513618524
10794.2661655533
18984.598754015857
27052.1240468514
44986.33075741163
28030.684944195138
24515.714827223874
9295.177362758002
7521.709476053309
12318.34499614301
53482.9473547685
19562.97791517654
35503.19452319568
26134.088283059344
13793.029511921632
25194.707321323032
3276.8876542536404
6966.490686712196
6535.946307337431
3647.0647445682757
1613.5803133583888
19662.59872437659
15830.820554959515
37524.76448775711
23854.50454594419
18106.938178774566
26491.405193099745
31657.658585605277
38039.14185643386
32106.494186164804
19915.492478831195
36756.06445775935
27776.73166467628
28622.105620568484
38122.36397006678
36015.83164117679
42339.36005542365
40148.153680248804
31193.597510287163
47024.198454498226
42994.24541401577
30292.092008623687
41825.70840917849
32511.6877862512
25206.268213792453
39365.22957057517
27817.734191753785
33494.98583884695
36681.13760030502
17816.36459348079
25995.659454411543
9673.859205475797
6123.899061542855
15582.249558685227
7582.950009959716
14476.42464567174
19878.75519888187
20403.98673361016
14956.643111399728
12467.615247512476
12088.340700100938
1859.115725793068
40770.53698961482
36523.97941532544
37387.12494074559
37412.40546498439
2070.4389446309956
38868.62720689229
35112.60611980565
37961.76963806132
37736.199673362134
31968.895974955638
23969.39792027768
54309.35900678233
24348.796526835657
35521.85275810769
30798.12071401945
29893.99283595326
36894.16654003052
3659.564276433602
30237.846542120304
18601.76128385283
20313.23415584598
34578.525449687055
32533.30180193357
42171.2685231497
18626.14018475599
15106.53619922144
19396.088882851418
22029.04526651682
16671.875147477305
33869.96478625443
41421.19507433639
12303.88942510426
20316.271688790035
27411.677611725954
9514.592280847297
22658.51733255186
24677.49925368397
19086.493215458253
55256.001573716145
17404.578947303067
21110.923809600437
22723.35505122139
44028.48803513554
17588.384241119078
24197.08961839613
23024.35383871902
29659.02326574024
30608.176294153134
21797.428381193055
17950.877578260544
24584.685051260014
53114.30215277235
21827.594627701503
30844.565927491058
9840.38155743075
21312.497191819308
6129.886737258278
18175.21884275006
10355.877271179535
20779.78241844727
21743.348998823567
22108.135268192236
21732.973176118743
1660.873777384609
36021.062144811345
26643.492784884857
22341.676400857756
27590.390473836014
27524.358073368774
46609.108952672555
14403.330280168891
31980.322444731682
13743.05830600928
26882.295793120702
29677.72868181667
3459.844548983151
19059.371724561766
29201.812685045727
33304.86084135707
24422.06294686244
27968.70253369687
23193.643221604845
2352.8678332828404
47607.62298075126
22447.915660931914
20347.383931303782
26087.41567104167
29463.490309205878
44903.03124322739
32822.97410960964
19247.00768676465
38815.870399216896
26967.12665519551
19819.884309158708
23872.143123785358
30772.38889950729
34254.304614641645
16670.949041021675
36442.350095145644
21877.495378996526
28148.294200816035
33312.16272266068
24517.93252013837
21968.847660880703
24307.15197888486
29623.063821586285
27200.606006011993
15353.19864058796
33210.23161143429
13089.991529636243
31867.415238523452
29260.227914626874
25120.488291173213
28517.866140706945
29618.8333883885
32391.865969762734
30751.57963751697
32704.34779125188
25743.12998226921
447.5529799869786
11087.647596014973
24287.91422532008
35656.75868531986
19154.882799828985
30121.871396705727
18174.730114917318
33939.89414741905
17207.242295425607
21512.556050823932
23500.943234617574
41409.50063630014
18565.86443987658
29362.343428135035
39362.67143704943
36476.9733312549
10001.352610029942
29427.047077996434
35429.36280110163
31315.030348947283
34775.24257361413
26135.47628454459
17251.324755644437
29255.217723123642
26164.541097009438
9504.548230548235
44375.664066537924
26196.33254036569
43749.9300080105
28451.054841030822
25223.385584874643
32754.041709663205
32397.596168320946
41199.61710934051
32611.084749182264
17359.802415304584
20512.744964381276
46082.710338171564
19553.26824294282
32443.517444807414
37370.88643744634
42734.241005533644
23083.571119864988
32891.20306089182
26416.171468875484
29391.67534285642
44195.97779487607
43806.93829070018
23580.40311303395
16155.257924475778
38058.730830505796
39295.52695608225
24550.660026989768
34965.226390987875
35277.25065470826
42658.717426044524
36069.63044410716
9135.430529917505
15703.706928472726
5899.208142622855
30055.797481865586
746.3654060837125
16718.936531115614
24790.40524042891
53714.97883677708
48722.67840492739
53713.87570527442
22559.97089789445
35814.28510004973
36762.66930131686
32645.31370583049
26703.452973480613
21487.836118367348
37154.95905935362
33939.00037425631
3190.2004100103886
1073.5560773412285
27858.726368941072
34077.64058297617
29872.610613770146
37930.77302780886
2071.851871568308
33965.25948016137
34618.02681134195
28209.50158360246
41094.657670898225
35331.996685035265
32209.58398476345
2085.1418641591877
37785.96667870939
42117.82948894786
34452.32092964595
35342.17163937398
29336.598760687633
3219.2448557632315
24517.26703552232
35583.66379383622
27548.467117765857
33440.005651126165
39910.2970701783
44211.14760890783
41697.81112689323
31256.175428917843
34005.289938564834
33266.0817838066
23025.28890228135
29110.644227962846
6878.1176155581825
39069.12453526603
34526.189366799954
37814.016676884836
41201.17919591715
36241.1037262621
40363.025816138295
42920.88265494381
38650.30976699101
285.5124118041659
16923.113982587904
2847.6154996749337
31943.24631162659
11736.189706100367
32812.42980239633
27803.52017895163
27544.9550207127
12659.161310496904
30979.331945577273
17002.380461066005
25689.289852171205
30988.147145754796
26874.33389503878
5254.481585591153
1150.75890776188
23692.84401701436
27124.289936117857
43424.853353295555
30441.604123619134
47033.034529693796
26809.652551493025
36630.38417139674
29583.926369486508
44840.66016583199
35193.23329508386
26303.870218722433
32004.284967497446
17443.554423444137
55883.6475732976
22563.541840845715
31688.90591868339
24446.489323039175
45411.545525632646
20468.03216688006
25741.097563234263
30440.684590819637
32041.25873277127
285.5124118041659
10529.474080585933
12111.619038890829
17804.507686826804
31277.67420192991
1200.4447777483908
11578.466932723522
25951.857084748026
1283.8822136710405
9914.551947841635
22732.06578075703
13569.730073689347
31169.126610464933
28217.13159787762
21162.816673212597
17955.903828171613
10060.534485100112
14218.523293449007
22905.085126164347
31962.689749439272
15023.716184167146
15868.627183973289
18918.00427325132
21687.28221620336
14726.173704566334
14913.982808198716
14581.070473554855
12523.265326278874
13791.547003260957
18839.193437731148
28094.077155317445
18282.604427539878
25437.556656694716
7915.155118035677
17764.742862234318
23864.100541813517
28091.962107900337
21565.723134312564
26649.13969595936
14689.67305504771
28989.930704203412
21876.232577139122
32237.969632271215
13205.065872290586
31312.24074467689
25145.546348605087
18377.226973133056
20496.168509078016
18035.91464264441
47618.28292611834
17098.49340943841
25154.417935023775
25054.22317252156
26344.662996943887
13000.197678119936
29739.919374200213
34279.62669323996
19776.204871494847
20335.942378753196
28490.93398956033
24053.25903153087
20996.648232711956
17815.872234746577
20358.78194145489
15932.046129583556
25407.223444275376
56789.2162185729
16912.140168931106
11722.339566109134
22006.90830816896
31447.989940854073
20449.43678590564
31702.005475066057
35041.50099303354
29765.474321868074
46082.33312130428
10925.00705616525
19960.126865760085
13470.612123926854
42542.109055301764
21355.615745164778
22935.432057522146
22117.012774816325
26779.70701742265
7952.127959821357
29684.648835453852
10849.339815967789
20995.100561144107
20891.135748727895
21203.930336024045
24510.723896661428
56177.613148574834
33016.12406431909
37702.69614191155
24028.20455687259
21593.274577133823
24493.389306276484
26397.356950945796
37279.1123183115
40431.644692452865
38827.002565641335
24980.347232087817
37030.74129321813
38220.51500413984
23353.770581784935
42619.931678875415
33809.41547561391
31569.25083123199
3191.083686976
36149.01113613007
38271.86175423529
26381.129573598853
25299.142132603632
38237.772220963525
21464.002292527894
31725.59777378013
21202.06452373862
31346.236780894982
27854.34794136405
26163.76525020822
18087.64825624261
33036.60378569157
15194.79827634574
34166.868259463336
13112.41426542336
37937.85483777792
3530.250395824664
30866.27216970505
25499.652168408455
44937.615091483465
32775.40133736421
35056.09568621411
40408.81196071816
29568.798725625715
40871.43307198942
39550.34369171768
37093.55446328489
22737.546576395038
37727.53271710616
23470.693939476983
30523.79681790103
30889.46218057378
34182.01241361356
30721.417513704313
28048.486073262276
42465.46484279607
37168.254771352265
32783.880844152634
34428.75112273044
32039.998290367344
35680.91415048832
39468.11163604482
31039.13104756236
33005.86351893117
29710.642897202768
10924.827865449744
26043.704085759317
18128.111877740615
22912.327087213867
20725.878793260377
31683.507061973218
30274.30504403476
3646.9943371889417
13178.225442479294
22529.443582931726
26873.761935332474
42144.17348630446
60022.66265235116
39893.672621720616
8976.710563778483
18151.72139991725
33554.243061504145
29218.372225688046
32280.503715653227
46747.23860618995
55916.20087391092
37217.815322038055
55883.25474408855
55236.030148557795
22728.023802398835
35556.03470949354
17581.399861652517
27225.20704185683
40529.71955072883
29598.675450252143
47249.54781167087
28465.597839201506
54730.02783102161
47606.84230511456
38533.20096978144
37220.790763771525
37359.433229041875
28271.557665260938
55226.52419687602
54712.400559765294
27627.505117972232
34545.18987996474
43267.315867502344
36800.3860637198
45960.438924814065
29164.552567138664
23918.229833628287
13899.87983345815
21569.692152221436
24473.58138732231
35128.14647052012
26720.019044121902
36759.86288474161
28643.617982981537
38368.942580451934
40802.62858672366
37150.251850008535
37804.673050965896
43621.628393473286
29488.281585173256
17686.62013176153
2744.2204445942534
4865.241428903294
1048.9432514002756
7752.742729136393
6091.853987606049
20472.28624634888
9596.59635570575
4473.488417553826
8485.610258285506
6427.942637897273
10388.941036775766
3239.698516466294
6770.835065529748
17600.030414545563
21913.76164677561
285.5124118041659
8789.40027639356
1048.9432514002756
1921.10601393994
1038.7101197883896
9821.16595393883
3182.49326427412
16453.8512203762
24791.713461033116
9215.507095576424
10103.58937527919
6691.753275058012
10704.366314794235
12496.425732768925
4653.694680709184
6146.427023574595
23010.485757250593
43884.275343833215
9171.851852510123
36469.89608717261
32080.096998770878
33893.73686688478
1794.8628808490062
31220.26848957888
29968.097920805558
32537.880039584572
28989.889533043308
35124.49748324307
2626.8065158572626
978.4996148686079
40824.46215620717
26821.728302777938
28559.906524513157
3053.949438537602
33505.37784172287
22760.08728480001
34572.97899746857
12726.773038904295
18417.381883404414
22863.976692470267
5969.502879647725
975.0575454850335
19371.86821652347
447.5529799869786
20332.44477744883
22760.58102888732
1642.344682837882
24856.069522645594
35103.631240140116
10136.073718150801
16263.838326162873
17049.304017107283
17980.64777939238
20735.289403598057
17923.62394917767
18219.605847971314
19681.05089580838
15299.177500667107
15282.302097721507
10276.984140938981
17137.185182202946
24667.906254491838
32210.391395940194
18807.4675689435
21392.020115667216
11772.610097540251
15187.988047351606
18704.486595878407
15454.135873905994
33826.73300040514
34688.135629402095
33115.61936633413
24350.93046315567
22299.662515946067
13683.24147344632
14879.410057091714
23797.268218140784
15285.190912425962
3295.9426371197383
10663.717059027269
48732.600549346214
13047.632843992084
34217.281388076095
20899.970528999995
23813.863952283464
27253.14208173775
34688.519437945375
16273.24750086386
18353.500002272507
35489.692432360265
42287.75181233946
23290.18572908861
16011.967637608575
14789.465301034703
19298.135726031465
8983.522013418351
9819.073258222103
37439.77167544767
14741.257251984413
20343.361019655495
19255.68277219725
32232.521319977128
4260.58374083235
4949.966046940417
37055.56076926732
34473.25526982076
34525.08617982053
32759.58257183813
25113.17682402619
24228.14844072377
25599.586823618323
285.5124118041659
9097.379232198939
29766.898268952762
20047.908870410876
30559.229812520316
37516.1802924536
25083.611639145125
21526.30886135834
23197.87551616733
16470.32341342412
26547.064324739615
32965.1799590917
20725.87208229848
15080.776883730652
34989.872347715784
13912.372132697556
16175.452335495933
7833.267930488308
29686.601853199674
1048.9883993909566
43885.35496357687
1233.5316199463591
29265.766756050572
29724.997825023387
38164.80327289609
25268.37131538147
41354.110553385064
25924.788642704367
37219.18854986338
13028.085350129997
15730.328282200066
2544.2500498024187
26322.03039870594
38278.54882235936
43796.29698184512
43828.041833709205
32723.119541437394
6392.8347666968975
44112.25989116597
42725.30481019367
36988.56639902239
33350.53846223917
31598.900897556494
33842.140616918536
13704.35610002826
33797.02268097221
47557.741257840775
14295.333575756442
27778.029418463913
37887.05911818443
13558.29845473535
24940.178706194438
21628.7800272792
17890.377340646945
27690.224381127453
15774.279895556543
11645.016251673227
10915.522292253427
12316.969877348383
19336.668175150233
12025.176997674374
16307.694041760078
18573.20327595173
11900.01077589092
36884.01745491027
19942.252864833354
23625.621102282064
14898.889863506365
23783.566071025034
14784.422157343468
30483.095395622167
31557.193090778168
23488.553323370976
447.5529799869786
27961.733557896554
2067.1720783206524
17279.368827523103
17775.914805525605
2932.8230913746584
12487.227794549815
23955.687020225607
17303.744140263807
27371.80757925783
36452.948338158814
31189.17176052016
26559.924580836214
37788.76682030025
19295.137415756824
25338.702428349152
285.5124118041659
14025.737484904934
13769.532238249494
23995.55014103178
16240.97283229973
24734.91311387949
33137.90562295329
30956.629562915907
47914.12908714931
7885.731908825465
28408.46172046906
38835.8256443126
37611.676935196454
29355.090630122348
36721.31545240197
39690.11442827162
36931.537791378396
44714.89916223283
28431.63640047596
29901.96839547366
33069.493289993436
30945.53122598505
28389.64680188831
33125.64785901257
33836.932497540365
19164.73986926588
3690.5033724118553
24737.33243686729
34183.40443356989
35829.58833714101
35888.965457683946
3261.4336061089457
36749.516095592604
39109.53348438012
27698.5466804492
39369.816430407576
285.5124118041659
8551.245949859018
1019.3899102514767
32494.833206044525
35846.32075688664
33063.727521875626
33845.45567832384
30879.324156896888
31306.320275966485
41698.150624210444
35816.2430518575
7226.466005255553
38529.622369174016
5489.7962032021
32006.008685824214
37863.92392129499
29967.527339813052
27366.96108851978
27259.72970624944
35362.97836071127
28356.34211703737
18704.870176515276
21753.328582049384
31310.94722659854
41585.49472116969
20303.002265420255
22120.791306135678
29165.104746491743
40662.29148748319
14649.436664288129
32723.513166395744
32741.41926192973
15768.65981813464
30082.053264976654
22604.732942230217
5969.480286858649
975.0575454850335
16673.69967952566
8240.728181690745
21855.97753141601
23371.977882093346
18116.02991683425
34201.073960142734
2569.233508871112
39520.510844870245
26395.685189799056
37613.51263490147
24916.21654075987
27457.97677824289
27306.810115456596
24952.504577588606
31530.66724313546
30279.954631371987
39675.60151865839
31918.642442948545
33637.27715112572
41470.59510248971
20474.331647964827
26290.561527578317
34252.241277079
30113.968931004678
14582.292162425443
13554.163096703862
39848.91638091739
26253.4841219522
42219.85999114734
43587.704983064614
13968.690627763928
17223.343295449184
33841.115412127445
26798.987961788105
3542.674942059602
32212.33193162589
33029.35309870271
26701.7366234208
22185.270127897315
34185.27072310671
19703.558388426805
20376.888720884617
24178.109367663983
24786.719506693054
12320.569572953644
24377.582183571056
12702.653505415086
22905.42131224274
34310.356408770174
29967.86611889556
14948.871264440992
19681.40214139483
17389.112761761986
18811.138835901318
27816.36490169883
26571.030725797464
15313.422209028011
2968.0292578236604
44833.82641276937
30480.530515689316
33702.07138884473
22620.55409817353
25095.648735682124
4156.553396060593
4538.642854911765
14158.949367034329
13136.109880668912
1443.5492953248777
33550.11636595127
6392.520281162328
37449.06570720962
16791.287920886713
37409.83845674584
29179.191703117933
32909.732143197085
35175.930722117984
6548.007767143094
22318.54013931275
16494.829560294664
19459.013563861095
11067.639032635072
28046.221181677967
40747.71554064612
39007.453932821845
38312.746926297405
43621.907241692315
38768.75315363175
33716.14045779061
19549.14717418886
10532.408230728777
12891.165120993368
20488.45854970712
34185.030481960646
24171.76458335819
41952.55768170181
18893.5638724278
21479.01286627654
17349.472045203307
22833.571149588355
17519.677017409296
31738.710648093227
33321.2134673764
41225.33877635835
37443.83000490207
30901.256117874396
20123.22016319033
30733.863997733926
33347.977955151495
37911.12475912638
36138.91380408178
32363.50921896784
42514.28143646465
40246.18206750036
24404.287743129975
34418.56123178764
5731.706943129323
33590.51871975893
40274.75428376984
37910.046073857106
32786.16940358809
28218.67710667604
41137.233227816985
46081.21694269301
39937.56652779184
29971.449484555804
44602.61925054301
42680.43548853301
36950.45620719424
6140.650161867556
32572.46942930123
29025.288830362286
32039.944592998174
31984.52701180806
33645.85587175313
38886.39204485941
32760.106606080288
56779.904717013196
31035.64875683139
34311.994279906685
34671.49031843506
38431.60633940414
34035.154480234814
25926.970571047765
39409.52438171302
30086.733870243643
29275.690354222566
41709.60312159654
35908.23401018243
37650.5792321748
37984.66057377778
35103.499452965516
15815.499578218794
34073.5312967552
36767.47455509851
56786.88624808378
39491.654511519555
29042.418662008065
47655.4103864607
42050.292508523286
36846.191750968865
15480.314517613591
31012.02395279339
35386.46758219112
38370.66962276933
55884.82588422114
41528.01558089111
26887.753411322858
42398.20795056371
27630.223531217514
25967.613363140725
18584.939788161944
16302.246078528096
55223.80763606908
15844.971328956382
36873.96677524159
24884.066633132814
26195.4985699049
16615.38779456979
21399.3268447372
1991.1643291247747
33571.65837576606
36755.14864852589
36759.0507779797
33620.1484048866
28374.682682661398
23067.176394080674
34163.14689722319
18240.358228081466
20782.75232624123
13475.47354124068
26023.54476083912
31580.602130770338
17065.76990070924
29771.67593692312
26844.96540788219
27290.11211903943
39304.254963616484
31073.26391287748
43626.56789120081
20128.832311893606
35729.56161706992
39657.54631602853
33161.59189163842
21893.41495486361
12429.433337952632
37750.054788054746
30456.356084165207
30136.381067129016
37030.3197034948
20333.849412912867
33417.856756539426
21334.38153875433
23451.10344254068
26926.67622978549
24344.308885746887
24546.710762185485
29775.76242148789
30108.668207573362
4100.016114831514
29952.699585434057
1097.9723680021368
7389.686556151275
25822.19986843898
21813.120882187122
35565.49917821255
44949.47001875615
15583.794554508504
24381.674987249826
23539.866880101534
46738.37809278912
26716.78972778144
48566.22744414219
28050.012266952996
30847.283105010465
40529.45192535306
30054.85104221184
21159.745242592675
20627.536579964577
5310.651207842659
15847.058027024163
13400.491871205542
28788.73982724074
49437.32172727894
2962.500916869181
28016.577495422553
13876.382124164304
42783.38957408312
24458.418747974352
34905.27421669523
32767.370536161772
37827.26955819577
26630.16023178771
39788.59496218929
24532.46458447316
8261.196144019857
33316.62283064243
4787.576343042108
38352.00998748478
34712.28247695621
35500.07273627531
43901.32925572403
46196.60683009109
32795.82832368298
5969.480286858642
975.0575454850335
17204.37025674196
19261.62313945365
4597.664900994894
9580.065899775664
26394.6442750655
11252.954093117609
10991.346637860792
1491.871087985193
40053.13600784377
16639.46444770514
42702.40544880563
27643.054467645143
30713.582677155977
8911.660314453406
12951.653962163096
27671.124988737367
34482.181224327294
35772.610263447634
36241.43903204295
43597.0318194321
37668.576156052026
41788.06522476628
22590.943892417716
17344.259157202352
30027.88324577566
19722.01989180707
29196.675872613625
26950.733765834077
28681.844995915784
27845.50685034143
17873.059534941585
24346.788167655777
30406.98469618518
13295.349892662376
20787.145596167557
15150.417679038299
25933.470082676926
33441.41776430485
25756.6239433087
12316.868956914966
7210.764540822272
4478.585948160543
38894.96271721617
38038.162019104646
34082.518662385206
35834.00609320814
3970.8214881193635
10123.26071321586
21485.754066514095
21463.677353944207
12885.083752018458
8838.387265611163
4366.591477633914
47795.71835757235
48722.030886459346
48281.68676689667
34880.70044227054
24697.903270807947
1491.871087985193
285.5124118041659
54712.10144400393
40052.832792758505
9344.204541807949
18522.703456339896
28813.414483423043
23093.674231599514
35589.21501304831
29816.0551103049
23247.12135320193
26403.91557937627
32405.91756029368
34429.78131465438
27203.08547092057
27647.665651923344
30778.51077398416
20191.014587931368
34340.42097364062
23989.145854222334
20904.12018570666
15511.55506899467
36429.64126289745
30031.808956676396
24925.826114406103
40616.79277514907
34905.20100373346
34903.222460067955
42397.60702726229
22262.315396154325
18524.149474062513
25617.459505756924
40009.11292810612
16298.500224414063
42133.89586839801
38641.78375568305
27692.295542357464
30742.20729817001
7132.121033477706
7411.495508065599
8625.946150599595
10844.131748729455
27821.772213410393
7411.495508065599
8625.437219296333
13931.014754071482
13931.15185956275
13931.426054354284
10843.598217359464
10081.057700738473
7411.495508065599
13931.426054354284
12733.015195797181
12164.435818353417
12693.359854176117
3717.1211081451156
28594.337314986602
22389.142688708715
17960.215402375852
6792.20008376886
26194.042010704838
37477.22607612721
48858.196017253664
39440.767553761776
43833.53866394308
43229.54557676396
32719.166467121802
39491.895674293475
33386.9341363129
29469.169750857414
38117.17792365279
34935.9262625827
39111.823954528714
37687.10544416056
688.1656112064345
33416.50540013734
32971.69395174755
23653.69723828856
30033.59166829305
15040.301739163357
31046.191865235865
21370.394986649844
27859.650931976874
41002.69961975366
29186.000403876656
26877.733583482637
27114.060913915702
31228.711881067138
27634.40142557808
53494.26515448183
31424.62808287465
35559.99139447644
33708.43951590683
30326.341215671076
34866.50710619829
33447.283749102746
18029.79762904084
27349.633413144224
30977.273275759548
34817.59501094093
18969.824307919283
39730.11896828466
19508.84807118801
11735.25827693169
32967.286214124964
2659.9656899692486
31924.822380054153
47349.81012245326
39081.593070468705
33650.16107513293
447.5529799869786
20497.87919510911
6789.94356429525
31129.45412078803
38514.28511694069
24220.15518027769
22359.36138031714
21666.190378296524
38479.35749460901
22305.948600256954
28622.99020835673
44153.98092264993
30658.7922546547
15307.379955660399
30055.850459277128
40884.55060686684
55937.69438486812
1019.3899102514767
28862.48887067991
33349.05163815229
42328.69221416697
26680.33468370632
37615.009222332184
32319.69869651037
46163.3709136592
447.5529799869786
12381.19974675568
15508.633893858436
7904.546605199097
975.0575454850335
16208.005111920469
1448.1435489140595
34930.36363222424
35102.93942620611
28888.551476144457
29379.98694940741
19935.75871565195
23594.29210524807
35141.780182886105
38692.31706892205
28400.719141802452
29028.860491598443
20024.187663815002
37162.94585412205
41519.36581288074
33977.601798694406
19033.613808539347
31016.811507390266
28467.06637203265
22549.54731687002
39246.27785499806
40068.944648131546
14536.644680038118
20774.294372944212
40896.67461456443
1611.4576959655585
40671.0237518767
42336.92028740198
35512.43755155834
36023.76197090109
30077.988371447318
32562.196831598118
31512.372466953944
23424.228314000684
44644.82797496757
48856.82906496068
40713.663009685864
45633.78763157398
39608.38365663353
46258.22339747606
16961.564814526853
32408.082750895228
23101.411955768854
27611.112103932443
30220.89909916631
27508.62826770578
35865.18826962435
17461.072555318427
20205.659066211738
32066.076348100134
14213.503734886832
20163.16996877917
26317.57958564059
26422.281156797468
23091.80201361343
20618.146180988144
11880.600572897254
15826.821174774113
53993.863325172424
27944.50342691293
19428.702520230716
18828.843467033803
7969.048457463551
33725.94420636087
447.5529799869786
24802.185824457185
639.8257729244579
15283.519219972772
53287.48112781947
16790.57306143744
20828.21935876885
34814.38581781303
25825.64815129834
35869.62537532617
16024.624623539452
15018.408232987385
21134.421033128092
25356.709078660777
28408.105440470124
12816.20266080494
30645.993485611918
23545.79945227215
39109.91183603363
25404.582921183195
18164.258288882233
14103.476708184822
34860.786431358545
34409.126522886945
26124.918437712575
21391.671222344343
33839.611546592954
22922.791192986962
30714.134455979634
46669.37423460037
30841.957242946453
6392.8347666968975
40883.364169025706
27855.384706935296
20259.15859376063
34969.4959710071
28114.778873959083
25182.92074614668
27975.956441471146
1660.873777384609
24438.177970240828
39598.33278317484
33521.75554533325
36432.203123340354
53515.430291726305
24116.324402493625
21984.0536778266
21522.846386241315
20730.267398395048
10228.998453678061
22177.722503041634
22378.35398116117
24398.643689208737
29197.791334122012
13138.88093138878
32628.06439568981
37033.18928738517
19995.34867714962
31496.855083536455
38779.60691085754
21851.160839279863
11155.132089838085
17193.39058086879
17879.17764841231
10740.292020950925
29017.048025549324
40938.37637803118
25387.199200714487
33954.83574843653
35327.69404008688
46729.51374068768
39040.00933920045
31119.172116250917
35767.6723950589
36571.48919623941
36376.39720573474
58090.81237608666
37818.13175688918
38933.670559008344
41537.14754320248
45605.77243457775
18569.70453266755
38881.74308009074
35151.76659332504
36712.16685703229
20073.595706954522
18551.427399839562
32826.27319276453
22896.17231801118
60030.7839970388
42261.37674956827
56786.88581309139
32201.57314393643
35626.10609415202
28735.730146305526
46729.185712094
35940.280139611015
56778.507982670664
38073.43754162444
30786.129484463505
60094.89417192465
18603.358719611864
46096.69221788396
26584.9605668668
35783.75247764554
58056.57953287857
56780.370371491124
23623.30561892964
60028.569537224765
55933.41002452061
28495.141635093813
8333.946612548858
35044.41337734386
31605.740533480635
36564.93023892638
45933.90545981481
41707.882795319754
40444.95177588941
49031.05158851296
43976.76868036961
35374.00351571606
13931.288959656873
39793.09027681722
42632.15932411705
42358.30980295423
40537.09338755095
39790.54189981538
25372.292418114226
25709.466548395958
29877.5042134293
35837.75297593567
28066.06498309452
35320.79216099028
23844.607514112657
8911.347115585695
3177.057774574809
22579.29330064563
13931.837306071222
12040.775872581346
10843.598217359464
18412.23116371839
39893.12076684543
38530.57049472939
40087.62207751405
58053.72314869468
60484.69979098954
46726.22961600099
46082.33315848159
55222.788824542666
22902.461431273114
31629.197787896184
9256.377511134797
23001.29355279
47347.67808703199
55883.64749598281
34577.19355361638
35951.262330715115
55221.09057415751
55221.43022674062
44141.195063539424
trigram, add-0.4 smoothing, average word perplexity: 25764.309951232797