36692.010624821785
19909.53826828762
38827.10260368843
26598.69318970154
37064.710343396226
2933.6942378242
38599.392903537075
14233.329789067493
29130.53857266244
29855.608086862278
27254.732801139788
28368.055819860077
35015.317382603695
24823.88000800078
23832.244186129155
36918.284799281355
24464.628254568554
32487.569492572915
25237.993713576365
39325.93108192429
24510.798507212734
30778.160540741555
20531.829585298176
21566.573198866845
16065.903468062159
27261.942321105686
6541.405401785084
7843.814102005758
10843.181809686728
33373.4923529909
29181.139855684836
18531.463678554293
18905.59977535489
27464.198600081952
23892.144964662322
23945.355206936743
27826.577298228425
21122.883145550048
34230.05802894576
18506.109002423193
32997.59076105064
24570.292045035214
14755.035338980328
15247.897511575571
32360.193627614248
21614.274518800456
12654.140549923903
26321.24446978222
23267.99284850622
21435.35786279645
11122.153725350547
25589.787105031795
25056.48280996297
21543.116462827515
16396.02874356188
27854.541593069793
37875.75608534909
25185.779764654933
40316.63501864644
38224.994043968676
23681.271856653773
45048.960151210355
10577.559653260874
31040.12013447061
27123.5926195214
17506.579708801797
30359.536081844304
32764.823308647065
27628.375712687244
25587.523203025463
31841.361052756016
25405.230723885208
31336.30728411455
20921.921920792684
16078.416808339503
29983.483098881785
25376.263973312965
30522.324381092127
37036.42062294656
21545.887255789607
25292.22643283511
33828.41971892212
37391.907077871074
33204.81362686084
30533.916028720938
42929.832217599265
36041.348838985985
40895.90604115974
35343.87225003608
25703.758330566507
37302.021328085066
33477.547877702986
29357.562571854312
23119.593678145993
27271.02573385779
26524.197094500418
32068.204206797822
30593.40936287353
22351.12212078667
14010.730122675654
29560.57617856831
4646.827964877294
2663.0197127699566
24280.47904410431
21648.406500275836
38228.69284645541
37010.44558727979
39422.23254538122
35971.722404927976
43687.886523481975
35664.47937386435
34589.86813090811
31127.513998033886
40458.59713438082
41926.174300308216
52921.303666819775
402.37592026937494
18953.944265478785
28647.06079413315
31700.283105268234
45268.20374090159
38071.647959897346
31045.96764567765
23971.131589646953
40690.76326441406
27759.884096460897
32742.87408299543
39159.314476211875
8769.83153378788
34740.77526385474
30760.244662443987
34041.85620171585
39064.350278081016
40731.5027781176
38967.43034544018
38403.59402192802
28110.31374524355
37504.159911775096
27301.51685964359
12192.552180606168
21586.188917242256
18998.15136173869
22431.668766309976
34520.6413290677
38562.45669547427
41737.92113356429
34250.00293502067
38070.49556953747
34998.00043522777
19278.958716086167
14557.07106541368
41986.51347315468
43219.004866431336
37565.35969698912
36673.563609535835
39644.54456842894
35982.28467969944
35535.22810160778
28673.64267874724
43154.73976680087
26044.76751334451
42282.6273975285
53646.07191989408
40038.709447863934
53400.777122351574
43182.065453305964
41778.31858948523
34321.27749333691
35865.47388334452
41871.81027021977
13036.54039725595
16715.730172994627
32100.39866406798
41742.61596999744
42833.38073328696
54022.64609857404
46494.986284346975
53117.41022029689
32239.44061893715
34378.647583287115
31920.624279502623
36531.27449519716
37760.47780973624
44975.93772299933
40332.67886366357
42155.85346120224
40101.333054317845
40902.46737874978
44149.686854777814
36403.052952861
39064.22233296
23658.36946328101
39511.97005006512
54488.498065240354
57424.68719824299
32028.608382717357
25059.6964540971
22747.522540055434
8362.54164182015
42860.339723469195
43124.13917245141
36114.028809571624
37051.325243748026
42005.43453715722
50116.24619555157
37649.23766749136
38030.733389131776
35514.06698014786
28718.46467439006
42137.44959360052
31398.853330874652
39430.83719221618
30227.01254082893
21281.83390949767
13511.024819793889
5330.959437555233
7672.960704951661
16522.28560117063
4284.610777766312
16676.340030383028
5905.552503256183
54012.90806136869
45283.57141468961
28709.807485115194
40975.280949588916
55126.72743199028
24275.04615781801
18080.42692506325
23956.77290988196
30608.94819691264
991.4345132567607
20224.057330823485
31761.322059413615
26038.576537986297
24571.85154882893
27419.36000789625
31663.38067272052
26042.001544977706
18847.494175679996
30233.332247251474
26164.17857956512
52703.87410241827
1652.4038176695553
29456.018040106715
30546.498578269453
34016.69397559936
37206.417506409416
34085.97780458065
19010.153762004324
17396.847195883533
31928.781754245967
31373.716940401973
16691.0019829023
33256.787797228906
33162.53109188513
11655.644464428826
25954.945548533364
17475.706889285484
8687.576260389307
11471.43597391964
9715.237671688503
31296.148880164274
14396.302781259057
28310.447207325058
17315.403748859688
46812.8463833015
11591.235532776293
33548.31390500526
37011.768384492534
37885.07202588311
36825.454974697976
13248.338500628442
33728.02384386856
26979.4815960509
549.6259289399298
20781.936545751105
19886.53868445429
14154.482612388243
24808.302846673396
18594.200551629863
10220.522982772409
22931.619777050197
32142.249700677
13145.203180100998
33373.0817919176
21035.969992860802
26508.46755341391
18729.55514081865
30183.84878146855
53118.04383236343
32273.2034182843
44988.27919531219
27566.742458669658
32200.58858118155
19631.43208960212
629.8321249450604
14292.910657051112
23979.879603968013
27512.904358748743
30119.903860697916
32010.829878817785
33345.91399839456
37200.03160862306
48370.01225293492
26321.94957296391
33122.61764264086
38007.05083876205
1884.8054745820455
30516.730904684337
22627.24670506112
36264.52766977265
31370.897810837985
39424.89649787722
17258.678546518535
19679.548622925748
36225.31783168047
29181.981897690985
41762.29242593527
31160.63810075645
32380.210923861185
35613.58297675369
36967.73835932528
25009.46770461546
29854.008540907842
36497.926405684004
29999.84439974924
29749.452198391922
33383.88633321935
30646.274132155057
33177.03924869399
36676.71534066078
42569.68010651055
48121.1448459063
32170.909112808113
28530.061379411545
23019.091986324354
21666.900976448753
29174.12128765514
29470.130938484686
22321.544510980417
30344.130668508948
7049.580620769467
32778.815642081034
25796.332810613254
39946.752047365764
48389.98202672037
41978.795358695796
40636.60728385717
37693.19093051815
36196.09191243762
38541.3324104627
40034.33446662113
32877.85501872023
35081.27307949546
39998.161706732295
38209.75195855527
39439.72332164681
32390.110077615343
32943.12858938618
42698.39841338047
33233.21986223787
37511.81587987076
36255.735303751426
28465.44643799698
13594.082916153995
28225.21258603381
34019.916303823586
26615.791389867016
41201.8076046092
30322.893041255724
34601.35400096233
26414.892594463294
27790.653774467115
33095.60491026804
48045.01633524281
43196.52099442188
28765.98133041321
24435.253633410248
30054.74029265384
37091.81444621571
28900.988156287272
21192.306924239958
28844.917915469665
14078.553292296026
41099.91556232881
45217.20545502397
34788.036339387196
31485.775864251653
25079.281943423
28649.452910574888
30466.871350582354
35465.85239281992
31513.19416184074
36168.75384955026
41199.28780959383
28369.98141053437
30128.42588215354
37269.977390180364
35298.67403128038
34491.03247247585
22553.733117950353
32721.3048772601
38147.380300802266
34284.124876159694
35882.51166489439
30787.903579434507
45106.24783994263
53124.692438834056
4302.619695241626
20130.921796797946
46988.38275469378
45889.30483367146
29549.568520671342
35883.955422429266
7539.37798704312
36266.24217539295
42978.30425181141
44119.62416675351
38967.388951979374
38956.49729079784
32710.24687458207
46524.299125629834
24822.404112894357
37841.41906578669
32672.605148680716
29982.58208089171
40903.72810732385
30455.29859104549
37458.58500566546
29340.913082160852
12171.75734271411
22194.60369523501
26907.138756560606
6618.4391141365895
54493.348004934356
13625.49057053756
629.8321249450604
34367.51249476415
3068.2661145771285
22040.214548437372
26400.179882461554
30410.471205845886
18084.704964470013
30869.400075842943
29825.513295558423
28816.899910753466
23109.0300509705
37599.20906858371
37287.09001215335
44346.05840878589
27608.763881789197
34289.84391238997
28187.317374678525
41664.73896752694
27576.397046282313
14158.428657573884
21395.20303674299
32872.513264909554
15165.740596141652
14398.980496577935
15982.887641433606
36917.982010950895
45378.18537153589
18461.76414482231
25512.714818730634
17431.795496636983
23666.47367024455
33597.22536678171
24757.22890803445
43121.816013374024
42883.72846850635
10616.350178078532
17055.61034823136
26139.500027533522
13016.157165073564
20347.09305377227
6760.079745193981
1387.5608352442664
17576.39618029363
22440.740673580778
10859.344655872412
40859.994611560054
44040.51992536684
19903.060122612595
35419.16572432836
16427.76032869688
32780.91156756661
26986.397010820598
5097.244184543011
32336.426330754726
26001.745387267685
44426.73297282074
34964.63835577249
33243.22718614478
44854.11216442231
42545.237599291235
35569.822062156796
20954.896883626316
35360.2675110665
34497.38814702684
38750.34594483718
36601.41940963909
32653.815026457105
13887.899643140094
43111.60235582755
46055.122982848654
22932.80031425842
28576.97173028651
26179.270909834013
2633.2872848292022
24647.191735898705
43844.302933147475
32884.02568077579
1155.8500452278156
20026.79742635387
27808.385844895947
30590.834741276314
32259.80395772854
34534.545010681024
30142.652522798926
32468.717614963527
37968.79892300372
29093.43388325262
43825.60199056112
41804.47195456613
31994.095505981702
10650.416728568402
23375.726218985303
36929.3250173593
40273.39168774487
40226.65155227047
31408.376816514236
29575.75912296939
36232.20054741568
33391.10390238688
34552.63864812718
30604.735257060893
30836.025617487583
8069.601727663971
23851.645560129185
42894.702037679366
28090.050471584058
36806.00756700046
20501.40427895495
7049.798519304294
35088.14351117215
1768.3346339162663
23906.327567308832
17188.651964146935
32453.83625012659
23447.17743018965
34174.46915322213
20680.928772044543
31209.745040240876
29319.59070564098
33496.01845110007
34586.43356009221
35296.61888569606
41672.788773683256
53649.78692435546
23277.889520479566
32130.542712179795
29525.235773731278
30030.520846008243
22496.136121121166
31152.96832146097
36674.426547358256
23980.825883851285
36213.44355252436
27542.205091386222
3297.4802043904137
30439.09531884409
28994.16565778911
28173.12019199898
32771.05199481445
21837.021554825333
37689.247714273115
30327.59680045477
25343.56287202842
22387.463126328308
14432.974900994079
24769.352961720775
30323.886332722923
15350.930997805484
29339.409995822636
26583.65704656992
27039.007845576252
25382.224331618934
16437.471463087146
26738.6943961127
1878.9447089978876
31971.91046282921
15957.953000885751
21906.22296853313
35403.30587761433
31537.204058193594
42142.15956873861
44376.86878582475
31176.49799703419
15392.43872127104
32732.660763730302
20347.16344077296
21412.496901683782
14064.787007725265
27339.070204267966
24702.865696827863
17875.068045303527
7576.051501121777
24050.84907907366
21341.457260200998
36056.78386500131
3639.5566797178194
31689.1946598591
24226.296880277863
33149.540176885
26962.35916583164
31369.962292782304
37068.64377993329
33393.42653785135
31085.527118275928
38417.13681926307
32056.63562419159
35701.62142932056
41896.24679648414
3140.7538177724537
59817.12925452912
33042.28023176376
29295.551835576895
31683.038781294843
32348.539016890172
32274.704527770977
4806.786108294452
37114.92959223117
38337.53851493492
30819.238404880576
27759.39311773672
38239.80478332593
19683.371099547046
2904.611093702254
14233.485430654984
25253.262322821425
26348.242401470437
37389.661347889414
27682.25904309131
31013.356295150676
3446.363203683712
36125.34720940578
36713.56638833873
28487.34860189985
38791.15887632907
36018.91765474805
36280.096022791644
39231.41823660818
8787.48005195489
15426.531088559885
598.3268623516221
8185.056975080127
13387.740111583227
30528.56801576889
22476.741838069942
37835.59624844002
35363.516967464726
24674.166022498346
15225.082193672626
30200.126475251313
16114.149961748844
35952.62544287499
37701.992291382085
34780.49448210925
29636.83932553828
30234.81329348649
38099.25727864727
35876.34382235881
10491.350489339673
26653.89841536497
41358.21572240395
39430.12819898882
44157.9615231678
14592.174840679814
35992.88228713746
402.37592026937494
14776.14266827385
34118.532440906594
18206.14859431111
22213.743896622356
31329.7765402766
37133.3905894469
24188.01384707487
31080.337092139813
37710.70074734819
35226.94416715324
26777.25538739563
30662.29177196882
23421.535965958774
31826.90056268695
41303.203699059326
53359.647991026206
28477.648380845887
27186.73156614738
26023.831961917003
28456.026881111255
21535.019810675796
33395.84163673907
39318.85468414706
24649.06266627763
42881.57906654237
31870.114386307472
57435.04479940312
32850.21487695659
776.5892077655519
33282.36577611519
37188.56175466952
36283.67714166463
15318.42256063165
30949.282786123087
44185.70536112162
39136.93353371117
43349.27054565131
32207.86118666634
36029.61593831351
402.37592026937494
25056.246328152625
19043.464826276384
19063.00291940145
35889.95490124906
39449.11299794972
37450.7878317228
34242.8880419077
56038.708725788536
46853.63441619083
5385.0466580245065
36555.941865463785
35511.987560725305
36280.49457062941
12206.195096772384
6468.373134086893
9687.263497404452
14497.595311918216
31248.59937023256
826.9480378830925
6468.373134086893
10843.181809686728
11901.072218054493
32759.479919917514
29823.81496004314
33814.631716063086
29678.674452049778
11287.05110903069
35769.796977146936
25940.391561587967
35408.66553201207
40735.319192601375
32987.1489532909
34954.89599188325
44190.42889580516
39552.18414219622
36471.56465964665
35170.19464319362
35099.51972810521
40487.42324078447
35450.553835698374
43290.06109445626
32431.71952515257
25838.79832822699
31955.118226562907
35503.69202012286
30235.73320010992
21465.21543522809
36283.63520976462
25622.97157720647
33592.816038297125
38857.417090197545
6581.708548937947
29247.46730848373
402.37592026937494
44196.84528719375
26356.42625157515
47364.19128055115
22737.602938970394
39781.30052222379
32211.32341908176
38912.06166173968
36648.795105123754
43139.859445059636
42326.480462916326
33170.82531015277
43141.745827099156
29718.65318775387
25581.039194636112
46298.38873773967
4957.152948211335
4957.031003728831
8290.60423821641
10593.012910282521
11919.028360210781
9831.255701753313
5682.349522011918
5682.349522011918
5682.349522011918
5682.349522011918
13850.684491148793
18487.092271851434
53671.27242274869
52131.42060300999
35848.83688677847
35892.409266721006
38526.83356889539
38353.94105087827
38690.294258438415
33212.89949039812
37741.81332295268
43713.85397675246
47906.6007193286
38740.159932002076
36668.05859181225
38344.17558952897
35938.54953891148
54570.841178742514
36233.04955219721
41288.02888271079
28644.514993714056
54495.39120928518
29124.230947182812
35858.29857776954
34732.9626239372
30845.58309491806
30916.162637885296
39799.627648646274
27202.17128610661
34426.334261440556
22941.059583492904
44453.877758107614
55130.34350871926
45841.958089200845
776.5892077655519
42428.41316000794
29699.445278478717
33234.83576573721
56033.93002600863
27475.47834691096
32626.92646248977
32272.382155055573
56039.07625057092
33798.75484762732
33628.78361003542
36403.447370226895
15503.732662731418
10386.151915422173
13628.045360038752
12357.465872240495
13618.011017330684
12124.381689044249
22392.68353110914
16005.458216303481
54487.221370878644
1374.5659899017858
40289.98790580605
24292.363738452856
37214.433383594514
36019.651004108375
40406.6955805366
6468.373134086893
1697.9156549088311
32886.082030757454
42517.97186296013
37336.76799000343
45392.12911614398
39082.6377960143
8082.044815452495
44854.992870109556
10864.710615868971
34771.061802945864
39578.95358688017
33741.15709955657
39037.93231094874
32491.112152791935
37413.59251943191
43969.45121578493
41822.44368866531
46089.93807457614
45116.820477231005
26734.850492026784
38267.60360543015
34653.704734032675
39540.96021343203
45635.43651739466
24909.381486211343
42544.63282045042
37576.363652796936
40070.813234159614
6903.221537797486
33105.08330715628
37405.94727454403
35205.17127770584
41151.74072636648
20980.048109577165
41604.03673298175
28541.87360003228
42217.3452500417
43799.53817785678
37439.71502745599
402.37592026937494
33117.89568957795
37249.68075924313
48656.082490819594
41830.230444610235
36372.638925083564
38894.39309710617
41974.27855842819
40743.706719009344
37249.33166665242
15702.62256951035
31099.065170746308
36030.60168997735
25783.82035246872
24927.800239911572
29175.373317877747
32302.59573496827
29943.469991070626
629.8321249450604
25135.43540533355
18292.48039690984
35476.589843382375
38742.37815537756
38741.833459666515
40077.365119639195
39449.60377006505
18703.87561104896
12602.175002154543
21295.79275967036
22461.860110800248
23508.69903244721
22103.058622317458
22151.828664561304
24158.976283138072
25663.865425496548
19167.66610841055
22358.738614899903
11294.050434693138
8181.265953755132
17424.97383995349
25822.899110476363
9588.26331895268
16561.093739777803
24024.918948607865
17028.222896989853
1474.4515693752012
28987.89018057716
23442.036815049334
23933.809419650217
20298.935507596147
7336.010756725411
15806.143096540107
29424.25119230642
23709.352227970605
18710.852904130865
9143.618917113548
9939.270026247737
3912.8279112544237
11691.330432139199
13653.53426307159
4785.664933862179
11464.283704334632
24019.926728597173
13494.37289197916
34614.68376623642
16749.76128949773
14197.891599725923
9175.911747203945
24276.508974562224
9006.160758787508
26073.581619784392
29112.184782980068
28086.595117176967
20589.291010577057
5643.680965389893
8375.415198608485
32001.050626876775
33086.73392304981
12366.700690646896
30381.947781419163
9639.99121214124
29608.58847389394
1768.3346339162663
21635.942457064728
19522.54366044857
52491.840033957735
31773.68635618856
41822.05985403923
33029.1740735068
34929.744366664396
30133.325815453412
20554.352826300612
38111.84800196321
4229.0592800755685
18332.701713696828
6541.405401785084
14167.998492816769
2760.144289993906
22289.939288638107
28043.54105097321
34429.68673292136
37984.547305852735
37782.59609860321
30048.974165938565
26164.6314509875
16166.45325887065
32639.977365721366
33109.484585660924
19438.557129600016
15884.00765928773
42252.57665857648
31555.90462124932
38340.212860853106
29014.24127261068
36435.321641596376
42195.33032467158
33778.7317892618
31779.769595430495
41709.19883692442
34751.22674215772
35906.6857182381
39171.18983622787
35221.98908087071
31225.931317368337
18084.959214767103
25944.547460952133
37741.49522947727
37301.7154426823
32570.755599187087
39086.1352348553
28786.650448599677
41861.21300189073
30180.739404611108
30643.78112222403
16405.424046046195
27169.486206998605
40481.97552105975
46293.67380754677
37079.15950374567
42716.121287434056
41436.91434289374
28707.13476695722
17935.69540856181
21731.949448747844
25448.068668987784
28625.662055829864
37279.80855790052
28612.560257174322
32181.186823829972
29389.248193906446
32263.20659347299
30078.83779314541
25325.183537966743
29307.098680057272
4359.023453804809
24008.543955372737
34307.72759627617
6799.136238120402
10830.019986341862
28939.27036894494
32458.47703410186
24574.321075686843
28792.168069965042
29514.832954141206
1491.870877260605
38503.69169335488
54018.66381453051
27306.25988447805
24704.46533659641
21309.652281917035
27235.135609516165
46885.01392348916
19080.1540707512
29189.361622766184
30267.814932656198
35508.407261572946
31396.32230997866
29240.29013114101
26610.980753928383
17707.108347701705
34336.45404440082
35121.00429854167
40534.701630528514
40077.19971229711
29483.529061310543
33319.25457524408
36059.883767786705
37287.80388354743
34836.68592376949
30085.812263499247
34421.89045701119
30970.839107255157
18836.11328735509
37440.53284491918
629.8321249450604
27092.839527774977
24078.263478625395
12132.507267023597
22637.528960356463
18117.534017553295
32001.287367587203
29220.282008082464
23790.990145902382
28311.99257217159
27024.852358485725
30246.775247123307
35044.20393494383
20805.314245739126
31034.32268022482
40499.94765624282
21270.099260891482
12015.278109103105
15696.229825703134
18879.71615620041
14523.783199168332
15174.39676382967
35408.77820858124
20996.518002656856
26297.634627494244
39813.03640398001
31500.078728116685
38318.01577451579
24405.48933360264
34374.22798073552
3767.7345252414375
11540.44035906334
36366.49190151942
2076.9897740710107
34441.57003044664
33384.84149493439
27426.98472388241
25770.363645215828
39948.658828491985
24366.97799214126
14052.146820012427
19892.261810340224
28423.612135267795
26872.571319876068
19867.231981360677
18727.40824614514
48107.853900690105
25618.663743733796
20544.5503184427
26054.896254586605
29236.01055753564
36883.99406389601
26193.206698483442
7289.832486008334
1387.5608352442664
14530.267332645642
44966.53832328778
31619.79822538787
35344.568413819325
35685.08021567493
31075.57200141672
35197.7851976015
14012.73998315172
20674.489037063504
2119.470756264345
8654.45124739151
4513.58876392516
11378.01138629812
5216.467774625055
9184.86207689128
21720.699762508728
25992.25405703895
13060.27956127599
21797.524309199816
29377.636729950722
46085.16777625342
29811.543555384244
27282.492010341237
11543.99534757642
9350.917651352689
14542.557774256033
52757.79604755535
21852.28640211182
37381.00248906608
28973.256450729175
16342.690530252292
28130.16011535347
4576.534242442552
9265.54932346674
8720.025597670377
5055.544971497501
2249.9013912871073
22810.670916485247
18151.436273884672
38128.16500277833
26199.614039368647
20561.824791045194
27982.94544258108
33696.66666694036
39671.14827067103
34835.57563513763
22696.84992592816
38215.91629315321
30303.79481003715
30814.437871811562
39947.70223814012
37865.630264181134
43611.26769415064
41949.687246738154
33051.04199010927
47384.729410222935
44057.65941042671
32756.19388005794
43168.3603282487
34747.21026538382
27801.666906072827
40683.413769805105
30153.34363084974
35139.68052390377
38848.21328803245
20509.950485817575
28870.993511766053
12237.128502425083
7362.103714651018
17089.55267438527
8618.133764098975
17478.860708757147
22679.390974606544
23496.678407031082
17958.737306597064
15199.536747151767
14895.115827804606
2535.761252507653
42112.12919664619
38557.173016985544
39192.32301364608
38885.39623375394
2636.8720350237777
40212.18166459485
36861.68919717693
39561.13475159863
39136.01608616498
34253.195114777925
26475.771506320838
53355.6228424343
26615.999291068438
37056.114592959195
33320.04678657856
32152.709205027786
38650.92343579328
4447.760402619551
32885.58708065972
21277.97004822556
22995.10060024786
36669.91795446986
35181.24752783978
43386.40923465639
21436.911894275487
18114.1522551297
22168.515311422794
24701.123240029672
19206.317417769227
36098.511505221846
42181.591893966885
14218.777080577229
23353.306791110714
29478.97098634325
11147.774484758564
24925.938198073996
27275.767363449693
21606.725380787277
54035.0245194285
19622.640859960928
23900.98151704504
25501.018253442886
45219.54178468913
19740.99082892766
26731.567928135126
25643.089846302635
32420.067824184727
32960.794031933285
24912.024310521276
20571.14223192565
27929.169011365804
52490.69211932733
23993.053445832997
33435.33333755511
11511.69868418896
24713.48926830281
7700.6466538054065
21382.964690262463
11664.377521581868
22776.661319029266
23935.010202493566
24386.01514711957
23992.231626353012
2341.787929924964
38103.97228776456
29035.922916492775
24995.174782632297
29728.156380224747
29757.38936736133
47138.512406907874
16631.50645477567
34656.413223475705
15697.050713516639
29597.821144279864
31762.974371676566
4620.905098684982
22024.9778072651
31765.173367938834
35522.03232070946
26932.43545028162
30389.96553017027
26166.96453450333
3110.4764393861155
48110.308521852094
24510.042909432133
22887.099696901794
28733.140116558818
31443.345814861223
45518.23318854913
34695.26269705963
21414.55036092562
39573.72422787967
29024.354990343676
22279.740970545034
26736.825469216117
32444.069499414738
35882.37334142774
18941.562621256762
38587.29189740712
24563.95560983638
29980.523423811686
34866.99939263142
26763.879244891137
24293.33729237379
26534.172116219208
31703.188092130604
29645.73593151115
17773.383536934987
34134.06963771727
14877.4562261398
34197.78096692111
31641.8619712806
26252.835240529348
30735.151449733046
31980.092395489097
34304.170434646374
32898.283306370206
34850.747777925455
27981.82446789232
629.8321249450604
12809.070121622357
26568.694193949268
37389.7160971508
20786.976268985352
32296.504399409907
20731.235293949754
35871.73996298101
19512.193769727844
23973.22518118948
25839.058645613022
42540.9840553956
20415.31554635033
31958.060932520857
40706.688043026
38163.507803412125
11746.967745634141
31988.585417239174
36684.36095308337
32780.83881405569
36489.818453565196
28078.997710441585
19938.424712088363
30341.221413297222
28517.42082558114
11531.477759536667
45205.000109536035
28116.032225688818
44719.76254460169
30754.334211369816
27614.31348243924
34822.02736655471
34455.68640027318
42626.27347522339
34678.37792135125
19457.912085718068
23543.023919669497
46815.661434749854
21647.813685501023
34573.02114941547
39182.54158098621
43525.78352674972
24967.221804758312
34653.269270171986
28673.32035139117
30826.844471713255
45111.9316445882
44586.98300373698
25883.145375167835
18878.693769322854
39310.89544106349
40894.905341970705
26611.391052078627
36865.525636885905
36703.023062279855
43639.91200412336
38439.00694713584
10313.443587430274
18416.542743999566
6541.405401785084
31107.547951350432
1071.918831781854
18473.838758377344
26638.46038434878
52925.64265710079
49053.58586949198
52924.91842734697
24437.86252217952
37651.025226893864
38403.44149680039
34907.691461143186
28920.16387700554
23552.800793198927
39081.70160351863
36285.14271589806
3832.5993566955335
1492.1252260793713
30471.653802604313
35712.98210966627
31727.233412916452
39829.28714663555
2727.6886666417163
35770.16775681591
36421.66441913828
30305.87723590629
42151.51552586796
37503.19910771308
34398.01156372347
2745.162804923471
39165.752576198596
43294.91192237562
36465.98019778742
37120.39854408016
31830.42579263783
4232.238816702636
26711.381595026596
37457.5544081311
29865.43528114135
35541.214893945704
41050.22967673426
45439.7663208207
42613.32721471428
33156.049425240104
35854.151967414735
35513.49121945579
25547.061276488457
31490.791216978116
8318.216441959647
41170.80031187712
36365.149018044925
39518.213234047806
42579.06329771386
38042.22425780633
41653.82515645493
44054.192264123645
40312.017044740816
402.37592026937494
18454.108544152095
3446.3837532350776
34149.83850760567
14192.882499210333
35492.29674439855
30478.861999470046
30045.61818108659
15106.016462293504
32996.77080760019
19665.790101765488
28228.49148719902
33209.848505223905
29227.47224585527
6435.224148550354
1592.2397523708737
26367.767350994625
29435.04257731944
44150.92196293374
32393.8425916242
47513.90402574893
29168.506865609033
38660.75121802542
31226.539622438988
45584.075848854154
37046.74548112347
28021.49580937659
34280.12208162041
19429.244698193703
54487.47673751243
25274.136610781086
34408.52644439258
26842.67577705981
46086.01599546124
22650.468853819748
27439.814753274703
32405.08188564219
33401.69269724764
402.37592026937494
12208.881093055119
13490.786025855417
19731.50393347481
33192.688333617705
1620.1792787557915
13307.741120372753
28340.7814120849
1768.327383876961
11199.325345340794
24795.30582779361
15324.484691783242
33008.43864707012
31115.215374743522
24210.95700523314
19232.361333059416
12252.554576147735
16754.50089184811
25555.920826162477
32477.388989909396
17510.795121359806
18463.622517515407
21637.082727693403
24291.28384078995
16022.156882258261
17489.030843003573
17208.199929236966
15108.11223192768
16881.144504762724
21510.851690206728
30717.16952640428
21039.946015221198
28079.227361525067
9883.45508577698
19979.119428718273
26682.34901612196
30378.289256551958
23743.27791360402
29740.322520245503
17103.918301198504
31270.536787292644
24145.349368065494
34441.02899093483
15748.036616280759
33283.26013293409
27768.57408381594
21143.9908001714
23687.833665086324
20741.33571269605
48117.493019796275
19742.882503974546
27809.186123793712
27141.35855830376
28720.155273137825
15200.353486482847
30686.238760173343
36395.4919467518
22535.245896284763
22921.0749895207
30985.722442939736
26596.22848338833
23586.38755709218
20560.746167000838
24046.802732401582
18669.029177151548
28131.01557711998
55133.960524510294
19604.727347284224
13711.226295043081
24856.95015501253
33626.60997800498
23234.129233973836
34040.157138743176
36988.087933995426
31967.50084620461
46815.40579100153
13987.778873806099
22901.299789713095
16117.748185405591
43548.6799565298
23991.062093390705
25444.73022829804
24786.616338300373
29149.455955709873
9392.277765073826
31666.65353476587
12132.28616237589
22822.75787045593
22759.942575478133
23471.78868506135
27022.278200354423
54679.45758982608
34323.718749718835
39080.88099142661
26541.00313001165
23689.35067229268
26253.63272802519
28643.263013193904
39102.87424563908
41597.0573023052
40116.684402840016
27471.653941250348
38781.20741007075
39890.17779307722
25658.61388904978
43538.138488926
35901.39888399127
33576.39089234875
3767.7794584186668
37359.492692533124
39881.049037794786
28928.53090421863
28171.081341250665
39334.64874685777
23885.807528959154
33852.896546671145
24157.077343287077
33816.543737433196
30021.190395781163
28769.958335833864
20363.745268453633
35094.20326759693
17584.10770780333
35856.228823910824
14941.703207584173
39504.96003953839
4560.396441220171
32754.346303095175
27936.52707709534
45582.44909198867
35011.64365089905
37319.57723908204
41659.44485037079
31793.110232574243
41944.66399847344
40999.04842842171
38725.59317202124
25339.27544354239
39481.31267969829
26419.124343118518
32569.192886830235
32828.38325247728
36462.725282524625
32382.070959800534
30240.11774628925
43732.817668517164
39048.96129206889
34477.33397849247
36200.358550885925
33999.17820820603
37652.38641176278
41036.48929086997
32744.761510627133
34929.832348234595
31397.10101421584
13987.625918992622
28210.197237088905
19559.671470939316
25385.974166630873
22814.78464656532
33914.096229278905
32260.323723177502
4651.1680959798705
14553.045874129617
23384.369106192502
29524.360028670333
43190.802189683476
57423.74528647204
40859.979369745684
11240.449110509948
20378.400197654075
34731.83910206664
30484.05597085378
34139.811526738034
47377.72554797597
54508.64843112449
38194.14634027715
54487.22138763207
54021.98662783563
24800.06876424447
36319.29803469511
19433.562539264738
29899.431972155307
41294.9492315983
30546.80271808682
47802.11006650812
30446.863767620598
53657.79492616848
48109.782521444155
39428.3441183666
38196.18216599895
38250.79796543532
29321.875919639668
54015.78697211439
53646.26744644279
28847.3083320592
36005.052985581715
44192.49931026275
38614.69968971593
46764.37691210954
31465.830115533983
26678.230834604474
16014.728970006046
23953.066921991223
26945.692061162237
36825.993867935205
29443.520828757795
38548.12273589995
30908.22018050694
39951.52269306681
42222.113875213785
38641.79768556241
39259.17599630254
44926.45856793994
30581.041890334986
19194.146317618186
3743.5255418771176
6312.31596632808
1474.0017620343021
9493.097026068119
7982.992813586887
23297.564675656355
12133.09184599387
5824.141179525969
10556.066105820311
8393.191614245405
13314.214280523945
4341.375483359302
9166.69226038072
21430.828721771682
23401.548181735132
402.37592026937494
10816.09790179963
1474.0017620343021
2444.5138456834784
1399.9686377424891
11296.080419881104
4164.102317396654
19467.75330850621
27703.436844603184
11394.518037975975
12700.000897151707
8711.780257516282
13785.134334782664
15374.521341006537
5993.214313307965
7365.678100043204
25163.98491978433
44937.24622475093
10874.9474431117
38691.92003520896
34193.09161648498
36029.27537290414
2388.0487550584417
33615.87830228044
32311.811810766674
34142.69502133236
31767.343535649088
36617.20241091773
3201.347341257308
1365.7590052994694
42156.71815896837
28822.120099910364
30345.236932190157
3736.737627015357
35135.653804237496
25396.60695266401
36713.21990224091
15451.942224558166
21218.39174043554
25800.62605505162
7289.850882161269
1387.5608352442664
22218.07182877857
629.8321249450604
22469.932980257283
25511.245553180917
2260.4108385856694
27858.992464032257
36941.156414664765
12380.664673122175
18993.20644622362
19961.62647568457
20657.79518606568
23674.889089228906
20792.8894695036
20831.738335442915
22720.204902695234
18171.83814384502
18112.242561867828
12738.483468501643
19941.20805611806
27235.760259881336
33987.9113963664
20572.03358016618
23247.22981574532
13914.91430321237
17624.987696145974
21555.02497421133
17955.047865660406
36030.6379184732
36457.419889912664
34782.567969269665
27038.191047673132
24961.82845020237
16008.531591109695
17580.9343438309
26383.591656436332
17267.071223399842
4372.804238596658
13479.224155506854
49060.24799041804
15103.824378721323
36195.002483157485
23521.39526639723
26490.736877531886
28801.451971972256
36539.28899000269
18791.99382169296
20473.093322492365
36332.43448361423
43425.5755169587
26943.01409926422
18057.406249231244
17275.836366021613
22073.829293407092
10068.987975275078
11294.47536673598
38790.19208945992
17605.611846467138
23117.975010465372
22076.33363121507
34671.05745543491
4942.320448496822
6116.422809693919
38913.649064110585
36262.43911930366
36103.87656610994
34573.73233351941
27335.583930809793
26743.797174635936
27405.31059738229
402.37592026937494
10773.254232229585
31875.23069046344
21735.654028956404
32707.725406693324
39482.78849392744
27915.851583757947
24121.167960791896
25234.250183174543
18833.034694221227
28628.738247681136
35041.15311034212
23305.087860478096
16167.513708839011
36860.890925245694
16638.767623144453
18826.354996809958
9184.410263104617
32177.519824342355
1474.0440630301616
44937.98327427671
1758.052008587754
31986.413953434065
32419.033744356366
39519.248664202794
27544.1959550706
42801.647003842125
28235.745513154798
38195.08592798734
15273.364073506375
17861.451284364277
3502.8071875913993
28692.58015581741
39819.200742703484
44756.494943570644
44756.576921949476
34609.975821739004
7540.901466378861
45053.985440685865
43640.30457070942
38453.78503529546
35553.015365848434
33425.76768662065
34889.46479030319
15823.15866596504
35436.19184466803
47972.25302285154
16375.983744143088
29741.0066756379
39735.89840056649
15604.272615348204
27686.016917891156
24011.36966678949
20308.248084880215
30494.67263264045
17890.17705015238
13486.1561943325
12440.584381822497
13896.932883954021
20782.28944623424
13854.584429502136
18350.676696870767
20362.35810326181
14141.39288792466
38631.4257110022
21233.403175852596
26598.449683548635
17740.645270750818
25712.005441940706
16617.47040010731
32777.10699723012
33729.415416076874
25980.171696840196
629.8321249450604
29389.261683677207
2590.763952731693
19105.70771492635
19817.32615348786
3558.2655050881876
14431.93480159562
26295.85838922756
19757.073273530503
29566.266976980743
37742.87808717707
33032.435056548034
28850.919530674484
39678.63879705898
21610.8329204346
28278.750074637665
402.37592026937494
15639.252177421426
15207.123794409501
27100.96626170764
19275.6568641813
26886.32930668669
35108.62982571424
33413.993280759416
48370.48827092095
9545.861016457073
31541.21038273081
40295.4806354946
39695.32161532524
31900.05477528579
38624.70619819593
41057.21317224635
38462.71826841525
45460.1533539782
31075.816572651016
32556.91768442808
35130.77907040114
32999.21187366286
30509.743693694956
35472.42068793374
35935.3998811214
22264.71363434679
4430.806284371231
27171.39771435657
36449.19563548823
37586.49839856704
38155.96567857876
3974.0334043795533
38558.89482120012
40807.95969987642
29428.87445066793
40837.58992935256
402.37592026937494
10556.007116339626
1420.5430979827795
34766.13844799794
37810.17793231783
35094.60707671605
36207.54353653696
32185.575337843293
33773.84092674997
43044.575713154765
37530.02410850106
8932.23329742201
39425.902253149434
6552.054760350715
34230.98690817391
39128.21496610413
31814.843177549956
29774.812674656612
29468.50662416375
37123.89607482914
30308.589805647196
20416.26840894666
24285.665929526127
33829.512215906034
42146.530470471465
23223.05987353605
24394.972313333335
31302.786292174336
42017.96324294637
16382.122061571818
34627.2497877201
33357.2554162542
17859.227776668988
32076.728195913878
25215.280315134227
7289.832487818672
1387.5608352442664
19315.821898375547
10010.757059347685
24572.340945261833
25799.078337160186
20701.423842192176
35953.9236294212
3068.2661145771285
40396.284948584995
28371.324204853627
38688.08028433195
26807.005252596475
29433.96035061261
29030.63039490902
27013.89279681729
33487.7844094608
32110.840427574884
40731.5027781176
33726.50906882166
36020.51588645802
43020.38411319999
22996.568035039654
28649.117460472127
36058.953760002965
31934.064042999165
16826.545236656577
15502.437562757978
41623.10247645019
27839.460722337906
43128.16946697634
44940.27707019223
16584.235402655835
19738.74730102892
35927.180425449704
29176.7095637709
4478.479761062572
34031.91111796976
34378.21948232045
29394.05920135379
24127.989759253636
36664.80688934357
22181.11054892167
22960.18863766125
26639.982063982672
27281.927407332372
14624.041869942077
26810.11057498692
14685.492890352252
25305.341135581755
36395.777438604004
32010.84699112945
16843.427314623725
22025.394761890246
20061.04493081904
21002.855680641638
30190.38313530104
28611.194186478595
17823.765777129658
4024.1889658055425
45689.13124903448
32891.126889864936
35539.49675047741
25534.980516093896
27730.10980879327
5102.624303470391
5606.780588534571
16237.5586055716
15443.332883533527
2003.5289555640086
34728.99112346118
7540.654130562059
39180.55061699738
19441.146833194784
39545.292116593366
31556.906719822615
34790.80139208806
37852.28343888177
8337.328183150828
25137.35271691763
18969.319517710832
22135.747870270734
12750.005263528798
31039.703544254644
42646.380220592575
40282.078732333066
39521.96180431656
44750.19314911801
40305.76227396223
34352.9581158905
20973.732056824054
12309.68002765566
15118.292221794742
22528.43337014431
35760.03791537348
26355.508760944085
42625.413882129724
21265.710015777124
24283.57939427758
19702.323427579515
24886.146549858633
19909.38704688684
34016.779898292596
35323.816855299585
42743.74871897157
39429.853091314246
33339.50215362956
22169.713853379653
33070.67093425251
35471.12089933514
39568.20695456218
38704.11868450598
35083.30890418521
43681.701667641246
41660.563623330134
26219.530482547405
36667.6963851297
7401.629760600512
35658.9892931192
41701.422073035435
39477.37626367077
34550.954343061065
30395.124011729462
42328.0256955033
46600.256667775684
40862.31067671279
32503.90979573942
45485.01056702654
43835.148753120215
38550.10695577681
7062.958173362282
34620.7203004606
31644.177912237297
33845.41924598137
32644.216858844444
35718.32846841383
40445.454264419255
34847.66511851717
55127.93298199674
33461.68143410433
36272.245830910106
36368.9930605925
39944.84370653097
35703.50581341883
28784.4016995755
40937.17648380024
32235.227806559968
31578.166659503877
42930.44546747123
37626.33109834948
39247.69325671358
39632.46089113809
37157.61818030685
17892.914664041848
36295.32022743369
38198.65341297081
55132.452734567436
40757.35448106295
30720.780662777746
48142.52759864417
43435.64504601951
38125.32306589758
17408.610378998932
32842.99579513299
37762.657638795295
39904.782158444366
54488.24271057345
43004.87327186856
27653.843545865144
43247.855184321714
28849.200777877148
28477.602725595563
21373.763965535203
19090.089928974994
54014.01539198906
18131.17339327484
38611.73086259744
27229.216417120908
28701.365013442646
19349.363528950875
24267.297673339202
2320.337037920937
34949.36857117317
38553.56006044758
38608.635285390585
35310.584786634005
31155.87856680966
24374.085199972265
36079.324574882434
20606.497612279047
24015.822682001162
16051.242062225585
28248.747027797064
32900.6468484119
18859.096096417157
32235.475032748647
29265.212166167876
29279.20578124238
40738.35137812654
32575.828522338976
44165.33227173742
22001.209470852842
37625.61740577652
41241.545088845814
35027.885062887384
24654.467323549088
14716.954651841856
39368.65142444119
32774.46063312481
32429.557993069408
38389.28588393835
22337.228854469617
35165.820612411546
24122.247248936925
25822.614131509723
28794.084800850793
27271.640461449482
26511.312652819066
31997.45835268381
32437.97139074816
5072.557407276152
31689.886829704054
1522.9017009047263
8580.328659312887
27818.80906517598
23938.154756702017
36437.050490008114
46059.95227015688
18268.297250022097
26870.039706757685
26189.90722564722
47371.736052268774
27906.05783789915
48921.537639051145
30149.53654728607
33078.40054505737
41769.350725263685
32337.587499784444
23426.355904218934
22613.13017624815
7365.286981569524
18366.108952404626
16535.656638788078
31289.267687535717
49639.062776968945
3535.335888462759
30048.968743393598
15162.256696512515
43649.23854724169
26486.892230066587
36709.73736151736
34741.765467072284
39354.01587221748
28955.17867402132
41380.9925597895
26383.64030223296
9810.225287488447
35242.72361357638
5554.900401753552
39800.92026369434
37173.63002265009
37145.22483749967
44917.67200120067
47130.6175320872
34741.00388844119
7289.832487818654
1387.5608352442664
19946.669342434794
22984.17104645531
5571.539309368576
11998.074886984823
29162.60682453718
14075.048607064495
13699.910334533733
1934.2977408239005
42069.73105234965
19183.16271376011
44016.10847902011
29731.430348635044
32609.159556281586
10132.01506662483
14870.369806171098
29558.92787935018
36274.883711682414
37685.77357494516
38198.50273555293
44919.164144445924
39629.319634460095
43064.48487405656
25771.672705436744
19384.338409917083
32425.11114016861
22041.383229831386
31466.049236861996
29112.176215588086
30537.71592630853
30324.60792453522
20179.19698654632
26457.425702563458
32842.469024046564
15525.239635094464
23133.262548700935
17453.521449196243
28029.917770412154
35791.05746246998
28001.522852343758
14913.220702729797
8558.423833037097
5379.135315894433
40441.69161185342
39697.0342986957
36101.72520334525
38069.9186465852
4995.298125678424
12070.492436764978
24066.95142850004
24073.954678602968
15454.635614414034
10257.053577501072
5304.98466456571
48119.1790297771
48986.58822903469
48773.46767861989
37009.236005251296
27194.357277339375
1934.2977408239005
402.37592026937494
53646.07191347926
42069.51872769492
11232.193877661784
20776.619553552144
31320.968355453344
25296.71395238224
37544.237929693205
32304.37356366222
25655.956978738814
28446.20518875044
34879.00259335582
35734.27463894805
29483.00125470765
30503.98175120551
33513.49573434915
22260.511844625795
36699.53380112315
26429.87228456989
23407.165927787133
17788.408128885145
38156.60138928731
32379.359446528528
26521.53837557704
41588.66545202637
36875.58713517086
35817.433402332535
43514.29657150729
24510.71270018041
20643.05417448367
28087.072815731743
41331.36762295839
19015.564904091872
43052.85505629379
40234.6220922329
29948.907143424305
32937.59404471147
8052.791876035832
8362.54164182015
9687.644656075645
11964.498559454885
30337.90485276591
8362.54164182015
9687.263497404452
14556.975554095257
14557.07106541368
14557.26208053095
11964.106098093018
10650.416728568402
8362.54164182015
14557.26208053095
13835.634210630466
14156.83059655221
15089.58481526608
4387.044825794459
31110.048992368138
25312.329109198734
20236.99891229443
8332.813343125526
28101.35507087987
38570.81824439595
49167.99334653329
40690.71151600879
44223.513941329795
44217.380578064716
34389.72606910102
41180.879934427525
35441.084353868246
31296.327133351406
39940.11466326702
36188.89223239095
40480.32240006582
39208.6420196066
991.4345132567607
35123.789905307356
34906.51706610944
26163.30876684969
32658.858068350895
17130.78180769693
32710.591976659507
23516.85231513241
30047.695999948068
42023.33352912112
31066.361520415983
29197.210986168673
29766.613113801297
33499.609202174695
29910.501978343436
52765.24321949958
33546.61455721237
37765.33971966059
35680.04530530063
32571.686049944296
36941.71685516808
35729.06953467577
20258.66971365204
29808.702034774866
33399.34981063206
36732.830848163
20233.474462171118
40945.86741363823
21435.949108944387
13996.243114790388
35248.630668403865
3208.3578335840907
33385.49300857724
47891.213654506355
40524.527109234004
35365.58927705278
629.8321249450604
22984.52331002149
8368.201508068576
33421.670853420976
40168.3865721655
26993.713487186695
25010.302550689223
24178.15818141576
40047.099839019334
25089.210793992737
31225.189002860927
45325.498236336476
32981.97313885484
17643.032955306957
32247.572703228558
42248.551682242025
54522.64401395755
1420.5430979827795
30599.960921535938
35370.52296867916
43537.31558953085
28617.375699097385
39390.209798302145
34354.67617858575
46819.72992547662
629.8321249450604
14614.364077916338
17815.203111226747
9365.901808299408
1387.5608352442664
19255.791304038437
1884.8054745820455
37110.130297718206
36778.37254578807
30729.164441507302
31813.316966584425
22471.755478434454
25822.13508971043
37004.9704026492
40003.888526370945
30502.943624743613
31391.45694474522
21862.951875676717
38987.071038376045
42727.129148322965
36225.82223942183
21681.00265483694
32725.494617990244
30578.046052277976
24612.357251497415
40917.71728710922
41350.65735944539
16448.293485377213
22992.082583438896
42395.51593864269
2167.082103273673
42171.395406778756
43682.47992492115
37414.90820537076
37966.03732072996
31928.397810180137
34621.08115983189
33658.32053253313
26169.817232066835
45536.75352435322
48980.6258680944
42075.96650142345
46520.93091501908
40437.194441862266
46833.57140068365
19103.788409226134
34143.58659447489
25619.04913039664
30073.908826924264
31907.997814665243
29915.617185125793
37253.452199383326
19728.612468847936
22540.23854993107
34285.642546461946
16571.12333684858
22537.279342193044
27967.936644365298
29305.01307510456
25304.022930704534
23053.201748552357
13642.999061224014
17979.59593178345
53126.907377636235
29958.100758269855
21904.850624559334
21534.92821347351
9930.16436602583
36039.594340885524
629.8321249450604
26639.84840204768
919.0777813224844
17018.147470614225
52616.07640774253
19524.370796517727
23637.427391534104
36740.973320259356
28080.46898204473
37760.38855734763
19036.628152064623
17281.115005473646
23848.392636579843
27812.246289036626
30203.7767943708
15087.643546307232
32799.096784381196
25440.725811733228
39775.635062430505
27697.264471655944
20662.607385243962
16009.349543253305
36061.85119186321
36503.11960115507
28472.578509824216
24015.19958565061
35494.1945877442
25476.124949162717
33026.55479860252
47266.92506230248
31711.619284316217
7540.901466378861
42590.354278344064
30259.73117262737
22857.70923153495
36733.334772182476
30169.38339807857
27266.211723330853
30645.545972564076
2341.787929924964
26956.072856646984
40876.10833927022
34913.804616975794
38424.721519904335
52779.18217080908
26191.839878661198
24231.960784508203
23884.918411729686
23909.770169575146
12233.533493936638
24439.64385667154
24966.52227102129
27270.27216738743
31364.13046959428
15116.721037487832
34274.80376476536
38508.69648794085
21464.88248225537
33262.99302804215
40324.01976992909
24266.737388847003
13514.393262985677
19220.71924870254
20516.027833716347
12617.196829908653
31320.33411218875
42069.66251483913
28306.184959679864
35698.67327410459
37017.38410846103
47365.74482627944
40380.479774217485
33327.37074912687
37536.72930369626
38428.32937877069
38321.17372144321
56057.8064601785
39325.59147512444
40378.21839529893
42831.223244852634
46341.048812359004
20498.968661932537
40512.036788709374
36887.00766408094
37228.76021518952
23534.391618018453
20476.046587718978
34629.39392633534
25711.19087328076
57428.92536675954
43175.164061020456
55132.45254680235
33304.604463378666
36687.09582596637
30749.443661776237
47365.523055503465
37286.33633644014
55127.02884668103
39258.39408770661
32690.517507434273
57469.84304650983
20995.853830707518
46825.13147822633
28012.09545318154
36976.42317454184
56035.76812008005
55128.23439339083
24524.100145698052
57427.51280996724
54519.85112723962
29866.25825680239
10064.20771325501
37205.56535661966
33507.58321994309
38068.0989667678
46733.22284699983
43194.88575776797
41530.95266372304
49335.75847126472
45040.518293512076
38162.75943706712
14557.16657422555
41338.36561204187
43704.68478890417
43513.89778070458
41909.3708220268
41246.79217045932
27734.053460392883
28718.465485050558
32586.21478383237
37771.46025718999
30437.74984227505
37375.793444362665
26394.43017127473
10131.777663474737
3970.8636386875337
25762.806451752054
14557.54858440994
14447.695469056845
11964.106098093018
21729.890933638573
40997.25121901783
39602.07836489526
41796.489510547915
56033.93002600863
57719.5641860933
47363.525388914815
46815.40580779078
54013.351005422206
23542.383547771617
32773.20184671143
10371.179769101263
24437.40836364023
47868.5779399201
54487.47670400669
36139.494367044055
36917.679244968225
54012.24359397436
54012.465077353634
44967.09150894651
trigram, add-0.6 smoothing, average word perplexity: 28002.420799472577