37920.29993380942
21817.26984771987
40309.35290106897
28525.716987317828
38796.63997385875
3661.4250267060793
39013.39781189427
15118.42641069221
30985.19463836616
31806.686661902946
29161.66649559704
30713.525934240504
36214.64323946516
26747.343429560016
25414.89349613501
37710.9050411576
25903.078219170184
34070.40902791193
27190.75889997993
40119.086426076756
25591.40177867858
32523.39796483313
21811.769789465307
23316.173652917183
17311.018403231767
28672.34698244565
7069.6451259731275
8884.160576327798
11975.866714580185
34808.457489286666
30707.522559422945
19859.088364133593
20792.967519944465
29325.150761024488
26071.376782506904
26101.4106151105
29790.680074725402
23140.624772401454
35081.80125072457
20655.791751153516
34350.67256957433
26654.37842292577
16430.965456141035
17168.458098427822
34151.61510237736
23556.560615843777
14713.331953141509
28342.591939170703
25381.08552638473
23520.550934440496
12912.774578491293
27361.954273542775
27079.001229044618
23367.16340564547
18490.91759114631
29739.66291182261
39085.02805770158
26901.671876001183
41240.655098650794
39505.75598297789
25639.610501144416
45470.87786279963
12227.750159087209
32717.909575554317
28944.853489396985
19542.671381724376
32223.99217384726
34419.65981995234
29649.807181213902
27134.519472970765
33645.43255038785
27353.325095902306
33195.71501811576
23051.93306725238
18296.838898487214
31700.77124703459
27520.882481035067
32173.853153656328
38711.11817095252
22921.583839513863
27005.332235936334
35332.39009017152
38896.12414702562
34155.27675750706
32003.683420094683
43732.28131789976
37518.92816645726
41803.50946262782
36914.49184570366
27603.853616540207
38096.43054882144
35193.31799211956
31098.009274065316
24453.124811763682
29125.808666219797
28286.81977432322
33426.15859764433
31941.004706811636
23546.4861928469
14855.37775278413
31163.67581905555
5298.477465740958
3075.070608709617
26283.330463789185
23457.98348411872
39188.8206413855
38449.24589142037
40469.599678528655
37348.23267578931
44396.32581862312
37019.6850601085
35886.63223132342
32859.14030959578
41428.94266734208
42766.01094678364
52473.760045132076
517.1355973386599
20685.26867656182
30683.934832069026
33351.609589859014
45966.911245091236
39509.89601831888
32544.23265639165
25917.399933825243
41683.42720587009
29331.432835127103
34519.526162985065
40204.5571618825
9322.068224834047
36061.76914567743
32489.52877014236
35288.02446668658
40297.43336555694
41573.39137018089
40188.71918111539
39601.93743293894
29843.965694667335
38766.18572049923
29043.69076585615
13612.753535866721
23552.869873572534
21215.566636914125
25698.05988774035
36532.65251326075
39687.51554847919
42426.61640520624
35817.195030086696
39248.76673746843
36319.35816727356
21510.068697523002
15094.501204762142
42925.71601767306
43753.023743001664
38950.142409169406
37903.07382298144
40673.01266346245
37182.68205415867
36903.5205524663
29316.341884096102
44306.93090285646
26734.826250225717
43554.97455966918
53042.22232209603
40823.104830441735
52848.13439956682
43897.046594702224
42970.07891009906
35087.76638446863
36572.62249776085
42628.20253277241
14856.602272284874
18471.707660859087
33460.79929127006
42291.573440533
43406.56294023625
53336.517915088894
46967.85673880075
52627.75664240854
34229.37831288659
35834.42889866348
33272.289763331115
37222.28850554974
38327.848944971345
45605.949676813514
41490.41047300541
43069.88479722653
40986.42672766673
41940.08068186226
44871.459981836175
37814.8263538289
40162.16821496804
25049.721200274056
39990.3998312807
53700.88515485002
55980.54887404189
33925.88408443125
27059.437229035866
24424.432479394596
9146.559700984086
43425.63204714644
44121.60203509275
37597.8462692525
38241.90066393017
42951.10096677379
50210.751649462705
38798.61088571229
39553.38636668256
36645.99699863273
30966.1746247641
43052.065977666636
32929.27636660081
40410.050437884776
31846.58191392305
23322.812431600432
15495.272456986835
6344.903342455695
9188.998059680289
18489.505263872456
5180.362656651695
19087.493156696535
7053.541070378334
53329.30537777306
46038.62150311705
30422.504921459327
42189.07030854094
54198.57744469199
25765.45233909271
20068.71600955802
26038.619768224282
32253.32533870211
1286.828224729119
21958.146542046845
33441.509428398414
28145.697839284836
26761.185210269887
29080.01744690722
33715.974050483026
27268.139734411678
20661.298986960443
31629.330611372287
28209.317336080006
52299.32564443695
1998.2313582497447
31560.19564065208
32070.66965781391
35643.20826823314
38507.92193735365
35739.39134049563
20758.6832682413
19116.73292112802
33371.45204934796
33074.088573203706
18918.66823554657
34813.10504419613
35123.747392541736
12462.139189885593
27338.48161848313
19255.95119956174
10006.151461140247
13298.394275966439
11510.33159274967
32984.75454837071
16384.63850559079
29326.000881196407
18839.1257106382
47346.62432910051
13731.968021391227
34923.87466859079
38206.22229261029
38802.4834792644
38443.34780226811
14322.929610626326
35195.16325584406
28836.26784638733
700.7161361544387
22885.17241967184
22031.156508014206
16056.720483065734
26851.888903913594
20733.85783963576
11941.770347339761
24468.48461561401
33684.77615651392
14329.055545722067
34808.13632607509
22572.841542872775
28689.680437204297
20304.725556048375
31953.431429948985
52628.227481708345
33760.23082802253
45615.338448544644
29003.74969440029
33619.88969965628
21577.471475073315
808.2208847299959
15691.394254323743
25466.054398278557
28898.40922231501
31380.867941698583
33030.60915517226
35088.57435837485
38539.33054875034
48700.14165248046
27898.654465545373
34578.69873516379
39397.24959931654
2274.219712939397
31826.65043393382
24026.892042449166
37556.21395886234
32729.43825283471
40768.05102694002
19186.753752464843
21205.75743674983
37375.417391276314
31017.877778524373
42905.09915397349
32459.72517584295
33882.899415954824
37029.762398487845
37940.611152716265
26753.58322255044
31523.109907204467
37944.0199564178
31142.06310160582
31521.313966601152
34868.11931928152
32091.1466387736
34003.63383974874
37739.12284590909
43091.10946408561
48355.808446171395
33693.707701612024
30196.18184693966
24705.226731806204
23098.085978413306
30608.97942754302
30565.866380449657
24158.845809478204
31592.329275419943
8307.444905883538
34017.04043426995
27718.726586723464
41118.841069203096
48715.22582674379
42722.11374382168
42044.4626548588
38871.89082776772
37381.21687374815
39732.92925533711
41181.974385681395
34152.84579374319
36556.113131067956
41086.02139062794
39677.529337489344
40565.589851499564
34222.89285216691
34300.65468859051
43517.067816241564
34533.70776549906
38846.18999117683
38034.43170655802
30632.115940976033
15435.898082958873
29510.479445959183
35784.24655068224
28706.171207992134
42345.787651633116
32494.96055285671
36089.55459481556
28197.409452283417
29333.63806779387
34261.0869456434
48342.40862514816
43665.886132781605
30262.937063019737
26448.094071630414
31728.385045108287
38523.39241867946
30548.069440620213
23004.802526061394
30489.39473533026
15707.207403280643
41757.0413903831
45986.861853148315
36414.3032160488
32995.32049279239
26687.45208185707
30677.564881184968
31950.26178364035
36563.94317540534
33424.44507414284
37513.83078593311
42332.25876345142
29890.11543286662
32014.635168871602
38538.668702578645
36639.396066563146
36423.242994799024
24497.533908286194
34707.73041758381
38972.52490844483
35504.984206816465
37190.319212591494
31866.221049311003
45605.430584144495
52633.168885971354
4949.869757893568
22083.174703823366
47610.792330828706
46318.5340392872
30862.14295364459
37131.25055376122
8595.987505369076
37121.208825007496
43895.97023753059
44435.460331120245
39863.84860509604
40492.299221415786
33376.47640491346
47145.01351744645
26725.17264464849
39245.30976533658
34320.78830093489
31777.049310918283
41809.50701804786
32070.23738457763
38699.8741201623
31145.15639002494
13295.198230508418
24975.772013066122
28604.635160358517
7494.219021729676
53704.47040994181
15412.840760838188
808.2208847299959
35655.40486031511
3491.488174383704
23759.34618243388
28048.041383641194
32132.327113127278
19015.098346947612
32154.42263506449
31190.731519121266
30064.892564594666
24310.092657416382
38796.30588151106
38674.21503125317
44795.169559581926
29362.140887142887
35976.636826511414
30021.9543660613
42616.39257810999
30129.252756708283
15943.387192013262
23539.113503452973
33536.81431370083
16351.390284831845
16141.980466146113
17544.768455126483
37710.6730741169
46213.143133039135
20015.542494346235
27453.202390981434
19209.543605018287
25557.77357602
35072.53780968474
26586.842213943743
44091.36270515667
43742.87031134226
12053.182375028553
18805.859571508703
27844.232809162848
14234.676859378673
22233.487674581098
7896.744300270653
1788.8794434310066
19799.20911856556
24333.35899157636
12439.42680058799
41944.19970846726
44870.23616189581
21699.172402347856
35885.660263001395
17630.461384114657
34294.99426284351
28465.434381641448
5666.09883094567
34270.27749881161
27749.200099193557
45150.36233080685
36258.77248634731
34778.33253291709
45665.42546024797
43538.66751206091
36768.80967489614
22601.434436240892
36471.05626492389
36284.88285986324
39833.30675076908
37784.04275170885
33961.620469946705
15125.548450519682
44073.94813438115
46674.93490590763
24674.69476366524
30235.49349899598
27741.130790671617
3057.167543415562
26582.704649817668
44557.99593388684
34414.1507310504
1468.349272241409
22104.388260941785
29681.181719723565
32529.463154962552
33790.66887962903
36060.97308412623
31549.567811158435
33952.375198499416
38432.586395848324
30709.883791032637
44649.121501860536
42822.45821828661
33741.61960330288
11144.188435371114
25538.372988315467
38160.87674219412
41469.34822284743
41368.33248320179
32943.13230130746
31318.894947442124
37823.72122188841
34404.24786669449
35795.67210774409
31999.007083733766
32650.492278313945
8926.825292359965
25387.078254376735
43568.72461573234
29699.73034047938
38235.16320104842
22872.224497659376
8016.903333219954
36671.511481808986
2202.637227893997
24984.950377559766
18998.473715387565
33647.9030769151
25144.41456487091
35483.19489116261
22404.432425137464
32262.662753491237
31311.612245412653
34857.81899558904
35697.094423552844
36696.62220370402
42893.19681207981
53044.97729069806
25354.695754253145
33329.03221802685
31011.30973910253
31590.380575519586
24108.86928322246
32475.026973580538
38433.726720504725
25778.42608218414
37507.85991074585
28851.266256041905
3791.709441310681
32134.26188572254
30644.89202409629
29782.857597862854
33719.09874649398
23839.96095761513
38939.816904176696
32048.33490861646
27158.735803153857
23864.161639330927
16124.008990272181
26829.521643036136
32114.14441504057
16779.44768391565
31397.78504949047
28480.4023554587
28607.08401345333
27289.53644670463
17519.86056569127
28337.552540868634
2327.680259639697
33993.149386156554
17843.592979671546
23325.697256801435
36724.62695618674
33258.2259713848
42873.48145320128
45121.64883969811
33099.02019018645
16811.268724896112
34388.624436067854
22477.3036719966
23485.527616372987
15646.053095646168
28910.221832487132
26464.336112735906
20044.488122893305
9452.66415165729
25947.082484098984
23380.08152757856
37769.607898645765
4206.572356450911
33624.55289190325
26095.03168340404
34961.372024828765
28837.726885315238
32776.55814240454
38323.354941393794
35065.30038042973
32369.84806498106
39613.87329735371
33943.53932596859
37440.041315761715
42881.99626678221
3652.587949786044
57820.16053258663
34770.55713030863
31039.461250557786
33503.87337999304
33980.45093866195
33858.094090395956
5422.8575357515665
38210.52682850099
39471.30889644825
32535.54494528754
29928.999349983475
39499.97280071944
21614.19155873076
3315.371114410848
15118.5504021432
27302.6061837455
28372.101746760796
38801.89396801501
29597.963772442123
32869.074628882474
3947.1802491604994
37641.39555625129
38200.115497621584
30372.242486323954
40096.80395773673
37456.739753421054
37911.114881699075
40487.44712033214
10074.711299519635
17224.941015303728
781.7397725855204
9175.340754215495
14689.431929528811
31795.543022584698
24372.076394100128
39193.131040864406
37027.690637079366
26415.327905498685
16408.99426512178
31886.132397365473
17972.23478074418
37458.71143527018
38697.01513976892
35761.498665439416
31338.06580372048
31572.268434340767
39187.58804140181
37379.170521751716
11450.452460629958
28500.91551407106
42439.021205992954
40598.97151353527
44689.38488643744
16220.947972294036
38068.44440939323
517.1355973386599
16307.033964796181
35622.38179004787
19711.89280981357
24075.345507814473
32511.47338879698
38559.58235211569
25630.55094648355
32694.217905747162
38351.800908458245
36058.639418865205
28764.714853643658
32394.209279486353
24384.00640859062
33324.03492300682
42170.901102446354
52817.56698139184
29616.796689381623
28504.150643295197
27543.086074018185
30128.825864649953
23324.65295025938
34830.167233774904
40018.69883171645
26351.971526894475
43845.95150520595
33356.56010204151
55988.122421236825
34359.611459094565
997.7039401601003
34707.20755499501
38794.43536059108
37708.81205364486
16511.369202074467
32258.2534270455
44883.603272416054
40274.27304677289
44441.384025486506
33640.59479658219
37474.128284081686
517.1355973386599
25972.567599185186
22205.747201785507
22227.750501877883
37206.12936615991
40542.96380037298
38457.83283355746
35854.09361061401
54907.42764020923
47286.72101266256
6315.261283481944
37844.9366560829
36729.12743612215
37645.032119292635
13230.29603539688
7103.524670306883
10549.329062801551
15562.917668280797
32588.262082093355
1071.2627128087515
7103.524670306883
11975.866714580185
13695.849144824553
34504.47424688685
31905.840109910387
35537.76023920676
31662.748958785483
12333.055422938205
37193.52529998897
27781.551631289258
36657.115854452124
41576.3131223253
34573.90628767581
36516.29990502159
44900.989476800474
40552.43996854887
37876.52463725902
36526.87915958104
36404.12247134989
41628.84126931891
36840.59643381632
44180.44529054954
33482.68787559271
27112.604813606322
33343.8200855185
36699.17159349005
32140.582865415312
23586.578461863388
37300.22547645592
27392.076815725544
34915.898372894975
40161.41750390194
7233.177280885134
31144.424404937035
517.1355973386599
44905.87988248483
28200.017411929428
47826.448237915436
24495.924569770166
41205.70134432645
33587.50968511491
39994.49465428705
38279.85980309949
44128.297674718604
43377.58861174034
35082.35215735612
44129.74500003842
31547.069254816382
27512.104217453576
46927.05332357238
5934.048465241838
5933.938977653182
10027.537959543224
12951.138356382471
14636.423665310282
12151.120971142018
7171.307565670939
7171.307565670939
7171.307565670939
7171.307565670939
15658.182067652782
20497.748188322435
53060.91463170653
51852.38826256406
36945.30233010301
36997.41606225906
39548.754692998176
38822.28771585047
39798.21337996557
33980.15120186621
38991.65430593634
44355.284979367374
48351.70137121702
39350.89734283187
37911.27685696883
39410.44589940873
36744.36438744378
53761.822630085175
37705.67811834158
41954.7274676146
30396.448081099425
53705.98061452678
30836.626837894215
36886.74843672505
35975.69595068366
32464.868070339515
32136.53086266472
41397.47293979827
28827.545580770704
36050.26590626448
24540.340614143453
45422.69644857838
54201.244015147786
46167.13872666886
997.7039401601003
43173.17149833926
31082.978634022365
35320.0930253328
54903.91574326813
29121.665424638166
34352.08699893972
33814.19221088062
54907.697748915176
35086.555600216045
35393.71165909449
37927.53957663704
16931.54676739129
11510.790968067136
15064.143124413784
13804.625427777966
15040.729408991196
13430.368974166397
23512.978884537464
16952.749903064057
53699.941447966004
1731.9429440532247
41821.90595086862
26570.34705863349
38658.942428221475
37004.99130425082
41287.29856881187
7103.524670306883
2120.2063623958406
34581.49738614869
43358.30025112054
38531.2140946015
45979.5962586302
40243.42167163578
9279.629244261438
45340.28161203884
11754.857054567112
36385.07945825563
40563.35437610086
35739.41518870383
40444.6099688125
34088.40061501952
38554.73819331251
44662.75189890811
42895.4756791254
46604.53147441193
45863.76744436606
28646.0299905968
39309.17990213059
35991.30025758538
40438.03418743454
46105.90439110505
25821.299836238544
43634.959732710886
38897.95666852249
41130.93918649593
7628.323558894898
34432.36342891592
39358.04925887946
36438.54169218963
41965.95638872306
23113.38753780584
42584.41561208967
30256.267372226273
43119.366373884994
44297.11848844616
38952.14437894336
517.1355973386599
34452.96201713699
38125.77604268614
48867.63412175362
42702.42146932214
37811.867693225984
39987.735834708285
43224.1866943987
41864.381547408666
38125.508054068174
16818.209287072925
32879.1089027433
37308.98668143304
27676.05609554619
26944.240981240568
31192.841670503614
34035.90178852282
31679.108610004598
808.2208847299959
26302.520037982118
19725.72673711158
36373.51418057232
39246.088958332555
39245.67512157901
40532.93066033373
39927.89108615798
21057.11407120491
14658.232666452855
23505.951704017192
24471.579543172298
25671.97646266503
24050.556844923183
24216.6296667267
26363.931029775384
27028.12875692139
21031.384846695793
24239.97064320905
12903.259920742603
9582.986866302452
19557.503347634538
27733.784765417688
11222.816768318668
18487.05624329095
26163.61143009307
19054.687143796622
1898.3159246843372
30769.421898998164
25433.820630972594
26029.145911428288
22507.28197446165
8990.301245981214
18099.446683841565
31708.926301427386
25132.47044162458
20178.394494855125
10601.111937715603
11681.6015220863
4853.468353159424
13331.366565286236
15356.544182871072
5772.43173862706
13478.709474259696
26561.09413801566
15502.385883445828
35619.06251751367
18823.42372461127
16517.59915227459
10558.112242395366
26078.84044268095
10279.044569230353
27664.89587869573
30649.9914782337
29822.870472749928
22734.389188303016
6825.023390151509
9721.352164577433
33425.50044807669
34655.2383795208
14499.57800691179
32127.801659768567
11067.989310281097
31335.579124716176
2202.637227893997
23331.12538383092
21178.112146943982
52136.1242680338
32926.03043239745
42768.66630980052
34394.73025549141
36587.02027528135
31940.704451912654
22095.83304367643
39311.13405705516
5010.777719232117
19408.48223490681
7069.6451259731275
15706.728027886775
3155.6243863689306
23578.769058560178
29907.152652307377
35810.2878400668
38931.09164850291
39079.77354737956
32064.512749562433
27783.191987383314
17029.97851625088
34188.39323702339
34213.93612125917
20409.876969664772
17333.19662431554
42740.2782793711
32948.30974074138
39722.29427697006
30877.9691506591
37664.42727297583
42993.61554050521
35368.18990213174
33424.63756374603
42107.66468614662
35716.211129983
37227.05711979885
40311.8656213131
36703.275903122354
32578.178053766413
19015.298848629962
27658.447747846196
38680.37947752399
38096.196239164536
33935.868803574784
40257.095630063995
30405.880906703034
42353.61439634858
31492.18366466386
31913.925736630714
17961.807489516486
29542.59035103615
41720.67289028324
46974.4814622116
38554.99271547987
43911.64742448186
42821.96605869652
30247.010463386825
19542.52259568326
23865.76898182114
27064.647069708186
30055.46560891106
38599.47853044112
30358.700259013473
33458.978013234824
30801.602921270376
33375.033855279864
31315.90125869451
26957.815687908587
30070.932317237053
5037.076444200163
25614.642123115573
34891.602392947185
8572.012397739896
12510.644004054322
30782.160601233125
34290.68914451987
26498.703995792283
30562.836724987825
30740.459179194197
1879.109221897792
39876.71005809977
53333.568141999254
29599.802513520346
26271.380222131684
23365.381287766566
29348.475012118455
47401.418005753454
22179.00488556443
30995.897547769557
31812.545394008743
37065.89522893049
32912.632432021725
30798.270461062395
28601.56429472971
18367.962021416028
35951.50946043551
36356.376103605464
41485.216716209994
41356.00073410512
31462.05831073682
34626.216275264735
36890.253076717396
38370.79958236306
35838.86213868861
31913.49262439918
35986.265798129505
31764.462787961387
20165.23368753736
38793.791574494375
808.2208847299959
28863.51100762997
25674.67572160756
13161.062813892871
25293.32592895222
19827.220422299433
33788.89559473619
30844.487143867897
25302.74256142099
29692.653440746828
28266.028652745703
31581.240388544717
36158.906438776656
21350.988973823227
32569.15431525126
41592.701948449205
23801.22830555867
13871.753950302178
17658.119395850008
20946.722618443608
16581.08302492643
17509.672092666282
37173.25854225257
22800.4092796692
27555.69491602383
40936.20957641562
32718.779952584107
39544.54876589638
26328.145993542734
35439.92025972404
4249.126556071709
13105.693733111424
37882.26299218765
2484.319154799377
36038.914145964314
34845.41704720008
29175.508158101162
27582.53556055309
41400.75104654088
26659.993821376986
15932.11594673007
21932.114474109334
30358.91616362523
28853.706740390528
22102.39407493359
21140.00912322764
48472.59349021071
26772.74842776139
22161.76247806562
27502.98905945838
30680.11817281065
37922.786532234684
28066.583281301468
8405.009653353163
1788.8794434310066
16682.652111228992
45598.80006368076
33081.08438409238
36529.02049133987
36905.102408877945
31880.617735653905
36399.40466758668
14856.976236297802
22314.93475467635
2494.6157462778965
10239.055511539136
5569.339376354535
13098.298360095325
6550.320625005446
10080.718467423932
23186.33030632507
28042.883668634906
14860.778676797037
23950.248892369298
31043.205021221234
46814.47091541284
31104.33544494096
29306.101468060817
13374.605048216396
10866.997394448304
16289.313904364253
52345.19379008902
23556.90547405754
38694.61266204015
31055.04668437869
18326.928685124505
30265.97496288154
5765.4561468897755
11278.943543433626
10603.982549616441
6342.439145849974
2847.1315025809786
25180.948006685954
19960.588655160474
38625.570689199885
27937.230959348664
22404.22844180837
29111.038551148213
35183.89623967768
40840.99903104714
36739.602364015365
24790.54134105712
39253.24486961286
32162.632538586317
32407.028975901907
41214.09549945571
39177.39941671921
44506.674732559935
43161.08174766134
34417.0742794426
47670.23161387509
44810.54836803331
34526.991506908336
44101.19806236704
36333.16700899857
29683.131129454436
41613.91430921398
31850.036541980164
36341.228881381176
40348.92488224705
22562.232942888513
30974.531827123203
14353.121747564668
8380.106534776538
18262.05176568982
9457.230744502374
19832.126528837183
24791.796869652953
25816.256438179258
20302.21431734204
17397.967839267665
17178.483983890226
3149.662525553237
43033.39036179384
39952.67478167726
40451.15767502181
39892.3321940351
3122.370904249882
41185.92600798454
38091.720901014574
40663.73558024325
40089.55000027993
35883.11409204612
28319.15687438573
52814.57858516821
28287.36121249483
38136.649097393485
35130.04728117478
33739.9590469962
39868.884952565095
5130.3001314698795
34763.02376524553
23306.478396657214
24991.86754197723
38124.7581801335
37023.047448237485
44242.04496771279
23541.877824089177
20473.5378489681
24258.41999361171
26671.935288090026
21162.321833351907
37672.90776075435
42795.8295151116
15703.622399940112
25629.800449999144
30980.342436039664
12453.260916641444
26641.34343228652
29165.608313163186
23498.47296312063
53345.68892322176
21313.63937153877
25986.862444255446
27562.235882949346
46015.68351844882
21367.794088946925
28606.191274878343
27538.475913503942
34369.41699133908
34636.24132005065
27232.46384866236
22546.80873513481
30350.768201578674
52135.26914149585
25591.006374462388
35273.62953480247
12853.659978140833
27232.887982561664
9012.19050935209
23809.999024591452
12702.168385745634
24245.762050178702
25660.514212547176
26044.02938950056
25660.96849345817
2975.1557139620368
39547.66710679266
30769.560448547556
26960.78301773477
31270.65510667785
31364.94414127764
47542.508885775525
18346.738566972515
36520.65338878054
17222.426434583987
31540.496156805835
33281.32960668923
5606.870456659624
24245.091335424786
33599.609874987575
37077.848639712356
28775.569395055456
32142.14931462496
28353.97785895409
3769.5871019123288
48474.44849534106
26031.39925177914
24777.476115708407
30654.667435287705
32864.55849261966
45947.00382903599
36037.01853762915
23017.910835046645
40135.09473712085
30523.827065248184
24135.819728399012
28839.02051285586
33674.162149212076
37100.192037116336
20653.91446205871
40056.46865363975
26551.323520636866
31309.763552304896
35981.81589634571
28430.287658995738
26021.538601394477
28181.9660939307
33200.219590507644
31448.51206226132
19639.946340003327
34898.50006986892
16261.300836898508
35854.14063693808
33358.76143429481
27204.939786309067
32325.822807523822
33675.10471867927
35674.2627245302
34429.95907033274
36370.171258729744
29611.484337266742
808.2208847299959
14132.62024591466
28235.54121977747
38665.32790870739
22007.212875665286
33848.59682189226
22653.932100675254
37242.19798710499
21258.65544544233
25781.12590604729
27574.933794269527
43335.58169028277
21799.373730275114
33817.36231070038
41683.96199424633
39334.83457505078
13135.493674833346
33823.140538122985
37583.09744351763
33833.94514938643
37693.651093070315
29499.38813698979
21991.229301604857
31246.4791834089
30243.41929310083
13174.026426748842
45781.75079520403
29531.758306530584
45383.6088818764
32433.04303857826
29350.58785977663
36313.09552520327
35926.95588494082
43625.85967099692
36123.86215240748
21034.58769113688
25818.063288065427
47348.759789165066
23208.970670888422
36069.49996809962
40425.19871294146
44152.87541701009
26349.380397364035
35910.77005719322
30295.667596168132
31856.155300013605
45751.95851126076
45141.825991207515
27607.875742442582
20962.332599100282
40197.38684366542
41993.37451965701
28129.256494052905
38189.9398706459
37696.90883740275
44311.231046302186
40074.72496075847
11256.394806899028
20479.85470440818
7069.6451259731275
31917.96474518373
1384.220150152599
19880.864451880247
27992.458728567148
52476.987029781405
49292.348190950615
52476.44860502488
25825.94636413604
38942.77249177601
39563.39080618376
36505.97162757072
30624.700328757535
25082.471962333784
40425.387924323135
37919.559054281686
4372.009090341098
1879.3495352038237
32362.687176469008
36906.956501412984
33066.11794837795
41131.37236274065
3325.317553249502
37059.21770698469
37670.70496302239
31803.54702840415
42893.85310705955
38999.778703612734
35939.25891893045
3346.57916091079
40132.27182114016
44107.53101305743
37878.37258399637
38374.97761159467
33594.38376585326
5151.2647564061745
28321.53569326448
38764.750732489796
31544.290402657713
37009.76445647686
41857.976920614994
46260.313862911535
43283.82251571588
34581.50376471295
37152.970818973816
37109.16973509888
27400.347162270587
33210.93589798674
9502.44247156666
42594.177428106545
37659.268487788
40716.166993991945
43519.74021637586
39301.26557316151
42539.03665360335
44827.46007976572
41466.510824193356
517.1355973386599
19644.997959694847
3947.197902560736
35730.23001180657
16149.318823375406
37358.81808561141
32391.17746463713
31857.72801490765
17124.898231813448
34433.09142419646
21688.94626080147
30075.639736051613
34813.59212070378
30934.039847816024
7403.433632810271
1997.4949231533442
28338.543979001835
31097.267589987463
44726.51910337055
33800.81994795641
47837.95998553573
30880.312891757003
40078.544009697835
32441.562387002174
46152.43679874278
38335.807454718095
29301.340034156834
35891.118429815855
20954.030593829946
53700.13020473357
27322.48188194526
36315.65001647518
28598.179453404002
46601.55532265277
24284.900095188845
28688.254616546517
33811.40818098403
34381.20446059896
517.1355973386599
13552.569134092639
14586.154907085598
21156.468945605837
34546.171380636704
1999.180019866081
14657.416787184135
30097.323706134986
2202.6304545439625
12226.354912646753
26308.919005912965
16725.698385737393
34345.441721164636
33180.384165757605
26461.003117741984
20205.55392119255
14013.776298952693
18727.04313821721
27508.687905662395
32917.71586373165
19440.250275599177
20449.862477272964
23695.16583575989
26245.387604092553
17048.346552375395
19469.744864378354
19251.082486251387
17155.582997129855
19296.889607548434
23525.49740226362
32578.046825299396
23112.87306668856
29997.792963453485
11499.250655995955
21659.55437148032
28740.558708756627
32019.241642832927
25356.900207410396
32011.023231540046
18980.569152253527
32901.731167795544
25832.756208081217
36001.584600978145
17762.178106608866
34697.52597041152
29677.478704347945
23246.19204863764
26070.73370566906
22800.94585325962
48479.878722470006
21728.0984169677
29782.999375329426
28666.167738991368
30438.91022079064
16916.647291280166
31477.88782196919
37864.36029473211
24586.929973347942
24846.051540118202
32761.129397912136
28455.466046879526
25506.822923839718
22630.74159210071
26809.592209546983
20758.836852648896
30116.76495471315
54203.91110498016
21648.137351527643
15284.169290837744
26978.638684090965
35182.807713894515
25325.160275346585
35695.55128098633
38347.1348639663
33543.035466343914
47348.56581006253
16500.973652380486
25115.305681530976
18186.095481949083
44246.35208610094
25959.971703297044
27308.411616870562
26755.430457881994
30869.87854098543
10554.194568297688
33083.44892104982
13160.88292289543
24173.041575412728
24152.02869629151
25175.456497252013
28872.108587295967
53842.37149002048
35261.057960254744
40054.45163311498
28387.01868314008
25230.319419554602
27550.60549551815
30284.090569182074
40359.332037795066
42411.55853360126
41042.297620378784
29276.66213144211
40011.68276929367
41032.63168784869
27365.36400673094
44168.1521525468
37373.293000417274
35008.27562889505
4249.164564746266
38216.87517220642
40983.25908890506
30777.500936984437
30237.032124740403
40109.61079739832
25692.159720531967
35361.41391132474
26356.631314487877
35569.05382791334
31576.00345150341
30653.65630966565
22079.32145997095
36555.5887926242
19422.507242865533
37046.699587408286
16360.949901949181
40594.829487529816
5428.962079236495
34106.49212463142
29716.11508542517
46085.13302256546
36591.892825514464
38892.73612051767
42544.32865631967
33389.38320671564
42707.19658281751
42048.834271678876
39865.56329876838
27271.54675440212
40693.68000921507
28565.163253640498
34030.39594361519
34204.65334468145
38036.24356612003
33590.715579347154
31813.931131253677
44579.61341623537
40344.82362255888
35681.437828838796
37460.14700689904
35385.06095162346
39027.91150010374
42112.591393380026
33979.762928577315
36304.97621437386
32651.96117126347
16500.838323290584
29791.449775479618
20690.689880656762
27202.2077683029
24371.349092057564
35486.070316918594
33688.519574530015
5516.676670625255
15617.965861009607
24106.107873832098
31454.346079572413
43998.15489035849
55979.86019882592
41635.6229138469
13127.890980646524
22116.699329965297
35700.23287586512
31537.587595266556
35542.86551051833
47836.6992240133
53715.78385198918
38990.571445402245
53699.94145725394
53336.02864361636
26366.71380486849
36958.00561053333
20918.96295467848
31844.37587580137
41916.744401625016
31338.471272779552
48204.75374882847
31945.684939439245
53050.91744561674
48474.05098848721
40157.25287028935
38992.13021487778
38980.057310970515
30201.41366480688
53331.43733436085
53042.36732044267
29867.140718406776
37064.700643034106
44902.567376212864
39867.876543280654
47301.17317987638
33123.15603113257
28699.783887365655
17674.42016474086
25735.332392684893
28805.21757132439
38069.85366198141
31425.07455794413
39795.45843019257
32534.894477349833
41044.66333120577
43191.709901486334
39688.22134163469
40293.758948665105
45791.467260613514
31491.33305278167
20363.84957916479
4639.155797004047
7577.027418569907
1866.3305890457143
10920.2767116519
9610.84529494318
25406.651034327377
14220.0354917099
7002.354621352224
12244.576613869824
10065.437190010842
15706.56183293317
5317.953080638618
11236.192289643122
24343.992289035
24513.086974515634
517.1355973386599
12481.390591794565
1866.3305890457143
2894.301525236585
1730.5020291739575
12451.9659358849
5015.473996239197
21836.786428315416
29840.90010465392
13157.5121035149
14786.083586103448
10426.218229283284
16312.144927990787
17657.96461287649
7142.289584352088
8364.784144147668
26743.25136045821
45707.9267541127
12232.507201962751
40208.7020257534
35699.38850734463
37522.75605771324
2900.0667782713167
35335.578160851546
33973.375440059855
35274.61102034629
33754.77806244028
37646.03425650856
3687.8836331290026
1726.7843414159963
43085.936146224274
30274.019937139044
31640.933189526328
4329.639534680316
36314.87476694084
27324.274322330075
38174.21494638919
17648.631917700637
23312.66921180593
27953.806706981544
8405.025561170174
1788.8794434310066
24345.62597914453
808.2208847299959
24057.444957345924
27527.560799718573
2813.360709964015
30054.224175450487
38280.9701204566
14152.070705226612
21094.243941188735
22194.004325605772
22707.139775739484
25865.9918157795
22985.593060814987
22823.859091948805
24994.9871911984
20380.565875471006
20305.607447113485
14727.078256286044
22087.132252479078
29142.650456683674
35315.9860649467
21886.223090985925
24632.895342616364
15612.94292612357
19503.06701834609
23698.191894084102
19895.301288483246
37577.2004287914
37690.11319507697
35961.94222621027
29034.511527148235
26936.775926301343
17817.815660747663
19669.00922029753
28263.09919626698
18778.33315477984
5321.415649547686
15797.86845538659
49297.37001944946
16704.398569124027
37585.499688412965
25480.795559946026
28451.423823427805
29932.418872852177
37831.52887096286
20722.97695860273
22050.60483269829
36966.86421204697
44209.22996511039
29626.147644336488
19596.49268555896
19189.881660696872
24154.649434619547
10945.22344521048
12450.638798828533
39796.06213573476
19808.173199745732
25192.39648443986
24210.629959621143
36391.387713587355
5501.12881378603
7069.568851862308
40192.403831284304
37526.273712967966
37228.16904074712
35867.17481739613
28962.457448873538
28582.827731865917
28723.376593029654
517.1355973386599
12105.431102381937
33437.62175132907
23010.578937709404
34218.76027482964
40850.37910116477
29979.84412181067
26012.331742411985
26721.238319857282
20635.93595342373
30171.586150764524
36491.27094769903
25219.61090135111
17030.81639134148
38218.40841844631
18763.35907286814
20826.316168916997
10272.863868258093
33940.317705331516
1866.370761756403
45708.48903432032
2256.038964902042
33908.29429377735
34342.91209465343
40479.95011801103
29177.734611854412
43782.43964970114
29902.755062553882
38991.29086359386
17022.021626336445
19479.216934730146
4357.168080020881
30446.76930190137
40892.832105883776
45425.24424075642
45399.240674033776
35940.81188568989
8454.351792625195
45699.36312335681
44270.19483040022
39483.65216188381
37103.49902730763
34736.22878495121
35752.75369222309
17461.174832186516
36594.59927275766
48287.33916469221
17978.586495607025
31161.152100309428
41005.05106267037
17186.32813038914
29688.487369954684
25769.71856574997
22100.008175704057
32521.437932793713
19510.928897185157
14890.977267236865
13624.114060013702
15112.720634940197
21901.51401409493
15306.564717741649
19903.210621134942
21729.83431405387
15911.434023901684
39904.7652501519
22215.464469106893
28759.285823389248
19939.00153139672
27191.525400307364
18016.195501092312
34399.908730063646
35251.82736527143
27826.985991666133
808.2208847299959
30445.407355665586
3048.828690168616
20486.681541087666
21352.82386252357
4082.143813287862
15947.72892977674
28010.620079746233
21638.775893939273
31161.581389504532
38665.75260948456
34345.08795751996
30501.142088764278
40967.62159271433
23342.71253532629
30431.672930661207
517.1355973386599
16885.402544730314
16320.07135086071
29344.94588204977
21599.60823651052
28433.245235050566
36498.501465367444
35188.4249074002
48700.50110954442
10891.866330078423
33793.07790498251
41314.813119614104
41122.841872051795
33727.40917114376
39950.23523007061
42036.296535159694
39544.78837601463
45987.423663080874
32974.68300905125
34456.36376827606
36580.52395288113
34445.08362897339
32038.09362321787
37134.88002302088
37427.09372033784
24605.77239659725
5046.29176865633
28965.274526897716
38018.36249225017
38822.29059868512
39708.34305864852
4564.55200782194
39835.188983250206
41969.66962707705
30684.520332986496
41855.237907429946
517.1355973386599
12164.463421121367
1793.3752820818193
36386.67297204524
39168.60811569395
36545.17551964116
37860.983892255135
33266.088987974625
35538.31791300243
43964.87533439767
38730.46278480089
10343.19482571063
40155.38734321175
7427.1732245191
35806.771442792204
40034.35352891278
33138.00589984908
31516.498642084272
31070.480006341877
38365.10803446228
31708.710248497544
21740.253751768105
26147.73447819836
35605.08628290146
42606.82917808086
25388.71868274474
26048.528176367614
32837.54065904716
42956.129182151344
17699.82186664687
35979.41350359545
33869.1982760802
19446.483186621183
33502.60012928915
27125.003662570143
8405.009654527286
1788.8794434310066
21343.791809962284
11417.4672839124
26540.959940157918
27592.28344597882
22658.667740697136
37182.40177710751
3491.488174383704
41027.872750166985
29813.07868696624
39558.458537405415
28175.770581161556
30858.43699398552
30295.450750552496
28508.327012373546
34882.282751849176
33434.9265309163
41573.39137018089
35004.688681477295
37692.59479526198
44069.02484895785
24871.905181874365
30353.793423246152
37322.3741862738
33256.52947441552
18555.24046331099
16994.534762127165
42828.21434221702
29013.612086051435
43770.626973201106
45840.05170287406
18626.168454157232
21643.079139945647
37395.412293327136
30891.87762745915
5285.441449665348
35336.40613506012
35365.988064988764
31343.90932856193
25588.903649290904
38426.16477906803
24037.57847091652
24904.83482287703
28441.591517626966
29117.663522157436
16448.66364811685
28634.693506931824
16246.458822472674
27080.556337901497
37856.071121081455
33463.73871887097
18282.8787248063
23790.303692269837
22069.99999590469
22632.077916574588
31896.084846007026
30107.461806745338
19827.548434027645
4943.590470345693
46271.31984124402
34602.756289797275
36828.127569921024
27667.099702484895
29654.979198953995
5892.639576786203
6498.709558087844
17837.328006872787
17228.361263187842
2520.415874037139
35698.037222053725
8454.143808957773
40385.16213432249
21475.389937535674
40998.33212807382
33241.283230274086
36128.187982321215
39696.45111166004
9820.773773223018
27200.093620468884
20869.146543199287
24135.776603314156
14072.99477040828
33175.952715207706
43905.18299273407
41169.41460751738
40379.27799331704
45512.366024797506
41370.44713048529
34880.72585816924
22043.604046189943
13716.215449760852
16869.18369197395
24069.071237953634
36912.83942317019
27971.490446789503
43169.69389458489
23056.220141703456
26380.69385615424
21479.235784530603
26407.969624979105
21720.24551829279
35631.397754945036
36716.96551934054
43771.48296038762
40801.096767831004
35125.1764965107
23695.113948235834
34723.76941063418
36954.3167194799
40712.27893367101
40441.61207118742
36983.93122792951
44477.46251697172
42638.859342525226
27523.538766283862
38282.12946394075
8804.774646622669
37105.52982909808
42676.34995046431
40562.136525630565
35813.21056838375
31951.080096261874
43159.07953842305
47006.280408284896
41509.96927338739
34306.05118129164
46097.95488040783
44620.48306396831
39665.00911861198
7801.793717161835
36070.32916329541
33517.954488418836
35128.76578238957
33192.19063438321
37192.78805858402
41527.161291236145
36296.54726091209
54199.466407203945
35191.99925678337
37647.17733949529
37575.30145798992
41011.72979700672
36916.07253882344
30864.371087054504
41999.16398168796
33771.63009955161
33230.997049751306
43768.52960837965
38829.42700657951
40359.100515817576
40760.58195724846
38555.15926060797
19494.41287197491
37835.79919965276
39206.55524349538
54202.79943035703
41635.75883689113
31933.29661236912
48498.80493878399
44370.45154705308
39039.97402931587
18876.426533957438
34141.74259687738
39416.288535902626
40959.62921862553
53700.6964047168
44000.13388639177
28294.445242036007
43839.72125595969
29868.610290426775
30317.51688649965
23478.856002666063
21245.699978547294
53330.1253928805
19875.821546389965
39823.92736507542
28928.402002806837
30525.91968987722
21444.69726011807
26413.136494361162
2604.169235169236
35953.93671732204
39802.81540128729
39899.216613796
36504.55470641328
33125.341390084315
25394.76311762317
37404.58884486906
22385.07846840007
26416.381431418256
18063.84596755177
29907.79812473569
33989.27318594034
20295.21999514004
33974.67071852282
31013.38271205642
30708.642109106386
41744.045414832995
33675.23595507341
44600.736385658354
23387.264541447883
38952.23123171558
42317.022517592115
36348.56223753109
26700.809647604507
16521.804721780994
40482.777468089334
34428.276635712005
34060.60467889618
39357.35926776215
23828.999848962205
36393.84484996129
26211.27861627956
27579.037384450625
30164.463967020507
29456.054206685967
27949.5818067062
33603.548910379206
34097.649189025506
5893.337448427337
32964.056022974015
1909.0330320870264
9538.640980600314
29273.421981697018
25545.375083949584
37091.4057577693
46795.24416485313
20325.59192443585
28692.56725072991
28139.392178209702
47832.16251684132
28902.776208519423
49178.02206217271
31662.452558317877
34676.71123748938
42637.044524427096
33955.638062276485
25109.044324936578
24085.144943176034
9218.564897564178
20291.451514648947
19023.26615784181
33087.50196913579
49791.36514939851
4011.261779132665
31529.196968963355
16196.897521030189
44231.49941273972
27990.835889162823
37978.10911765377
36135.58209506711
40401.47744239702
30643.02926924783
42470.71363642975
27749.219840449055
11046.976958426096
36589.05259063123
6175.903874668315
40927.96403833665
38871.567565299454
38311.43551165
45609.57959229203
47732.34231426623
36114.60025402106
8405.009654527286
1788.8794434310066
22041.926767997735
25795.024439665016
6396.567318454936
13964.664979387047
31156.693199632584
16345.259454409976
15856.717559257795
2325.6267748057785
43410.18109123724
21086.84041977726
44885.66033170871
31202.647944337426
33990.88117567392
11099.156319789692
16342.613599239767
30922.689507979438
37546.21243611706
39038.80203104345
39573.64919897542
45789.25505350448
40971.792017280066
43951.67367773237
28173.804488929632
20938.32030483241
34129.67605067934
23782.240908881628
33106.68937046502
30670.560119019156
31866.876144919643
32125.95609839425
21945.981384142753
27999.492894291176
34572.95658024548
17241.015295897698
24869.056871042132
19242.965358390626
29574.243952788223
37453.246691007465
29633.13044201947
16988.532130045354
9655.516955173991
6139.778455477904
41512.15897576083
40846.172829255884
37527.14063105961
39606.40397456562
5845.804293211993
13588.809226880341
25944.263198686014
26020.84165299729
17494.778105824593
11373.521559420673
6104.575181168535
48352.199636869664
49173.30423263386
49095.541543371124
38488.55370737211
29020.790611140295
2325.6267748057785
517.1355973386599
53042.22231852829
43410.01677238698
12788.164604385505
22483.101522539488
33126.640909648384
26934.610869147662
38920.06011605555
34085.5343197665
27409.573595274742
29934.555581046523
36617.16578381844
36679.77494201002
31131.168572171748
32564.249802695478
35483.24809320544
23792.075912690718
38331.268599382056
28213.65705649631
25290.141201222264
19513.93085622415
39369.07198081378
34054.13767888085
27706.414991928195
42299.95255378591
38307.449198535054
36500.288185547615
44299.998100645396
26214.473286254382
22214.552992101224
29868.330200871187
42257.00218800787
21117.37876534507
43690.49529740373
41333.86008932456
31572.636342781774
34512.27089402432
8813.750409893895
9146.559700984086
10549.640413442054
12834.913544181956
32242.49891204329
9146.559700984086
10549.329062801551
15094.426926282662
15094.501204762142
15094.649757335012
12834.597774186095
11144.188435371114
9146.559700984086
15094.649757335012
14692.821303438554
15725.037002133908
16957.956397831505
4949.306015293814
32905.76060285786
27479.707938581392
21994.85600146588
9605.067117579632
29485.88491914448
39377.74143219134
49391.40275182023
41591.87768296741
44550.44056700142
44892.28803855894
35589.3089143593
42327.09438140765
36883.03215990168
32615.754429664674
41194.45721503681
37104.675655717736
41431.12943112737
40268.49255931324
1286.828224729119
36305.24961699301
36278.79464737902
28002.16089530398
34535.38731227081
18749.79638755664
33911.30661356348
25109.98065331705
31643.84631332517
42742.61559149574
32422.028450415368
30893.925552549837
31681.307921634285
35119.37616031281
31545.90041523557
52350.73707957085
35051.52404374442
39294.898904108224
37083.68258939742
34174.3730905692
38411.12476205117
37333.65795490407
21937.567356503656
31590.605832335685
35122.23743636009
38081.26652313849
21214.71618277193
41820.778215946055
22889.6154702092
15797.751600745307
36852.39453968551
3672.1549165846486
34436.99079312287
48262.123204040254
41520.97286251794
36582.840161898646
808.2208847299959
24833.524204953017
9661.618018660429
35064.297828487615
41318.03514029816
29031.44614733044
26983.807463244422
26063.378980077952
41187.94312742789
27144.32902993931
33086.22781845172
46105.80058903574
34625.79405163104
19425.351185852523
33812.80180859558
43187.02600811578
53726.13796367744
1793.3752820818193
31875.765991874974
36795.979297222126
44364.74304923177
30010.982375206986
40630.288923918306
35795.51516956961
47276.08650586785
808.2208847299959
16373.93871142855
19553.926013986606
10572.755389741178
1788.8794434310066
21589.71821322732
2274.219712939397
38630.0008763492
37949.141272971254
32043.711284566965
33539.93352460054
24434.46916834377
27483.269621477986
38317.594200771
40908.23379443818
32020.542575218016
33143.225393482026
23247.222472748446
40262.75234542053
43560.780507197655
37792.88148394971
23680.8808256882
33953.99936598841
32106.088735001562
26126.46080932927
42074.5845422586
42244.20103473452
17979.499763907643
24651.522818987505
43407.6802693623
2654.8074646698847
43191.24132122233
44591.34032554242
38756.15449621434
39313.96278242608
33243.00570739142
36070.34254102029
35235.232498595404
28170.201478205425
46146.89001535029
49084.16333622851
43006.4605761931
47115.88164188776
41110.22236399553
47271.52571494843
20744.141534450853
35404.10013026542
27493.437397911563
31841.414105686043
33111.77347890231
31620.74403505747
38224.38885373281
21449.63237992996
24312.410698346583
35879.93682424282
18391.463923543484
24279.189023144914
29165.01540144293
31361.12109849836
26950.356189327245
24893.729080335033
15016.991771952014
19656.498107947795
52634.81531619887
31407.7484974875
23772.465497417088
23580.29941985254
11546.037651170522
37671.301614045755
808.2208847299959
27995.285638235753
1186.986080974535
18363.61282753789
52233.77627650683
21582.749988135944
25752.93642499058
38064.58639080025
29707.96149237492
39087.849694550525
21349.508738977427
19024.513940438486
25861.407041275463
29591.88517018891
31540.85133135152
16846.349473760132
34314.99462614668
26825.119967869225
40321.3391236336
29376.27240342625
22559.115515046677
17492.307545174746
36933.25254248273
37962.98575388126
30185.522202595886
25956.133597379292
36688.66100163843
27380.99196606544
34651.09860860967
47690.10405261323
32435.293543174546
8454.351792625195
43733.81806199559
31977.79927282409
24801.016791698734
37989.437831600466
31621.70518306427
28779.523337913353
32625.717613898505
2975.1557139620368
28805.16570897352
41754.64144240075
35901.210432848515
39791.42449027389
52361.11705930371
27710.529469757497
25890.896188357234
25644.495072218426
26330.284598639948
13820.889912819464
26107.86494923001
26893.169361331933
29366.511691512613
32945.99603753771
16638.390897678648
35456.64328663998
39578.549318367266
22575.43651247503
34521.146063645465
41385.83019507249
26084.77165845971
15398.47773639399
20772.046123852047
22532.10748611913
14112.63421862946
32971.17875765915
42860.22048291994
30437.718990088157
36923.71366771295
38205.29079253374
47827.62482662091
41304.06414368766
34901.88105676569
38755.72433891012
39718.27057089389
39687.62639094117
54921.46581901285
40371.67850081862
41396.197237146785
43712.626771848634
46841.66774406206
21969.992774185233
41641.34535132369
38107.06111510844
37656.30128646893
26164.7734375468
21958.328889894834
35953.76734394262
27856.4468291527
55983.647674265296
43891.783938311666
54202.799326501285
34232.4480083984
37558.02216508528
32255.967172526583
47827.45683586314
38369.66687896634
54198.799700356896
40206.80599690669
34100.764628176024
56013.57460736469
22857.196494747663
47355.94340241123
29206.560881214366
37947.29748525276
54905.26654596191
54199.68866104583
25281.91441187705
55982.61483191689
53724.07059914975
30890.716654754182
11454.782448899692
38722.82566535044
34845.73766079363
39127.18898146908
47266.41340360928
44186.920643473706
42290.925065022406
49542.42111664772
45762.779068493495
40044.89156689915
15094.575481779562
42393.75708482192
44436.8480651571
44297.810086507096
42850.66027667247
42252.31911931767
29445.08557737354
30966.175116554925
34489.970955081095
39118.33301569337
32151.897686959735
38805.59264752478
28270.388078281845
11098.961267048804
4658.392617234303
28166.532687718656
15094.872575230196
16421.501195251025
12834.597774186095
24304.21449844658
41881.323281865196
40463.95999706988
42984.10701947527
54903.91574326813
56196.56300094655
47825.94393657854
47348.565819614916
53329.633390372925
24082.941428186597
33720.75784887128
11269.026878327912
25555.051468159465
48255.132201961846
53700.130186158225
37281.820719436684
37710.441119917166
53328.81333037374
53328.977342978746
45599.22078879317
trigram, add-0.8 smoothing, average word perplexity: 29623.70113327302