38449.10818505674
22631.977633552127
40898.15674314869
29323.682521365157
39489.45346517049
4007.4956156822473
39196.46871451809
15522.014221297784
31743.430907264512
32604.41861621575
29955.487467936888
31672.20986655222
36707.33485061396
27548.671119716306
26076.74862407622
38059.2508592576
26502.312039805347
34717.87958372009
28001.276498149684
40464.65248339886
26045.59613655147
33234.59298825992
22351.638104117013
24045.32333936086
17848.005291354584
29262.160427985935
7304.950235962079
9342.941638405573
12465.92003839834
35404.39544862238
31330.0605660574
20423.790798653823
21595.760872006238
30091.13620026846
26981.631167768766
27001.63956834445
30597.866794622383
23990.903197488748
35458.34028233776
21587.40209295852
34910.35700082001
27524.531816386047
17163.756257254732
17992.501937417994
34880.75768764076
24375.56500286085
15621.74538537395
29183.755785882728
26261.62573341609
24399.908323611213
13702.954270236161
28101.976813116875
27918.775144360734
24150.950126596203
19385.362133116276
30521.82769048397
39576.21894234451
27616.514664517697
41614.59844451916
40017.482123913665
26457.84363714534
45653.63645945664
12958.192232936055
33403.96691425587
29703.0036264051
20411.14773202905
32987.920093482855
35092.947002411
30482.295646794013
27796.42681866703
34382.152152057155
28163.11595819459
33953.936313117076
23957.40689251068
19251.529899625355
32404.72967790259
28409.2161553939
32849.479807014235
39386.80101140002
23517.241829748487
27721.261405309735
35944.211234661605
39496.44351838586
34575.428215612636
32617.34098704812
44054.96025217722
38115.17243503488
42191.23291208375
37547.16917968834
28393.620529969587
38445.1682997854
35885.292588675075
31809.651477397616
25031.292346269358
29894.412747751623
29020.012603134328
33981.49253481457
32499.005905123027
24039.4816025307
15225.61390848394
31818.923729820857
5593.330919660195
3263.955288180395
27125.11756239575
24218.223774381564
39578.456901674785
39025.119091177825
40897.72324880629
37909.206720695925
44682.06942484913
37568.45066537006
36414.066999268696
33566.378031582186
41819.82192600273
43106.522363914206
52314.76704807465
574.0068440419664
21427.78715828454
31516.940525848077
34026.62032733647
46242.3176140124
40084.90715483568
33153.577255612254
26727.518362472714
42082.639658317465
29975.180451211345
35239.642378302466
40652.46537603955
9575.080390480127
36596.758580540845
33196.43674937975
35795.53344672717
40792.13986557464
41935.75390966275
40679.65841696672
40081.870607725454
30559.50661783398
39272.87924465756
29764.82579434966
14236.077799442792
24381.14960962106
22166.687001103044
27058.404527997922
37339.024356751615
40145.251753020144
42708.93735162626
36454.36372416327
39721.56911126441
36856.14908977613
22463.69805713948
15337.341129898665
43301.28211935669
43967.38523740149
39505.57487507644
38401.31270753141
41085.717502524516
37669.426405072256
37458.65625559323
29604.360254914198
44756.04428376077
27042.692475952295
44052.04149612973
52828.10757412712
41164.04014026228
52652.320512852006
44201.445838928055
43444.9008617819
35426.694148556904
36885.1431693044
42953.1672917658
15641.981691717285
19220.78872442013
34036.95520494934
42531.455185730534
43655.183406904915
53093.52991465812
47165.36334783962
52453.88987110424
35049.581379053794
36441.87916251361
33848.3066950866
37529.60493998238
38578.280386866
45869.80766016569
41948.21313375712
43435.093821032104
41344.326680514656
42355.006997056735
45156.617730108184
38383.6430727141
40612.36558952926
25618.02628964246
40201.17393348309
53422.232863225974
55473.38556020094
34715.74336257411
27916.677521981357
25152.45803341607
9495.77486169488
43656.490177517844
44514.12830804538
38197.66725204499
38720.558273845825
43329.25356673858
50248.767925681685
39261.19879940049
40159.74988685384
37101.95981894757
31901.646569311233
43417.978708454066
33556.149141579495
40805.02015032922
32514.92414571661
24178.7683038193
16364.2374330065
6806.23433284996
9873.280160827064
19328.925912448016
5594.269263407057
20121.23099330898
7576.867159206796
53087.14745580054
46337.06284702032
31123.452903085756
42668.49143269217
53870.734970746336
26390.197899089722
20911.756182250723
26910.15435652174
32924.9048740789
1432.0550410580468
22687.381635361864
34124.94093596571
29014.333173054845
27672.721111476792
29763.35300149737
34546.78087476739
27787.880425405823
21431.174824886206
32210.198890050746
29059.796355758772
52156.03458497397
2159.9897898843265
32418.202186110513
32701.48473074481
36299.505572845075
39031.83705000168
36406.45154409085
21501.32002137757
19848.78806606387
33961.71897188972
33787.81415349713
19875.27670744854
35441.89794457093
35915.67710084656
12817.741866710008
27914.58924340583
20003.104875238205
10591.752150868748
14102.635954885882
12316.468112994118
33677.55864911562
17248.868666008508
29761.872910748676
19491.465384987292
47562.66008947807
14680.338030271021
35487.38134946019
38690.25066626878
39174.98902427884
39092.13848285662
14789.890999103547
35787.267247115386
29615.760241437252
774.9677455620638
23770.45544823983
22933.99483465693
16875.393013571236
27697.200489123905
21643.63216520414
12710.593825073225
25109.314646268573
34312.865031647525
14837.672456983059
35404.10508187053
23213.42353524791
29595.77012922289
20971.374924530188
32679.868063121023
52454.307015459024
34366.6921919745
45878.20241679119
29598.36873910287
34194.31014787219
22401.66335059695
896.4033205902957
16288.752462389246
26086.62638103451
29467.40732973798
31901.951390262984
33452.41893250816
35801.36225405505
39080.04409323544
48833.33388824648
28550.42058425774
35174.64392694689
39960.68741146825
2455.669974481615
32369.54731332477
24616.345457064042
38075.56367405942
33289.85565248264
41311.035806311644
20007.157775676857
21844.01543752059
37842.1329068686
31780.209124871777
43356.12832052714
32993.98327222141
34502.272817633464
37603.773493312314
38365.060113840336
27480.114613573376
32205.97527713833
38531.072900621286
31618.106973695583
32245.34118038054
35483.02515733274
32685.83111862463
34370.95434705637
38181.07686305538
43307.66005970528
48456.789423643924
34318.601817200855
30885.903536146856
25407.38227040565
23699.256908037205
31197.694809291694
31020.570562451212
24925.61741975572
32096.236609952266
8868.123084410247
34523.228850690866
28515.827762200777
41592.32318340967
48846.78008799186
43020.22747214931
42600.50291907219
39351.93553714454
37863.32093662225
40209.36494017388
41637.73504255979
34676.29466117419
37150.753201773194
41522.29566607717
40266.50737860322
41015.75521904764
34966.20440401372
34858.512884699565
43842.94390194035
35074.347999980906
39382.19530541866
38743.191050696994
31516.498558869225
16237.073840348847
30042.387561508393
36493.2299896079
29570.563756257172
42807.87061322265
33382.55129400551
36695.36725633544
28942.46538850391
29979.57882457703
34739.39506562922
48467.74006015079
43863.9871518241
30878.59536588328
27287.428840793626
32412.90793651722
39098.927474728385
31225.84566244742
23764.77777679481
31171.173961517175
16400.252033323908
42032.75429183144
46287.56045702909
37075.22987517574
33617.03378844579
27357.649403229454
31510.451525755354
32562.17334193275
37019.92245143677
34208.179145519316
38060.126718609245
42783.74478281435
30519.64170356139
32783.98078157664
39051.6727023509
37186.58500200333
37198.227168762816
25309.388258047762
35514.40920211955
39313.34541351843
36002.38063778227
37718.66418633015
32328.032142800323
45818.88977034572
52458.68513437839
5243.260609484322
22909.609146902694
47848.24651591378
46496.76449420172
31413.86083138058
37634.512641881964
9066.411864034924
37471.63407670664
44261.55980255715
44576.49960058137
40231.89543943708
41098.62713866335
33671.84111038023
47386.06242862718
27522.979119284697
39808.5686119306
34998.018229877
32510.76420953967
42196.61376054668
32720.911208178877
39197.741138093676
31884.948540976664
13780.70791236115
26141.283507952692
29305.87724627428
7882.756397995291
53425.403331532994
16186.733109631788
896.4033205902957
36176.046671218304
3683.727553251873
24478.17070318298
28730.79676226204
32828.075888870735
19408.973771472058
32678.696764100478
31748.82580681397
30579.919930111457
24830.481717724557
39282.02015092602
39247.636810233096
44972.74295917963
30088.73052705552
36659.100678987365
30779.777506226532
42995.008690701565
31183.87640263397
16708.775275201497
24441.615334554666
33831.74091279015
16858.58919486847
16894.26559989647
18217.673175927735
38059.04276160171
46536.80491205989
20671.089378171615
28259.849266415422
19966.23281498906
26344.415126970118
35669.28783093958
27358.942814627393
44474.16347683123
44091.249285556085
12683.458780059625
19552.837268540155
28550.81699613451
14755.588525455845
23024.83582465424
8411.902864499712
1986.2247979374495
20746.864013705406
25153.636048988807
13132.167920346743
42380.02963838247
45196.04851900428
22468.851232860485
36092.05758630868
18140.199015304792
34912.787170470205
29080.09555814071
5921.41530712456
35057.61357417244
28473.783441970227
45438.03500758065
36788.97060978119
35402.08098077742
45982.297742380535
43930.9671974225
37255.535297523114
23283.84102269362
36922.840741371256
37008.864852226056
40269.87179111172
38255.469970955666
34501.667544338314
15657.017083997775
44455.770154804515
46917.88142816561
25403.30445984662
30931.843485750283
28383.046265979152
3249.7122853100127
27382.779179526784
44839.27327210717
35048.84690604533
1618.489580317151
22982.894874179518
30454.052073838702
33319.89795586794
34417.6204853027
36679.32802413408
32131.73173561423
34562.0492645176
38637.39556998034
31370.18375979497
44974.66420337427
43227.48123080902
34453.870485874875
11368.754339144562
26454.14705681181
38654.26987548727
41946.7177924205
41821.12059352532
33571.79092855895
32035.695502704435
38462.40972946146
34822.45418786118
36298.0037399385
32572.146810538146
33399.510532203945
9306.575466938237
26023.610820428563
43844.35166567176
30361.320323539916
38806.304032149994
23878.20443003244
8446.843007215743
37304.29538128696
2404.8318652828293
25438.728677730654
19765.087132544904
34137.696416710205
25849.655727897123
36014.77344302691
23126.907774720905
32700.648953685923
32128.30499611301
35421.97270669218
36147.92475955309
37262.39721641593
43373.92800223855
52830.546572789826
26218.513623752944
33823.420300083046
31620.338687571155
32229.637277466263
24795.526921939556
33018.96984776252
39143.8705030062
26523.55661962925
38029.59916583626
29398.831289654874
4015.120639333057
32826.296103219414
31323.593387990637
30445.00781651656
34138.27689703592
24679.226462693798
39441.11955057227
32748.857500836493
27910.205684797475
24482.63302677913
16854.219320477398
27685.876747986327
32848.09216925515
17389.83027498952
32238.71766859648
29259.88010100047
29249.864682826083
28078.528937741034
17982.23069154747
29004.878347585032
2535.335973563344
34817.47733395725
18649.856868409875
23921.249689555978
37263.27505253562
33954.96004760287
43167.62488487647
45420.025211696586
33899.03222400372
17417.356271756176
35067.716484117744
23372.790953796113
24358.471917637242
16324.665621871281
29561.320961484405
27198.072967914573
20978.535564360984
10325.89982668181
26738.58407558539
24239.41344602362
38455.77539315831
4462.174979132763
34405.88075831844
26877.08714996947
35694.980202475475
29616.45468167627
33353.995242376
38826.92611949338
35740.22933014941
32892.38406743457
40093.40302398818
34710.065089800875
38138.26579338306
43273.948018255214
3885.41067720812
57122.88200666874
35473.46739079875
31755.855572119817
34244.32096358277
34642.00573129452
34505.184885327384
5698.352657734018
38654.34353145214
39928.70540111981
33240.60034069423
30820.4311753796
40005.45326019091
22433.975368997304
3501.7994669376967
15522.127378523071
28153.097926647853
29205.505432202342
39366.6084855262
30388.66907426414
33628.56913669181
4172.539445175148
38248.13439879077
38795.16900931644
31144.70452449832
40620.69007325206
38038.5400304476
38566.69622626622
40989.14817748764
10643.882649394875
18001.149029059347
872.536172450987
9612.576924333363
15254.529644074457
32322.604160248993
25158.410127197472
39738.14429934637
37701.53791424602
27153.569047306235
16910.860094852836
32577.89953854102
18768.069356096312
38059.68813518077
39104.588195301614
36160.77813224632
32042.63918055112
32117.13443132077
39631.5605418891
37985.71419364093
11865.64600574616
29256.078343765108
42861.734952025865
41067.32955481432
44904.15016057099
16931.92659056415
38887.448138060354
574.0068440419664
16968.739452355854
36252.747021467694
20352.85251265339
24857.628252640152
32995.06006834041
39135.05103117518
26236.41547855668
33353.89649708924
38614.022961051145
36404.96698788394
29587.05077335005
33116.65417587335
24791.450244442254
33937.121509009696
42523.88971133694
52625.23837556751
30088.353852396864
29053.615448424578
28174.078822308966
30823.675897885234
24073.192340370526
35410.880367187216
40307.7283103182
27055.907557782146
44232.08137645735
33964.99352657096
55480.05681906416
34972.062900774785
1105.5692020221097
35291.238388268706
39432.735546245196
38283.30874756834
17027.695588058068
32801.1098247022
45164.66367896976
40730.15819334452
44866.05470277645
34225.66624265941
38062.21062342533
574.0068440419664
26382.669570498627
23536.718717433738
23560.517371258175
37743.540075004275
40984.30461615302
38866.441762107774
36504.72471416759
54508.78508336027
47467.78129086059
6731.494787900521
38359.9015000098
37221.06560352754
38193.17860096364
13665.777010095733
7388.910160352807
10929.282482472268
16020.213764185286
33140.89867847485
1190.5486225610466
7388.910160352807
12465.92003839834
14479.185046920464
35210.41798053004
32757.31834719097
36234.438655720005
32489.31879417631
12784.05532837292
37771.561538348906
28548.224567756228
37165.82096480598
41938.37374323085
35214.68000625113
37147.581304955966
45198.81388129447
40953.491857461406
38442.60824230946
37076.8289161973
36934.9479844635
42082.08805273465
37403.368942248984
44534.990078400544
33913.60520185125
27638.76852137069
33913.44695813012
37182.68918776713
32923.87925772207
24482.127007258256
37710.806138009204
28131.02882573039
35454.90159960468
40683.76171054823
7521.183940723924
31922.25656015842
574.0068440419664
45203.18996064949
28961.160098682652
48013.34373803418
25227.2317018047
41775.94175051072
34145.827354835725
40431.93598718278
38927.05600574843
44531.59384242506
43795.08939691502
35851.864692949945
44532.892148138955
32298.34851317952
28309.79979085498
47172.21634773405
6381.462242471704
6381.357580466435
10805.268227959434
14022.558406497215
15854.791377013531
13210.472152173637
7869.026753851817
7869.026753851817
7869.026753851817
7869.026753851817
16433.589124220885
21352.106937276872
52844.657270858246
51753.05315024028
37423.19000050221
37450.24065043339
39962.30208934186
39028.94326811982
40245.812317828946
34304.46500143924
39501.17059809747
44615.7864001158
48523.25122488303
39620.63176842761
38413.49014750008
39841.07789338527
37075.88163308605
53476.13995140776
38302.63355591595
42221.58206108286
31130.382927245857
53426.73875566827
31544.508901613306
37314.30630846501
36479.2486065133
33129.568233889346
32637.040813129886
42026.23813974416
29498.096938772615
36712.01775325154
25213.571244770348
45799.08403959342
53873.09096946379
46309.1659554693
1105.5692020221097
43470.32290474907
31654.963468987724
36154.992808157425
54505.685995396336
29807.954478103482
35052.74196342936
34442.95799373602
54509.02344555147
35613.55161852441
36109.527729669055
38544.21263477638
17529.44845914233
11999.622773425586
15677.210012167887
14432.90878112154
15648.252205322426
13992.454546603089
23986.0077429937
17363.337972411195
53421.398357546714
1901.815861599132
42420.82680333517
27509.506034380673
39239.71151204838
37409.555283939226
41646.77822252539
7388.910160352807
2317.4654182748873
35270.801846867376
43693.830263066004
39013.14016986808
46214.49822657099
40710.87314378853
9796.307692719212
45548.890650798516
12141.734414883294
37029.369427224694
40963.73839949727
36533.54849813769
41006.482135288745
34744.30304529143
39017.811577627544
44940.164398546935
43317.801040890816
46819.719696424276
46157.00992378221
29433.65315844336
39730.30040256628
36537.473583589745
40804.09913062827
46296.187360934266
26229.486708132834
44065.26865360231
39430.9146138897
41555.80245319624
7948.982375935651
34978.98624567736
40125.33843780054
36938.49578672389
42297.55091227318
24009.558927034737
42974.22371514802
30968.202382857646
43479.2480931088
44500.63664944564
39558.65381943353
574.0068440419664
35002.83163869997
38509.235042050335
48957.1059664666
43051.31433067101
38390.84140581395
40429.410344053176
43711.978259532094
42310.88357167396
38508.99443068823
17293.931924495202
33604.9753604888
37827.36403626601
28466.684885462277
27785.79435703072
32019.105308630853
34738.364106757406
32392.82284720153
896.4033205902957
26793.99439894592
20334.392081698355
36754.17126420201
39468.099495348404
39467.72955848479
40733.48867147185
40138.5878541557
22063.41798980243
15557.779997643094
24438.341193344993
25316.288776257148
26575.959614102165
24866.67435313528
25083.836237381365
27283.855139876843
27603.29342869587
21837.285720798358
25028.888055988104
13604.24784422704
10212.885200544124
20468.628813683936
28526.492889424946
11947.423957701632
19312.59806073615
27056.212434882138
19924.037252343318
2104.2773259928526
31502.74497225669
26265.112957038258
26908.479969288328
23444.84953198933
9743.215464720177
19094.39965366608
32639.40089531673
25735.174164508415
20798.261878128276
11249.896989682897
12456.528760405214
5291.080038452809
14048.437078284753
16093.354464358916
6225.148936543783
14371.390277276365
27631.645492390704
16388.02872126464
36044.19739247946
19705.13307565543
17513.79413615905
11169.757617902582
26838.522545282707
10838.29693468959
28321.672848940543
31287.65996922878
30543.561171518926
23650.80933968212
7365.855019368048
10321.059333818923
34005.01525030439
35284.40101255714
15443.053995961069
32845.279536526556
11698.656420810568
32040.028253811513
2404.8318652828293
24034.55981645067
21878.541533729996
52009.61516847643
33399.4290662148
43141.91383695625
34955.07429474837
37257.9822432328
32683.758066878854
22745.341987363423
39792.74773857706
5365.15761700775
19866.636306256834
7304.950235962079
16367.900471585108
3335.0394837560575
24158.879267594275
30679.73305864771
36374.688509347325
39313.24675258253
39599.941069997796
32887.15096597456
28452.175281560718
17406.75061775352
34815.08586832999
34664.63535321666
20828.892451988995
17956.117340768014
42953.84044385288
33515.59073660828
40275.22027696607
31643.4856907293
38165.501299308686
43334.13786295611
36009.615175607294
34095.92349285672
42282.82446533038
36106.775600489906
37761.787719527754
40771.53119051683
37300.03782180204
33145.30729935818
19409.15568802136
28363.82092725202
39066.61887788023
38444.95811502205
34492.928607099355
40736.107822637976
31062.441049027693
42556.95634500301
32032.114818885642
32436.037527444107
18615.079837976547
30522.32122780924
42211.335673167596
47237.184375926656
39148.794371179094
44375.92104396044
43361.358981166086
30891.40141965246
20222.827350720836
24764.171462450286
27741.16549299244
30646.199172613826
39133.70843749815
31078.86524441447
33975.10180665102
31378.56584669045
33828.28747102179
31822.354496495318
27630.012134897792
30390.958118438743
5347.242457946411
26282.88716117242
35138.647210642775
9398.959234420827
13250.09058586726
31543.132257170626
35033.51119663047
27293.484102436796
31292.160257762665
31283.604934529805
2062.887231112018
40422.23180787497
53090.9195462323
30543.018052594092
26923.33138110915
24244.419168676293
30218.279495227125
47611.602982440614
23501.227808397463
31740.643207674155
32452.24429861134
37695.862858249
33530.43665273335
31440.88493978473
29422.042952097127
18665.485957136414
36602.76442796857
36855.570620908264
41871.548548722705
41862.398323039844
32275.24151386058
35162.659340607854
37235.11003708767
38839.69308260558
36243.73869208663
32660.527266473167
36621.215206047644
32117.84592585326
20724.53847561274
39340.21529821097
896.4033205902957
29596.29277559488
26348.831297693956
13612.28851399439
26404.260315247106
20553.08828988085
34516.11003744039
31501.313145466265
25932.866214191225
30261.636894670646
28777.619609190882
32126.476154956734
36613.14149040489
21595.739721794296
33192.82779561719
42037.42469019124
24864.752278807824
14676.095880638564
18501.52479020007
21821.945507932458
17474.250157123195
18519.964867175855
37878.82378572109
23585.581567638845
28077.257000285583
41390.93642791613
33217.346481531305
40037.32022023113
27131.87128963498
35878.589189226914
4465.787005583284
13789.844148132384
38492.25323104082
2672.372413448304
36685.08854178336
35445.3011759101
29888.076909848427
28337.233529916786
41973.479007561364
27622.683555377796
16738.190469186884
22795.094674721957
31157.33459856294
29676.51067230271
23047.625247952918
22170.717923322492
48619.8419060405
27261.5275083986
22848.022007664116
28111.12357325922
31278.329793041066
38347.8619027206
28842.6859155295
8909.552885882178
1986.2247979374495
17614.16398780375
45863.415287743446
33676.42340242283
37009.05912716459
37396.73743287653
32238.09029630491
36886.042759882475
15227.070259646947
23008.287712172507
2668.1258366169986
10945.760657247009
6056.018899839491
13858.477637794633
7167.922957839101
10477.79423018695
23798.68802588316
28903.72610044552
15641.524157656839
24863.964539182114
31722.94161117749
47096.91556708262
31637.573453541016
30141.620750075064
14179.732309653264
11542.388049188536
17042.97632623851
52198.56506159675
24269.476048471606
39223.6142963322
31915.414685439537
19176.907633866507
31143.87556885804
6325.354859169566
12199.792544849684
11458.657468178704
6947.551644804554
3133.6443165549126
26174.22693538493
20738.195579663367
38845.05208896432
28661.48668391139
23177.194382844806
29587.40033599587
35798.53644220969
41317.859970272984
37502.02580135753
25669.774166144318
39675.18219555693
32933.46275507775
33063.78655270666
41720.81093694864
39709.764558584815
44866.81911884926
43635.84292825947
34984.85590138883
47792.62884899368
45115.567382315465
35250.52821155537
44474.4008538045
36976.789090201055
30456.189163620835
41990.94533029249
32548.677192433057
36838.57305952434
40947.459019264155
23430.01781487951
31841.94051854907
15289.959849751036
8832.495522115729
18767.215714491125
9828.05094291391
20841.909317254707
25680.635581112296
26786.63655884587
21305.611714619215
18357.8713976041
18180.652316300184
3438.019204372691
43400.48678468257
40507.041629230815
40956.81964074093
40291.71733171917
3342.938617768411
41586.13583103997
38589.08308362726
41104.15686870808
40466.929055433146
36546.69779893978
29084.488185444294
52622.591636087694
28982.43129757553
38574.324795351466
35868.59621951561
34379.58723790835
40356.71418372055
5442.986225441644
35523.48346789364
24162.62975662755
25825.507026402265
38707.91505689686
37759.54138280329
44586.954682410884
24422.2528186774
21486.969492385764
25136.986825374708
27490.062000341833
21997.07959685108
38310.0628375514
43062.66426151524
16339.916562920847
26581.81787682544
31599.741672152
13023.861417478149
27366.67603694422
29943.557563770988
24292.485253448493
53101.646289977696
22031.449609338484
26859.46610999514
28420.92173218186
46326.26416331663
22054.923877535788
29386.310404234293
28315.902636275772
35156.05543981556
35317.81135130848
28199.182031442528
23377.834968987303
31340.34635172689
52008.85689309916
26255.73456616488
36018.55517162043
13441.630850684687
28276.425512988924
9599.124221569968
24829.625988250293
13153.997386865056
24856.409203559477
26406.232779180475
26727.028990643215
26355.608086733388
3276.4799752366466
40124.775914377635
31482.512820114734
27779.284216488708
31903.96403477467
32024.103983668396
47711.16932005332
19077.875502133815
37266.55494721129
17879.548714128618
32331.107008090254
33908.63796808746
6049.388196885975
25173.180591284145
34347.45077032895
37704.829274201045
29539.498849661675
32862.0326358181
29259.045422587395
4071.5431770334876
48621.49583269553
26664.969781955533
25566.464849705884
31445.06612962438
33445.47371333076
46119.77309732917
36586.10263689593
23685.239646698028
40369.8437138629
31144.00521170814
24918.526751708396
29708.438877002434
34186.24418953138
37610.392581371154
21374.89234753449
40639.082641669476
27377.747783638137
31857.431091650993
36438.86210585642
29126.59929971625
26743.701902549456
28869.341603915163
33814.17447838932
32197.58893351127
20436.649553840984
35236.576377839534
16854.583389197865
36526.91230554124
34062.24897967675
27630.410298204348
32976.23406660108
34368.194397277664
36234.41515159147
35054.21062144343
36986.13888857625
30284.151651242504
896.4033205902957
14697.196336500236
28924.794817665523
39193.71958001034
22520.360135429917
34481.50442418717
23461.79966479987
37799.25025411646
21996.13073103632
26530.076882912228
28299.95132237448
43656.367399991
22381.19948423712
34575.35388249099
42086.52530374326
39804.74849441147
13740.36318440303
34571.08792929409
37950.815295819
34265.86497289913
38179.87927639548
30087.840133147525
22861.246684619186
31648.68739202733
30958.775212365945
13895.865616108187
46013.338580322394
30121.209354448438
45647.4652379174
33125.704224527195
30065.521739666117
36924.78722652673
36527.66779669999
44027.10033728608
36704.755806701396
21697.730040550665
26770.995613266186
47564.56696645249
23862.233806972876
36673.62156220738
40919.28130188738
44421.67385731621
26923.527539357372
36424.41878187745
30959.800581170977
32277.94795750996
46009.37655436861
45368.004812179366
28331.20109270036
21845.063566556622
40557.189324771636
42430.585594760116
28760.490945999096
38722.228068553944
38097.23934320676
44577.98621293127
40724.82650848224
11670.210643310578
21350.574848252567
7304.950235962079
32264.88787221621
1536.0768940995506
20496.852066869058
28554.336271303233
52317.6268651705
49388.55659985982
52317.14976105207
26404.846867867614
39464.60723448332
40033.53588351838
37152.914752143
31350.12098247366
25720.957913684422
40964.722290488025
38574.74051242497
4615.408428346589
2063.121746193102
33138.73867120375
37400.97935627712
33616.660854824055
41648.53518008525
3606.9562113224056
37585.272216542624
38170.39717871173
32414.394317343515
43193.55181612522
39595.899198559644
36562.10555542128
3629.99395300387
40522.31601258106
44432.26715011331
38447.676510016485
38883.109343576616
34308.14491231964
5582.9433471477705
28989.68108496804
39290.336633090024
32235.040226883702
37600.45876320277
42186.30636667095
46579.06863321363
43561.10250962879
35179.26427252869
37677.742815768055
37756.85290411177
28168.165448773736
33916.942890708284
10028.53220260234
43151.68881699278
38182.62652084239
41199.76759392571
43892.8227759345
39808.00468264492
42891.55494887976
45133.98853310418
41929.00773912586
574.0068440419664
20158.112138068172
4172.556033490628
36375.639539686825
16999.070750277788
38105.42507142878
33169.79612042761
32602.37144667837
18019.41860675694
35017.7806727095
22543.054580805645
30836.79604183121
35471.72097082212
31636.55112711255
7832.6868714445145
2188.852048306711
29156.369381642606
31777.937597166074
44973.21751239183
34378.64658385576
47965.619714354805
31585.201606215585
40647.72567609822
32947.9688380992
46390.11964965431
38852.8343266132
29838.360542101098
36544.18464328991
21604.471486932773
53421.56527078023
28185.588567384264
37081.86404065752
29325.127477937796
46817.06149193201
24970.29802343636
29207.435471967397
34386.47106710272
34783.64490945623
574.0068440419664
14140.077589445726
15064.244942578676
21750.206921202294
35095.24218248871
2176.9692027490537
15239.000558297987
30826.697040243413
2404.82529172435
12675.70287337662
26937.285794316256
17337.904289858172
34897.25810363984
34018.28381286296
27392.81271681107
20618.446050995368
14783.03277625996
19572.265482467992
28319.161020067477
33115.028905564235
20266.511825109814
21292.787343347045
24563.068033816588
27065.777317307693
17494.149426197444
20311.79076618633
20125.80441160932
18041.682162911515
20330.224247985385
24373.09762426812
33331.74380168821
23982.34851858575
30787.070412902438
12213.774194935419
22369.279943469694
29589.235350040537
32690.37161073477
26030.024946069254
32947.069445799854
19784.998244828774
33567.29649073405
26537.147776970538
36634.676247199044
18634.592071761355
35276.74872250865
30464.206425129345
24134.23217780625
27064.176166443714
23672.54264308878
48626.33766163505
22560.016066076205
30605.359140531196
29296.509371941567
31145.202622887475
17654.588094914845
31830.154837797272
38451.972562000374
25441.774012461814
25650.004975744312
33482.55679823279
29223.663251016613
26306.925092049572
23500.793055074853
27958.533597620233
21643.17918557219
30935.381210494364
53875.4473760828
22510.255710671052
15965.028236313277
27863.73392566649
35817.45729073456
26202.457969755633
36366.609855365365
38893.79691800148
34186.140368227316
47564.39373594473
17604.459035552616
26044.502043552766
19073.0649676875
44525.82416637402
26784.40712814949
28086.377974434305
27572.413785530618
31578.294228892886
11063.91194239787
33662.27053909583
13612.123127367895
24736.422958231757
24735.53273500368
25892.659798351815
29640.50534519134
53547.445681476886
35644.811173593545
40449.338007557635
29152.288073148862
25870.40115928677
28089.71751468578
30962.664958387028
40860.51844364321
42740.156233375325
41421.266867788196
30018.319500388796
40508.61706081171
41485.83961488593
28076.741980568648
44419.10807376295
37967.7983096817
35592.0916080789
4465.822514726734
38565.273661452375
41421.41480374191
31538.132495918588
31080.42561021074
40423.95932987658
26448.47602010058
35973.97358080721
27273.44781982527
36279.62652109675
32211.775203954785
31426.202026449042
22802.127886489678
37149.55632805761
20205.67479965242
37528.82560155797
16969.343381753653
41032.52799507042
5818.290070984975
34659.518229484886
30450.5648137697
46298.24129019076
37231.45763414586
39522.061936985454
42903.21740225115
34042.39148198302
43017.757884599596
42479.01246500898
40324.5655907244
28077.56939582479
41178.2169135555
29446.894177859976
34626.668558760415
34764.23787787041
38662.99774029173
34090.50737156917
32458.00039688673
44910.91683281518
40861.430024384
36172.029243146644
37972.73268018456
35947.19767556746
39580.672577039186
42540.544394261866
34488.75547406231
36866.51779039279
33177.423837555856
17604.330698006594
30445.645697951222
21181.881306021456
27954.66441983619
25023.638681055138
36121.67382433178
34273.96358617282
5911.8944061925695
16074.485566054083
24429.34888142968
32248.52954381815
44337.48645835414
55472.778948287865
41971.06556775832
13969.686877206826
22864.741502596047
36126.19958716341
32004.869201435336
36133.430764953766
48022.491695880584
53435.40872017878
39339.13457697522
53421.39836484725
53093.09670760933
27028.759939800988
37241.48012940082
21569.37398287173
32643.943193554915
42188.038520000904
31690.52372553535
48367.75953084993
32577.736252232917
52835.80591529459
48621.14141528119
40475.84333302381
39340.53255491552
39300.0029880263
30593.165729887998
53089.03395289242
52828.23594247717
30320.98884233781
37502.17420549638
45200.2257975574
40367.97891830661
47510.66385192636
33801.64875316349
29535.396316386235
18390.891851141034
26482.768605975056
29587.33234282523
38584.56711313852
32240.433972924377
40296.78851521761
33200.69671689129
41481.399625500686
43576.64836890682
40111.18557108999
40715.218715573414
46127.351788533626
31895.598797587416
20866.70305944827
5056.194971432564
8159.021706159934
2052.203592767729
11552.375128301757
10350.899020043653
26287.94276277868
15142.093560370702
7543.830829861447
12987.914531980547
10819.654670799557
16756.370208144028
5770.390200309336
12174.612920095875
25564.963770386228
24980.52903047467
574.0068440419664
13219.721419411238
2052.203592767729
3099.517328579616
1886.924970922768
12949.86495132451
5404.696580069662
22855.676219610476
30724.21111243514
13929.763116785698
15693.370417277229
11198.34236809392
17422.498950351433
18644.41788616563
7664.79425985319
8807.747109532993
27397.916329616768
46021.089822462505
12823.618809951262
40808.66857643243
36313.20194406381
38123.61933644249
3132.851921340656
36037.94977601826
34647.04892237284
35733.20277396057
34563.77241296479
38056.95286776906
3908.4158943637967
1899.0277122696987
43459.64391936343
30872.746604642118
32175.46023330997
4602.4446350803
36800.64683627936
28119.75411130125
38752.49494371785
18608.52976420647
24187.668986491764
28843.096744652765
8909.567875008006
1986.2247979374495
25234.946391682362
896.4033205902957
24721.060190924534
28360.947806998163
3070.386153686424
30958.763991934647
38832.55633067457
14915.796334377215
21988.53398360894
23140.74567437839
23577.59456210128
26780.086986878894
23914.691201089787
23668.335789561508
25945.5620444262
21318.09577937694
21242.209746583932
15596.841458578521
22997.43964587447
29938.578663188855
35871.889260848206
22436.948769120187
25214.967427550626
16349.899258988231
20303.97234421753
24596.756312624988
20726.429112459205
38200.50686143342
38185.78397897901
36441.251813516596
29867.166579064713
27759.37513056651
18593.823034645466
20559.439195278817
29035.948657103632
19420.570484931635
5759.501718873462
16821.39677621598
49393.029432402946
17392.079131291175
38147.196314192624
26301.178626418376
29262.08705009738
30400.984706990745
38351.29077322118
21544.18430087168
22709.970357600494
37234.16724752465
44522.29197859983
30729.32568320007
20244.002995797426
20005.29155160375
25026.185144054387
11331.66439853079
12948.63805211519
40216.520559392484
20742.350610418573
26060.483845572344
25109.727239656364
37086.7033400042
5749.945418246144
7489.83612384521
40701.72345032465
38038.75247441795
37687.064429584345
36394.52811504904
29636.807712770616
29342.773500614396
29269.543723138097
574.0068440419664
12684.636712108171
34088.28375126711
23550.126688434055
34829.22078946207
41397.6586390378
30829.63470807744
26790.802788728462
27336.554215695633
21400.779024611107
30816.21155584728
37074.33954426702
26017.625087096414
17407.51188975853
38776.090518636
19672.334836238646
21665.991875057018
10750.835754942795
34653.87017235312
2052.242859074456
46021.59305523365
2496.3492739519716
34684.44398701175
35125.50963818257
40870.64402019287
29845.65725575105
44169.54991525107
30586.650152698858
39339.77978650294
17772.13490495249
20163.64461937763
4752.145579859563
31177.436822185857
41324.432326294474
45693.79532400192
45656.729525061244
36479.7067728172
8851.836921277252
45955.80562340135
44521.97555203288
39900.50426066323
37729.61139473695
35272.80682010269
36133.35404856804
18161.283813762777
37064.915676150675
48418.614983753454
18662.710521147575
31745.29029824781
41509.33572430152
17863.086134905192
30513.525147883232
26500.33981453531
22845.18573442182
33351.56118512442
20200.464961965514
15486.006079061428
14132.618848627491
15632.544315302732
22382.506040656546
15938.058112916991
20560.845698688976
22310.80014801123
16675.9087391287
40428.463677093234
22633.09565656144
29646.24373587545
20876.010002868366
27821.24462002645
18610.949323142097
35057.3818596645
35865.33392372084
28597.166931572152
896.4033205902957
30887.018912860323
3260.5783575056366
21071.078283375096
21999.775033324866
4318.132847309981
16599.823320112828
28720.754559863795
22440.14917711295
31819.878368652564
39043.70236408996
34880.40213100293
31177.494013642056
41478.1783410814
24068.89713476857
31320.136316653432
574.0068440419664
17419.98576931662
16797.02761984128
30261.61287898765
22583.309476584232
29066.791152023234
37060.851142833286
35915.0676418137
48833.65428155754
11484.157503938444
34709.11405252431
41725.57107070224
41688.64773115182
34473.606923155276
40482.39933341021
42435.85429299599
39983.96237381029
46201.39052931762
33750.13982405204
35229.98619192333
37166.050705139256
35029.506583936614
32664.781396482984
37808.150725220876
38033.373447625745
25589.117165869706
5321.901040296372
29710.812189337135
38645.20422706963
39321.74405258065
40323.73746659591
4828.463330687539
40351.36854198691
42430.50274978416
31202.714333380918
42262.647449654665
574.0068440419664
12864.589368491716
1970.8732274532574
37046.73572837365
39711.3866801495
37136.80229183619
38525.3793293225
33743.18454792323
36256.98937184602
44330.095290551115
39214.9256462358
10971.643072882936
40474.17184989626
7816.45681916939
36445.476600768314
40405.81800210388
33679.31998541449
32232.222369470655
31730.32339222628
38867.93899824687
32281.927342733597
22307.970375898956
26918.690018182326
36322.21412412962
42808.95153401286
26288.409954062092
26729.918150862344
33465.74113772225
43331.71332526872
18258.980596705936
36529.52777342583
34096.177649811245
20118.185755730603
34085.00163239508
27913.44280415325
8909.552886865595
1986.2247979374495
22206.28402095803
12026.702766127999
27348.06379037994
28338.438783624097
23483.171180979327
37677.983271792815
3683.727553251873
41287.14402380477
30409.344002546255
39937.249870704145
28738.733802541603
31443.24375951221
30821.345718314697
29123.449359634393
35450.7839901725
33980.39473512861
41935.75390966275
35523.0398466879
38365.68618371838
44481.688283495474
25653.902339871187
31053.162304819856
37831.13778407007
33802.78905070357
19292.496478532903
17629.61993403499
43303.621510424455
29504.461887362904
44031.60794830751
46189.05894148352
19501.61017602094
22446.113793857145
37988.82249812756
31595.394485547662
5654.225179479758
35870.32899676489
35776.116925882205
32144.136279960065
26204.707960237727
39137.02424690283
24816.28789924442
25723.00762047711
29186.477677803163
29879.25171396492
17239.833438661182
29400.71949880538
16922.026087916547
27819.59990027281
38443.99505982351
34054.73932217481
18892.421653230434
24533.737010962544
22912.18876511448
23312.10560258803
32593.57706493813
30728.153785016675
20699.410687181135
5362.555192713515
46501.895593281115
35297.345143069215
37348.25046710201
28546.462264421123
30449.674196587795
6246.798527119063
6898.7616617909425
18519.907449001665
17990.434063515117
2765.6841132828836
36124.22457347953
8851.643351402789
40868.83318452693
22340.082893549057
41572.003452645615
33924.1489953759
36672.69207004588
40425.59019654453
10479.636272145026
28050.706037588374
21678.00469127547
24972.53589229724
14646.022797551455
34042.23772315737
44392.57517850728
41525.91444232083
40728.267124478676
45812.27124083251
41796.98968348105
35114.39806666761
22494.93564317591
14327.018149328973
17625.282302578657
24719.572694448067
37390.13265263632
28645.806344046287
43406.605048302394
23810.591542215938
27257.891468029426
22228.09181401322
27043.31885238607
22485.029702580658
36286.34330609983
37275.70476629245
44176.40431407182
41347.747384857255
35861.31435716484
24334.351510252945
35393.32172609325
37550.44678133285
41169.43408405219
41123.2684292718
37745.69877657702
44792.79045036683
43030.12396409634
28057.964065798387
38939.108999474614
9432.077256372495
37687.360415737545
43063.667977116376
40995.988482338034
36329.34322104313
32586.05574375221
43493.717348309234
47178.53662181535
41771.310262896186
35037.861305267856
46343.49715339241
44931.506887353615
40113.443291083175
8125.98820532865
36658.44380037903
34281.36371760298
35650.72647995237
33435.14815923302
37792.590106112664
41960.559964071566
36876.74923188059
53871.52038666062
35895.9786259106
38201.64539999013
38066.13941221128
41443.89471751927
37416.994840463056
31719.999873922392
42425.14424753829
34399.10981979589
33907.38226939921
44102.35370226264
39314.74544196888
40805.60758268809
41208.98129177327
39107.07392426871
20178.584021014434
38451.80669058222
39614.926811173245
53874.46523589721
41988.35381837636
32432.5958471381
48643.21442832876
44738.171189313136
39414.258888411554
19497.739770870416
34669.73926284541
40076.80827902603
41380.157654262905
53422.065955207225
44391.21233191847
28579.715579506665
44078.038577350875
30322.314996461406
31079.673579742488
24364.204981632447
22165.38129867762
53087.87305662178
20615.832677004662
40311.565827922306
29626.48432935278
31278.462289507395
22333.592491275293
27309.932233611922
2734.204946082396
36369.82602661754
40303.61722736377
40417.739278833025
36988.714725758444
33921.325051145854
25834.85627381681
37934.003029186475
23133.186132226612
27413.224106949292
18927.934631267377
30602.456279225888
34468.90655683079
20923.511279408613
34676.849962869994
31730.691530238033
31294.232066720666
42150.200862742466
34131.21646350112
44790.16768351147
23965.67928905511
39486.4311918778
42741.9072741033
36884.065516811694
27552.716495190787
17301.669760402394
40927.09275353709
35102.0329392232
34723.46146482667
39752.38991194345
24453.205498074552
36889.72351795707
27086.72067538608
28311.563759226727
30733.67890854136
30366.868759966193
28546.227137060036
34263.7029261382
34773.352576691475
6263.688948750384
33493.42268039636
2090.4643280798373
9960.088895804089
29874.25656206806
26225.354335241904
37367.30627760089
47079.71728092089
21197.65188171113
29446.922512069737
28947.812615022736
48018.443087290114
29347.1060238351
49281.39856851177
32283.03155359453
35329.44309002464
42986.6154942281
34611.574508212296
25811.51411208152
24699.44880065097
10081.313833672497
21107.55970246994
20097.063434182244
33823.385043436654
49853.779661284054
4224.198367140987
32140.19669933295
16651.625538853645
44460.405691170185
28619.620765695767
38490.671904203235
36700.29978241162
40818.415704569605
31337.953358167448
42903.52208970269
28318.375725695278
11586.306053058219
37131.106754456865
6449.589589288562
41404.333659480835
39546.82700597079
38785.40294828212
45883.711396598796
47961.65719343969
36670.7136721516
8909.552886865595
1986.2247979374495
22930.029264128283
26969.622840187894
6769.717149910941
14827.942092075267
31972.199396372704
17333.645314725654
16789.376300159478
2507.3981558569612
43929.92207970633
21882.963552629073
45223.53292506336
31797.314390729123
34561.45864392723
11520.22430098174
16969.70748368377
31483.076437505446
38062.73282933365
39587.01454689777
40128.37831193505
46125.66366332
41503.97256412563
44307.24286106224
29180.966979789413
21598.030201074056
34822.01613302088
24513.940838996044
33781.110102032726
31310.26673128248
32409.977629828776
32867.61689422042
22697.959685893544
28637.548119030467
35275.554865647005
17971.39441471751
25592.136138470418
20010.56441303332
30217.165139874243
38125.591107953835
30305.80182510096
17891.11790078129
10140.455129961538
6482.672771712678
41940.85143627155
41306.4561310014
38104.172673390574
40217.04680108629
6224.816484777654
14238.886670629614
26715.48324694514
26835.067508631742
18379.56947627313
11856.386977494702
6467.616032211578
48447.542510059844
49248.807902132416
49219.395001451216
39081.197260863
29776.23554945801
2507.3981558569612
574.0068440419664
52828.10757131947
43929.77426931082
13478.570276560395
23204.028945195776
33865.99949897106
27619.667830272025
39475.36173519203
34811.36499494048
28131.66557442232
30549.831882122533
37317.06181449589
37070.06860111088
31808.54610954654
33406.54787883884
36286.286752339794
24430.634173869672
38982.085396449096
28950.43923190683
26082.420938899373
20242.15373321862
39858.529015667555
34735.855684678405
28202.816163261934
42594.34967775697
38896.250477358815
36787.538380253456
44617.464715499766
26934.87928154408
22870.085749698817
30597.750970212124
42630.1376786255
22015.05849292768
43946.7150512032
41772.88071099533
32237.961728686372
35156.27869932589
9153.315337461823
9495.77486169488
10929.569219455461
13208.617277373598
33043.31551751663
9495.77486169488
10929.282482472268
15337.274042260062
15337.341129898665
15337.47530165459
13208.328417313947
11368.754339144562
9495.77486169488
15337.47530165459
15062.712241216777
16402.453553116895
17759.45575162879
5202.680328043429
33637.04254397328
28381.618149834416
22747.53542269927
10171.353417665623
30057.14775279539
39713.467252369366
49481.39891493046
41961.6664601998
44695.13505216831
45160.17503448606
36081.2504922889
42779.55564804828
37464.800633199906
33158.71134143024
41693.68199054946
37483.953306031006
41812.67321345423
40694.32408031516
1432.0550410580468
36777.98385958526
36836.28171832179
28762.76803012741
35299.396226834644
19442.89707068123
34405.15297474754
25775.327851837792
32303.652090029373
43034.16533229714
32978.58003518899
31596.32744527511
32465.93938847368
35779.02035348005
32215.389739534374
52203.47909816363
35662.715898649214
39906.388533429075
37655.24530346344
34827.424497324464
39006.57256687951
37980.79545946881
22644.677817524072
32323.367675369413
35822.47223297245
38626.61701465237
21635.836188930683
42179.211763260835
23503.71096828667
16581.744110523137
37499.49077846208
3881.7773368489484
34868.701222840114
48409.21594338282
41919.10123076175
37078.15043383879
896.4033205902957
25605.2601533472
10233.689138882493
35735.418907883744
41779.155196699
29875.503112672963
27808.052610733306
26855.458154439963
41656.80288708143
27997.426650620917
33844.37914743846
46409.921302011135
35291.46693053669
20180.62200520609
34450.850704175115
43561.385907047275
53444.56731786237
1970.8732274532574
32406.267694331502
37372.881282692586
44693.50138453348
30581.899654020614
41128.91869563026
36380.26065581246
47459.00211974184
896.4033205902957
17134.18353422867
20285.344931575648
11111.759803623001
1986.2247979374495
22577.09840263721
2455.669974481615
39239.5919394623
38420.64280372001
32580.560285417432
34240.06170855028
25272.551541832217
28179.384003755484
38848.68694463728
41269.50000659776
32643.71703228015
33871.904830196174
23830.629192984325
40776.182183150115
43893.73405024382
38421.18565592225
24523.172741831993
34458.42943756223
32735.32197424642
26754.393995892122
42536.87627625534
42603.24905616145
18649.97645909181
25348.025550748003
43806.23614768641
2878.809240715903
43594.41215881838
44949.19045502967
39298.958931461726
39853.75516508808
33778.26608452457
36656.01765081323
35888.91633951373
28992.940964517424
46389.37733898258
49129.81313137896
43375.958315375065
47348.70740637463
41403.92489637346
47454.21997732135
21442.5041494443
35924.18705942126
28276.510933094367
32563.46820511633
33603.15790682426
32311.47756748149
38615.10270851953
22177.456138667905
25062.16097148428
36532.130088240374
19168.95892475773
24999.82141134331
29658.267287614028
32195.04555914322
27639.70408774968
25670.492784133337
15607.830106955862
20377.25571671367
52460.14395241158
32002.17829114327
24559.530061419686
24441.629379265847
12262.72861872139
38330.225259842715
896.4033205902957
28560.400866332107
1317.2487195870874
18942.517147865507
52097.8667600227
22445.924969964508
26641.797272794603
38591.346758903004
30375.82145262595
39623.4812353557
22330.39560225745
19768.80727425089
26700.106338608606
30323.692857584578
32100.31881725534
17597.95427535162
34927.46927220294
27397.81594573997
40561.225800745015
30071.135043082835
23361.08104831238
18130.58757655622
37293.47659471389
38549.244597326615
30891.498224351373
26762.095173271242
37179.53057318903
28178.055933709264
35305.87636337681
47860.950461333305
32756.537882909142
8851.836921277252
44180.86322609919
32677.53037564634
25614.724760994275
38501.342237457844
32210.188459039877
29403.200925365167
33447.970611118566
3276.4799752366466
29571.319430922173
42104.95477929721
36303.21506245346
40334.58697737901
52212.68212736835
28339.824544946896
26581.471293521725
26380.137550077357
27350.791980390008
14508.432727927875
26801.444709152
27698.076803168122
30229.979832165678
33599.99037131882
17287.2646397924
35940.68839976385
40019.4627687157
23044.70361226015
35033.86248208687
41808.956349956476
26849.92943672086
16217.517378943337
21432.056170355234
23387.70902175987
14764.435630846416
33645.57742719825
43179.053589033145
31315.580894559193
37419.30433114407
38685.79774525021
48014.39369886437
41672.78471784665
35543.32597269891
39241.86447211396
40235.524338626754
40238.91358643802
54521.1740539487
40790.9619507042
41808.480142057975
44061.89912001204
47040.07062943375
22595.03992606423
42093.09042230918
38600.727713683336
37845.31920308787
27270.275595282183
22591.176761230134
36502.737262686824
28762.13661835046
55476.11512726571
44196.73521189907
53874.465154330464
34644.92466431371
37940.42065662802
32886.88320717677
48014.2437785024
38838.6739088398
53870.93133653423
40615.99887273401
34688.125471639796
55502.478909085476
23655.095633613924
47570.98156448965
29738.045261296604
38371.070401306
54506.87800964753
53871.71675101692
25620.771520841397
55475.20534287572
53442.73831734061
31320.043020995483
12062.471894316204
39333.725140246075
35387.17422375887
39556.31833014849
47474.81299958814
44574.27725854147
42597.666124619085
49623.632412510415
46048.10212167802
40780.55580773877
15337.408216363463
42812.48024382473
44727.28689133905
44607.761186927484
43225.336435338155
42654.02961073001
30148.280646242372
31901.6469696538
35256.447862271554
39659.32504898138
32855.98703885183
39379.063881481314
29048.5040465713
11520.04434184803
4973.94100011049
29174.271378727844
15337.676550485883
17294.214747044167
13208.328417313947
25400.218208092974
42261.07769030131
40837.27471170309
43457.511428520185
54505.685995396336
55663.78181620544
48012.893715925435
47564.3937435269
53087.437701286326
24324.699451484772
34139.77000852352
11662.692672225743
26035.97978215943
48412.72391150263
53421.56525617931
37754.441351017194
38058.83467418545
53086.71206515576
53086.857192857904
45863.791436523
trigram, add-0.9 smoothing, average word perplexity: 30290.442094449598