33143.96605262167
13828.799362576132
32962.86841879748
19865.89121655527
30427.550286542857
1272.5654511400548
37479.12386111321
11996.090534695582
22389.825200119132
22781.732515239975
20661.538362396557
20017.821278634947
30632.153860319846
18215.552929193207
18385.41642364903
34717.97785170791
19453.22743675345
26676.398245772605
18462.49855715767
37081.858447038474
20820.801568422587
24348.034937262484
16255.389129072973
15575.727677968942
12145.416040736507
22375.986686799584
5034.613491186009
4831.651857738511
7379.688410094147
28384.083470467056
23566.387663279755
14256.46373144137
12829.640880437824
20828.768392276394
16541.489307648928
16666.75471289362
20826.45162329119
14468.504452052388
31912.66487516607
12073.320540665221
28155.88978955907
17497.280405853657
9794.529383632704
9293.57189872173
25761.2493976672
15192.427873068751
6844.943518920251
19353.94660096317
16100.408544612883
14576.032246553925
6046.557553662643
19494.052400207664
18072.995108341314
15821.53738695516
9854.78249685551
21274.091478976214
33317.32140591988
19237.786802575152
36788.18831674862
33182.188581868555
17016.774777944993
43846.47048239516
5902.720865097699
24904.389956029576
20826.675131201126
11073.190571338437
23611.8478040609
26620.775041767432
20475.475995050958
20609.038297252417
25242.45559648991
18672.892889561375
24526.928855032238
14099.28540870274
9341.708413747509
23752.471812665564
17954.005789375035
24475.35999168793
30776.276858570407
17300.262356101506
19399.703470930577
28226.040137579042
31495.992842043233
30617.36180347031
25413.88700509998
39805.739962617205
30411.395481937052
38215.53037300967
29355.440080663007
19105.807046303576
35091.54497550249
26983.851427605445
23033.182724488634
19001.483466038448
20764.364384228244
20381.385302131588
27041.437544696528
25774.773966361845
18094.337282629367
11470.924255736008
23694.789847256125
2866.416421536374
1590.7685677965603
17583.340347936417
15592.316275058156
34571.350102341356
31390.358787789268
35546.80262735302
30855.077581793274
40963.82369913454
30521.72859580835
29717.465344874792
24792.743231057277
36702.04121056839
38741.15032681978
55514.694806188585
163.82818356333075
13463.612120988675
21306.278257657465
25649.4750670378
42405.03972040433
32455.973131037437
25455.5781109878
17303.42056760871
36822.11049163807
22048.064862379837
26106.907425203495
36099.52220358958
7398.0429829435
29778.945363209627
24444.437914460075
29371.29381636296
34273.04276560967
38285.36323580541
34244.63388730767
33707.67770333351
21942.43578865385
32590.535734455163
21154.946406138584
7996.886384416833
15065.883791575838
12161.17568627227
12070.945211938482
26882.095133222116
34342.08501363655
39195.798181986655
28407.70356673855
33491.54653247746
30049.27408603747
12297.190162720513
13194.35390637017
38287.41564672291
41132.58718418268
32211.37487872201
32015.351019596405
35626.09682804864
31456.995141300617
30396.97889623699
27037.4315447368
38437.60177208497
24200.393538278036
37118.26930811425
57177.93912131222
37818.59431962757
56651.117330904985
41054.95607623413
37180.13602463778
32223.497977448227
33939.32100827998
39662.41556200596
7549.734552724494
11163.593220845993
27631.18292666449
40195.823096411674
41194.28819910719
58061.872007265476
45019.8948226402
55961.61295455865
25356.566678407788
29422.285836483923
27602.767654467316
34752.15449404392
36205.652751688984
43026.73908233083
35640.961464297754
38545.13474796138
36704.288251665996
36819.66555499206
41210.25311063847
30992.22986304752
35090.397520073566
18605.08369277102
38189.38899077155
59146.267478661364
66283.0403157912
25624.783236203097
18834.342364805445
17639.846995788925
6139.049562343793
40741.103309713646
39033.612645802095
30513.999476833167
32432.156800941768
38279.63258707295
49789.44907832468
33225.5170295661
32050.69070334078
31152.62095017828
21189.08169064538
38544.34400866504
25810.999955672436
35650.80375709445
24448.9268224698
14515.117201865609
7741.297780799687
2674.2002786349476
3673.4564291561846
10325.61366231458
2039.5860455147645
9334.736033345922
2922.1744488682357
58030.53507152011
42284.63210425609
22488.97127377587
36052.66403277734
60659.39372819911
19169.046057761287
11679.687724211108
16940.79904330252
24579.99017078197
372.8175440099607
14431.392278087116
25536.36286082053
18656.593878132328
17117.363105446835
21456.971387895523
24053.08200991314
21977.48066044854
12954.824048450411
25306.820005563786
19120.397130008463
55092.82268661873
813.8771452077291
21821.63422317069
25116.243626797674
27851.03032777639
32191.233526164637
27812.546927753207
13337.703678258351
11861.444838026979
26616.225617283028
25711.274472165038
9875.093080493707
27359.66193759169
25827.090054004668
9273.695184079223
21112.466139978224
11577.772845616417
4962.658042933518
6255.939180644138
4900.033909529819
25178.598504060414
8475.619499631695
25063.751167733015
12415.173342846565
44998.60691445459
5735.061495798364
28527.824728208245
32466.29001020989
34410.41030678093
30608.14156513023
9945.506489678519
28144.70544111489
20774.015184962765
230.43613967230814
13856.816444392514
12861.90188456717
8345.83035633833
17687.32772818268
11782.12975484564
5487.677407134031
17619.698930311086
26410.20077094059
9429.057885471806
28383.035996692277
15729.804272985853
19010.74561796318
13565.132718228786
23795.967609749634
55963.61520196535
26778.94683846416
43062.068351035035
22454.680760038496
26820.88433225845
13296.387697458993
257.0732923229914
9812.538438308069
18838.99814257788
22472.823942500938
25585.369830442276
28341.468033758407
27010.721767881292
32090.426212693208
47236.69012297444
20737.161808106666
27775.035363159666
32821.57508569909
932.7899864953563
25884.116632039622
17913.31384450774
31289.445370530546
26463.8906157412
34438.74794759497
11131.22948216314
14504.190670132035
31897.388075305484
22779.635050026107
37134.21038923349
26456.843525116197
26989.054733598085
30261.77881974495
34230.726633386024
18997.083117311042
23771.72335919409
31096.66233150891
26031.11417609949
23308.81365469951
28147.052086653443
25422.69094738141
30989.626580149576
32976.38912400179
40737.70208243066
47475.30531477127
26613.763353690792
22644.88935527127
17200.99679326331
16821.736878934484
23971.54535237208
25561.48630117835
16070.359881348502
25613.53498553122
3604.4720012389917
28206.603001345826
19101.80491486548
35499.003275393436
47295.05293350674
39049.54045039786
35080.668004317115
33315.83837921415
31746.501680371337
33841.93723315232
35440.14194597389
28201.306265929794
29465.15356692654
35759.193981265154
32588.616931782974
35010.7091359127
25586.62797666479
28001.79266574496
39417.00283919443
28657.215293705398
32347.83268529288
29321.652047719
20670.776399097296
8102.737214305085
23671.1479626575
27296.642715857754
19333.089426365885
36941.95230435916
22521.920798670308
29072.95046563457
20301.99443746236
22496.313126434095
28809.738546074102
47191.83380492926
41661.804883197095
23376.534999855125
17565.072652786836
23947.290476269638
31586.110678584482
22981.65095734975
15084.255794543666
23042.861786021545
8910.757007574088
38871.64608270853
41997.709291273175
28743.78241231212
26064.571771782274
19511.872227034746
21419.06804976797
25147.612123000414
31591.337815346476
24653.898290668603
31104.921032630347
36723.702778373256
22981.092037881837
23235.9026072405
32452.28397323117
30351.21666227295
27129.13080213979
15962.0210466949
25435.16233346341
35147.57014966003
29726.85379718953
30910.921858887
27341.633037332515
43630.32020744611
55984.597924974536
2565.2757231984156
13759.406106112352
44223.478125433474
44390.12629427336
25133.952424354055
31110.250934371154
4555.9611838200435
33151.43866108674
39349.68319960836
43361.85942612413
35668.15028591235
32806.96201136748
30897.00409789439
43889.904002422954
18400.7456203175
32405.476162601968
26735.94273226464
23451.418267441706
38237.4349261065
24317.401191548925
32626.375226711425
22821.088308249633
8692.600549560326
13218.664019048338
20887.596471548426
4126.003954509869
59162.047715965884
8222.564858014948
257.0732923229914
29467.323490769646
1924.0978302028825
16178.023393047171
20620.182912905515
23944.32782364834
15014.460446211238
26101.436767310806
24792.99194633714
24328.54219350615
19381.614565619773
33077.820530739016
32457.688515034624
42508.083129885825
21439.780965873084
27957.988765410024
21695.57570964246
37851.926919448466
18886.354557495695
8630.624113199778
14338.237224586013
31085.63014652309
11337.37814676971
9051.504160728906
11091.276864242293
34717.12363172634
41886.44288219911
13296.984421513065
18810.8389350869
11723.348244251334
17146.41610000519
28016.206073389967
18669.9387664953
39206.58286291641
39696.09182933397
6398.7566244497075
11463.377655864544
20154.185149946334
9120.945611546083
14051.58470997663
3711.8791971387127
543.2634192651911
10606.832254449171
16699.28924195474
6256.651109381596
36649.536853135236
40596.403609385896
14222.359397792094
34147.96314951993
12451.828484475998
27183.161430569235
21809.318989531494
3507.4826010317543
25270.920471436108
19880.91153463869
41520.89335182687
30206.624479172984
27505.69003614968
41455.52608363425
38507.35482647853
31053.483344837932
15235.36098284278
31195.987658313014
27832.377333807937
34574.707883184274
31911.23525226447
27952.461099444932
9952.473143725598
39287.94214726016
43487.042091054005
17010.221458475466
23011.30246635092
20554.97368232267
1496.7336507323282
17890.318199915757
40905.26465951351
27517.788186667418
464.7782679527787
13264.49016871088
21182.664074072734
23513.53663892951
26660.535741966974
28791.816020561106
25137.30123121734
27100.365183483715
36697.80882482812
23159.901126894492
40480.931703063354
37731.27187951409
25572.887614858388
9418.942291721733
16390.54876319346
32123.806067863174
35583.94693558902
35653.4331975874
25799.785016502603
23327.749119168573
30106.470223392575
29741.275167609732
29823.36023001729
25533.099882466642
24422.892380400637
5564.550230709664
18459.07852776835
40399.416737977706
22296.739148357174
31231.817063074384
12930.007835953284
4303.365740909773
28919.878170166518
728.2554414699479
20264.18703764543
11334.785592961176
28074.427623708216
17551.368230476524
29269.70630979172
14877.378433610056
27483.334582318064
22176.255608482898
28654.00623948507
30381.54959878148
29955.692213093556
36720.164973849525
57189.81519969661
16208.759239373976
27798.483792971656
24105.02357851674
24356.135834521807
17295.15061994998
26369.230713346707
30202.24323688201
17735.09728142031
31244.995299664326
23002.08805059786
1951.4984904896805
24236.876056877958
23061.101106029826
22390.166280873083
30179.987011680743
15122.384471583044
32812.689957605224
24003.406030385166
18984.339716898136
17374.289773810986
9233.988375983865
17705.292912753845
23857.400681736748
10762.53064056671
21900.067406097864
19816.576250526785
21367.75874530779
18710.648300623194
12921.030600664102
21203.741185868636
785.5386399901051
24677.462855766047
10047.144991622741
17075.69032305225
30525.30854020158
25112.047247169416
39286.692725540066
41492.14761927326
24612.5663804657
10827.618383560106
26724.8892717313
13345.521343149641
14575.874184389979
9127.66948184522
21799.783719451138
18612.774975034587
11242.737260845088
3131.606662988176
17572.571438267285
14615.641202631823
29459.45035635869
2090.2126532205866
24470.23597886396
17890.107527349945
26385.21621495858
20434.349413416992
26244.056071456176
32225.634953274093
27066.979184678406
26322.266436726157
33738.02926209178
25089.667355327118
29059.56280307841
37973.659546848496
1775.8462422326509
72423.29539751667
26642.195488547015
23005.596652414253
24959.292055983
26222.081066441384
26454.965180471223
3065.9491489420575
32939.075315215254
33971.42043127065
24627.729706794034
20074.625491919134
33329.0086980085
13437.152993456722
1790.3513941044914
11996.484032341818
18166.866890939724
19205.985182319433
31864.33422564198
20914.85943154004
24284.751319552972
2062.197837308575
30235.031021492727
30933.237895601535
21694.33963484289
33729.97911844501
30567.711688077852
30037.26914717219
34289.69597561736
5115.124042825395
9887.708938777947
220.25526640690677
5295.704093053323
9387.867504563977
26083.596229888884
15927.17975638744
32574.608669621655
29105.9309286401
19007.79030521447
11319.735728727379
24099.25880132377
10281.847039946937
30073.29316741136
34038.37635960774
31089.630394893822
23684.16787636047
25271.689453140083
34049.53562001532
30173.266526358828
7504.976272278747
19992.783186281824
36855.66008236984
34862.65724368723
42117.782045653476
9692.100689209743
27814.898597633128
163.82818356333075
10056.107020276617
29073.473100612024
13303.691445323739
15991.967336201362
26980.506918644078
31702.321528905028
19259.849868654328
25166.651802054617
35329.926164191726
32292.077290294288
19841.803611632226
24766.530337699947
20174.49400982209
26353.45780207972
38047.514542349956
56521.566628944
24399.335376297426
22621.942898569374
20690.271370223614
22597.952001339137
15484.77865086431
27991.81530153295
36784.045640484605
18667.354257433894
39146.908138114966
26428.106301932443
66318.87977358406
27195.251395067495
304.58669034756036
28080.048055151132
30849.717689559584
30851.136828627892
11590.064444410851
26319.357163648732
41509.08999482913
34696.111184281566
38753.65147077898
26926.669510531974
30676.57847076489
163.82818356333075
22623.94747725352
9322.037701450727
9341.943840686943
31008.24719145587
35235.72688959079
33659.01435634295
28130.862158643187
62862.807579974666
45516.26697306308
2848.6592212725996
31494.271022847443
30858.933921240947
31038.995840326745
8870.58330263939
4696.758178647923
7179.421649345811
11090.886450306642
26420.896183514644
308.6899202998679
4696.758178647923
7379.688410094147
6649.888273740591
26200.911388720255
22326.834000682236
27337.495492892594
22935.02466977719
7998.431951300926
30423.33021045127
19583.929177051254
30763.571259711523
38296.11666338932
26979.57443362055
29053.676596557103
41990.48168038332
35621.18431951188
31084.63572261363
30050.853020486087
30200.20603642335
35917.95515482471
30181.631837421428
39781.9478165616
28584.861898271098
21276.77230402338
26888.18050965951
30956.521396159893
23456.69713572777
14559.75557336417
32383.149685315453
19557.181319743122
28672.217177173938
33779.364217745795
4661.856841364361
22414.723672081644
163.82818356333075
42008.75067302464
19849.629988161945
45788.53818996755
16669.12403942385
34379.88008410739
27041.669165054693
34786.03426758976
30185.61171102144
39867.83977971796
38136.48165665222
25947.732978823777
39873.066155564935
23145.64766020029
18794.193107884985
43648.86185417535
2461.203988539144
2461.0224298115813
3722.957791917526
4668.585971158297
4948.7731903656295
4106.103484969196
2218.391015114052
2218.391015114052
2218.391015114052
2218.391015114052
8306.378144985621
12082.51854677543
57258.35727873264
53731.95383611771
32762.878188191342
31862.98074021811
34621.87559075805
37064.910079702335
34471.46397182898
30663.661946566695
33121.51777804241
41314.54964323114
45983.29562045764
37100.109810060065
31922.608793679832
34254.21418208342
33019.15415970648
59411.884632296555
30708.393169791907
38636.80704534815
22699.97986642171
59168.70299539608
23065.762258290808
32244.168830817656
30015.016300689054
24993.589651500763
26439.01012249618
33498.305385922016
21417.00282539986
28457.152175880903
17544.32934972528
40436.37679115875
60671.32445623872
44952.74709735373
304.58669034756036
39482.62974398499
24764.63576500956
25293.81082995275
62846.733928163
21755.287719427593
26215.813177491196
26567.232711983303
62864.04333400701
29035.789857457108
27052.947214937612
30654.618718237358
10704.960300512212
6960.883763428342
9042.57020303247
7967.220592389627
9085.27889372035
8037.880746027557
18615.222245277422
13044.079195732049
59142.110936176156
563.5949166810225
34037.58684863613
16397.029292178042
31666.81050028457
32400.577980595695
37136.03505673245
4696.758178647923
695.0182400469437
26619.59293510665
39196.80135259163
32742.954763379417
43081.227884916785
34608.30947294491
4503.838717959135
43435.51055226725
8105.112061894064
28461.329320729077
35881.755201349864
25960.270985278945
33543.11271889143
26710.88855856706
33090.070615975674
41224.9000400015
37434.95537649382
44493.877728148385
42023.169512395994
19987.4874715502
34288.949153709254
29699.188879602938
36211.969540649705
43842.99679580942
22489.181937480178
38131.66547657971
32520.653093710047
35920.48068648636
4771.131487491126
28308.905397564155
29675.105053667856
30531.32169644394
38098.65173303653
13934.740315245446
37672.847495660986
22539.667160893707
38637.68744504367
41957.71620891173
31589.33545467903
163.82818356333075
28301.611698410885
34798.4712502052
48020.65413867226
38378.26299226936
30835.791621879343
34693.01397907039
36772.70840743372
36290.197378749384
34797.49321840272
12050.237457978657
24567.216358245052
31193.310966720393
19329.58459643385
18052.917702956496
21924.142200420647
25832.314497953495
23708.810505022157
257.0732923229914
21163.427079534616
13603.545350019473
32514.91130826728
37349.65183716752
37348.07660111425
38813.86646698342
38126.0574405931
11403.495226884672
6684.190664443568
14077.77582599805
15762.965548573262
16215.096230119287
15549.64626912092
15264.611399075682
16700.598714532203
21069.98206127336
13428.452373647253
16031.458466483185
6527.574326923879
4367.183929114899
10748.759125223783
19173.829940741733
5026.278006504264
10538.248179096596
16780.9098269494
10725.490576280647
564.0671385739824
22609.238341747066
16681.366181928868
16921.634967155223
13214.30274739765
3144.962778917975
9010.6517151685
21184.664139799002
19022.164940668583
13833.964742329399
5072.326376724955
5132.8172493121865
1647.9422152965967
6864.225224342142
8470.289646429977
2275.777606731569
5876.622766646287
15815.360268404662
7752.333629497091
31299.143773689237
10199.859657897152
7285.603838014917
5241.694978753827
18296.97267358415
5308.535092304338
20411.266935414118
23681.744980024312
22009.459739521735
13813.163036291997
2637.272816103807
4620.882452335938
26683.269977470733
27037.98517563173
6408.701587337884
24115.85507708506
5555.899157911195
23266.063569040667
728.2554414699479
15748.435520070763
14074.712035625367
54542.209236850664
27561.394815878815
37951.72023229165
28034.31659736011
28710.358420751872
23650.197063096617
15387.290017828263
33450.104521279754
2161.1546688951657
14787.088303179271
5034.613491186009
9357.835479433053
1686.3033055573746
18936.75582706303
21526.710725331748
29356.127914381137
34343.30178935362
32738.828540489925
22732.12794163208
20432.386930490142
13533.005887630303
26806.554724442078
29004.031206183907
16407.82661415163
11320.31129227111
40890.58013261565
26379.589035709752
32947.236553789444
22349.529869325735
31846.34562140673
39836.52269665012
27782.20799435282
25724.9616231787
40599.61919536826
31064.659110404275
30908.81431638561
34782.48607214376
29547.177366587784
26606.71257367454
15015.093609762336
19859.344230948813
34292.50333252211
35090.681988723794
27518.993527058723
34843.042939324936
22760.1822118326
40104.25713602665
25434.74315730402
26008.309957049136
11209.91358286505
18969.83066860224
35513.93899362631
43358.98310553205
31416.113684693828
37701.04407164184
35688.937520264146
23458.57712256407
12663.43484034788
14700.275592040458
19886.462397119434
23497.99594151037
32289.153790233428
22394.69501101326
27314.501200486375
24210.31603399006
28102.52341716092
25566.53081313121
19508.130698769513
26670.730344018255
2582.7067865611584
18448.697568351927
32366.507939056617
2651.5686040520573
6019.531320701057
22408.062714356387
25662.436786232018
17843.110602111105
22457.554651246854
26199.433985758922
611.3865429844051
33049.99908712621
58049.0664037639
19270.170172121205
19254.629447249416
14790.864253954463
19764.777160094356
45205.191227515796
9862.985153060234
22758.883977357164
24796.622372370068
29627.26504388436
25789.26874403968
23667.39638960171
19581.08962685675
15988.852908704514
28189.916758465646
30412.515013533382
36941.93120634691
34938.9336918626
22434.026904430382
28551.450196453785
33136.49435372225
34194.00235923975
31007.64188538104
23437.87189784838
28561.891562520774
28863.936773682504
14335.783906349174
32279.461798313823
257.0732923229914
20873.74103319363
18750.073650564376
9050.726579472092
13973.719238856062
12565.492784547825
25389.19365540077
23140.25441370526
18546.497948275144
23355.550706364014
22541.138404244477
25323.97417749729
30890.581812031218
19395.666799826045
25307.681721944162
36485.440342660804
13089.738685864186
6522.52856071097
9640.5908690146
12202.961009198725
8401.239260661729
8257.509702536227
28595.095627967054
15576.507061623388
21825.447289689666
35552.02468970392
27006.401079096828
33562.99635254848
17871.5961574361
30505.001748578863
2426.9219755134527
6915.521242761846
30550.201338008494
1052.988469917978
28419.120071012123
28087.79205351733
21029.562636014613
19498.880485712078
34098.82163547651
16780.393940390833
8265.28450558563
13263.43899774494
21580.935143591945
20008.244588953014
12666.076104112297
11236.279147257854
46858.781477160934
21818.550352645667
15228.23782948682
21095.02501904096
24097.679039601684
33023.39034918025
19641.121793456852
4260.379972174902
543.2634192651911
8113.434179517048
42999.802566608
26185.34561688339
30853.1292831411
30979.47226759464
28893.717396984932
30627.069847098443
11475.855549220258
15220.393126427925
1164.3165177160317
4343.874846021007
1918.3080593173736
6468.439944708193
2026.8341594844205
6574.794757324985
16664.73823722022
19129.30410083312
7662.210170031352
14843.107906716765
23272.40536936509
43029.90740312772
25164.49213926717
20173.195053868276
6301.137999932909
5130.4516242538
9165.697616047277
55145.15904430855
16043.818534226564
32327.322789113965
21695.736392739163
10155.273841286704
20577.417785027235
1825.657672939499
4247.663016454717
3898.694070825334
2072.6532865645545
919.9978557769414
14974.555326080728
12488.136607958144
36759.149692884115
20213.239157199783
14395.581416484642
24238.014502488404
28398.034790319478
35396.19299976882
27545.091598345665
15736.086463703221
34336.42852180602
23815.613055702393
25101.29025797011
35010.58638729216
32949.96901465445
40236.75209255575
36954.60362489423
28256.966346365185
46546.12629013281
41225.80083451423
26309.11260831428
39543.61805378142
28815.911778353424
21072.46610397687
37155.21986999087
24089.46755956254
30865.545233856545
33001.54925790101
13844.217895024012
21494.387826657614
6347.283853961484
4469.327185087244
13371.310049881267
6152.967734212725
10273.107176628095
15672.379710214025
15761.21451824745
10724.332975410689
8762.092406382266
8353.751197443398
1088.120584724276
38434.90821422997
33017.31692499458
34325.50956793317
34859.51614391127
1367.5822823056142
36727.51146371151
32172.006419295292
35195.22920478781
35293.56958466891
28231.898596923806
20038.230464377193
56508.782592393036
20794.360172976645
32938.56215287727
26722.152049819164
26134.501694043312
33883.85838479804
2681.847310950958
25889.860115077547
14610.886652658788
16212.15773539573
31031.963701919558
28081.718458612024
40152.55917227782
14392.072500416803
10889.159518484346
15236.70266337786
17884.052669478573
12984.007057933572
30163.836965783004
40438.19337666177
9528.040398830763
15753.03620832004
24087.53770964685
7236.0146183648285
19221.548648818105
20564.776564849326
15271.432251993285
58101.60702611095
14093.683556607713
16874.57880699532
18450.22159276457
41909.41113647025
14336.033646214779
20261.75733096378
18860.947237908294
25121.596546036777
26749.487510289353
17074.430735774822
14021.242143560266
19343.929053486358
54538.63180700223
18445.338599140425
26594.450946571546
7527.30945160606
16166.760890490244
4100.845152777129
13448.908882722553
8500.314828805655
17639.85906502405
18622.390795225416
18498.81312135786
18213.457564122647
917.6484747830262
32474.67463874159
22812.381180473116
18241.72805668853
24135.12518483898
23901.5408473639
45880.31853735998
11149.937524770698
27497.548355844185
10919.47991267217
22499.141718578947
26335.254756204587
2040.243742469346
14598.153467766808
25036.641670621513
29590.7197496742
20480.625761827316
24084.88681493336
18586.194355378244
1437.775340471463
46865.95162259605
19214.03956956294
16464.236406713524
21882.08249167342
26246.869482518996
43847.62982996174
29749.54382312557
15887.034673186465
37623.824028806965
23673.69828504717
16099.392688335414
19401.2232581782
28123.622854924284
31757.435362347227
13252.995500640081
32741.611461760593
17731.40475741252
25205.27919748132
30748.316530157022
21019.15225015751
18376.99956031941
20824.241133847852
26239.88693247957
23373.117152721614
11826.865542544147
32040.998842971734
10476.650705046197
28030.087211452923
25417.47455521966
23716.02422044041
24910.507293545936
25783.316164531716
29263.954722624392
27230.03956924706
29148.581219863776
22170.91340042797
257.0732923229914
8564.115655293886
20674.78557750561
32951.88729115108
16628.865358951512
26549.344006882406
14319.82949619264
30730.444740632727
13756.291572410944
17669.482987495652
19873.249130829776
39503.8972320428
15716.855892549245
25156.038961838214
37214.87086199426
33592.722547351856
7554.376889818704
25275.58060045661
33363.83768322466
28919.495237839496
31888.38228217009
23036.507969061848
13297.5852716261
27893.998677243784
22455.77937377799
6765.280564268834
42954.702090838844
23175.685447184955
42054.33561489136
24793.055489084043
21409.168075489317
29399.608151625052
29021.061865999287
38821.37881525451
29134.373997764582
14176.700238583922
15957.641765178685
45006.72180390028
16330.356520939084
28874.00745146285
34230.40571829519
41684.55367637973
20096.747014362194
29980.079771818448
22759.922286662593
27038.513830400974
42642.81376057343
42507.70165063744
20065.15457325421
12177.724014697535
35973.84809014666
36522.80867287385
21314.200180386986
31736.83629888217
32839.230070003636
40942.786675932744
32053.695656294487
7473.622871375976
11720.249691810594
5034.613491186009
28497.538153399673
402.980401628231
14272.601546793243
21849.936178112042
55528.34079594362
48230.983925096334
55526.056432462094
19614.51059974102
32730.4014805626
34034.637226940045
28888.606490686725
23447.856743894
18267.66239442535
33894.40905809667
29978.181758729705
2349.526207935062
611.6988687025529
23683.661695476207
31471.236147094733
26861.377680479374
34646.48248059947
1323.5101096941746
30995.027644481976
31535.61522736533
24781.291706227705
39319.12343207445
31613.437744353054
28560.62660318493
1331.9894335744661
35455.066823526526
40084.10270225345
31072.964353660587
32368.946388018896
25228.14539662136
2057.903027250123
21052.998912460735
32405.815850290044
23830.43204428003
29898.59475149534
38012.00765312379
42053.164380121976
40264.49927503281
28369.483458126677
30896.798242582005
29559.322998661475
19088.371894089854
25287.626443193836
4956.2026296227305
35446.05394462431
31438.796536009846
34955.47259315628
38790.6711305242
33197.27482753567
38116.03672826601
40936.896733705886
35826.76142409443
163.82818356333075
14678.728782754004
2062.234699593138
28337.57889275716
8348.010988171387
28322.672802404173
23463.777264491127
23546.220203763583
9447.027822279593
27661.531778299726
13062.603169391507
21656.114746004696
27402.363660174015
23108.024476942268
3680.381660663984
659.0153150788899
19525.73151828134
23384.56568889227
42467.132360234835
27264.228687374565
46174.52084602576
23034.444368798984
33206.48710817747
27012.0362918355
43814.50133353063
32039.23337604078
23626.757613852875
28233.284689279284
14500.808185895587
59142.94251579333
18486.691432191317
27175.154594860865
20668.177097350814
44482.572149813685
17142.906566995545
23048.85669439551
27219.619057954642
29820.203912712484
163.82818356333075
8190.189845931305
10148.402631598841
14808.12786141975
28081.0215728988
716.7585899625059
9081.097580107698
22189.59834685845
728.2464879473026
8111.1683080720395
19467.13454331579
11107.875337311783
28214.50027012062
23519.889791014943
16492.678892974276
16064.836309632887
7074.518925988754
10588.516445375173
18779.986312086836
31385.63743965065
11433.992416731295
12066.238842760897
14855.928793416962
17730.98227049207
12890.392936442264
11184.763408664872
10824.824212891146
8934.671479190913
9486.037319163695
14826.334214107328
23802.22905382734
14146.490209150865
21239.482683549653
5324.344949743077
14464.142337367666
19439.827030015473
24377.877770873445
18183.546793989488
21881.295021991464
11216.982451365282
25266.922157408266
18380.200289051914
28586.05419293423
9657.590851139843
28085.97260970655
20979.95754459979
14275.660632368827
15688.421967303188
14026.842529192001
46886.914620844545
13128.773119073778
21089.44300664257
21750.940576374876
22535.283643382954
9843.960441265237
28569.662106362808
30688.805753476412
15569.226343147473
16378.718750825947
24406.245907784734
20051.222489148302
17008.08225280609
13714.76740552246
14920.864946186051
11928.381334146366
21104.745346015556
60683.26447725924
12926.81495322582
8936.128723647096
17652.335930005393
27877.082880306305
16242.565679383188
27828.414135336443
31744.96734724674
26168.90708462451
45005.98642113551
6983.769927882997
15550.227723590384
9732.428452205682
40818.64981576121
17327.901788746614
19057.216383866456
17979.018048399834
22994.736292119498
5981.40891211228
26428.735711145742
9050.231844193822
18124.853122106735
17994.3167971672
17736.513256604245
20580.00022444382
59756.61746643571
30878.799528138232
35394.97984126743
20090.4758347841
18296.193216250525
21737.41022511826
22832.26081155255
34132.278700904404
38440.98955179614
36716.7037549752
21005.912466318656
34089.69370945534
35321.90780922562
19773.630143606908
41018.26358243501
30312.371650565863
28267.86809217221
2427.008748454106
34134.43852686914
35471.40368029431
22321.34219636255
20706.707452315655
36400.864655291516
17742.534801240905
28201.189026364136
16702.099203349295
27280.71339596496
24330.968667388886
21993.72260580177
14644.97760592672
29634.209998616072
11707.291609676546
31335.22932490726
10456.58456846472
35259.61171699224
2240.37573500111
27775.576790296513
21657.94451149671
44066.01663499246
29065.996083280363
31229.383745750893
38328.5041026021
25947.874614886823
39086.08259321482
37249.78656370926
34319.99863924367
18728.93204073836
34718.92409063282
18849.671313344377
27169.4551380614
27676.780643431015
30289.883431800125
28049.65265958241
24488.611463663765
40183.65772198339
33930.382933807705
29973.809225173885
31496.918970027953
28781.28979804738
32342.657711855634
36753.74997476755
28273.340145160357
29843.82192949034
27084.341070127546
6983.54085267889
22591.942709880073
16084.251666080028
19037.448045382516
17494.70862281773
27964.924834408364
27041.793875396383
2401.2316996190875
11173.444032294336
21482.286323100885
22692.415432537713
40722.08066874675
66279.77894898725
38632.27342313866
6062.762650434809
14938.886085876444
32057.40804753644
27632.05870971545
29470.38396722072
45827.75299299119
59211.732486326575
35962.88853676956
59142.11109980571
58059.7786665416
19587.49473928974
34633.92449757143
14999.423122256876
23003.32131966531
39546.31913438004
28417.855867447786
46448.60086700967
25483.147926519163
57215.36038386793
46864.415073404954
37382.01164032373
35968.6373969359
36216.45813505533
26969.397705880645
58039.81072085132
57178.56417801486
26104.92074716091
32184.609212218158
41996.380115117005
33694.46730704996
44528.56363885716
25455.54591079623
19592.209250187276
10878.075116269623
17914.983241003698
20711.717375149958
32445.50020922687
22412.94138577853
33727.68636142069
24964.302246686635
35644.70211984474
38313.639284803554
34622.90162611636
35390.474485916
41264.91168345093
28117.233972373942
15472.590725179289
1591.4852823827835
3108.6118444846625
580.2015497049538
5435.517303914198
3775.357277978046
16176.342902063994
6291.473100313946
2832.3529995308195
5738.441388064655
3989.6618986971644
6591.820578457396
1941.9468253661696
3903.9782563880576
12111.74518674705
19602.45284571302
163.82818356333075
6100.835370973613
580.2015497049538
1268.2867999400396
628.5762112201651
7723.365685629553
1988.7434720679294
12226.939857857555
20261.964704893828
6292.563108982964
6629.3977713967
4175.052290051169
6728.731549962715
8553.223524399695
2990.6093887811285
4510.934095991942
19614.033884243352
42351.09153825253
6809.346901060887
32621.916843918712
28599.91588532955
30293.671274201068
1078.7061483485431
27334.559204383055
26108.10826879803
29853.317883605996
24499.43579274012
32547.50326851033
1886.127047877622
554.887572638834
38554.09723500132
23606.923226827552
25681.755886450956
2204.089800486075
30852.201407098426
18625.6661887041
30863.835377166142
9038.995263643583
14191.773309832837
18295.542708786972
4260.412224861828
543.2634192651911
15064.498403298388
257.0732923229914
17016.337906472923
18464.410473379903
932.0053310010386
20165.396177331342
32213.74196977364
7028.049020335367
12299.374598256874
12808.600549694425
14036.450232156201
16269.40237958089
13710.179573793217
14348.057856034726
15109.43373681859
11158.450383085856
11229.840283627353
6974.554021753146
13029.29071485248
20693.491390092655
29484.166221971598
16074.488949967637
18517.89180155726
8770.679838019505
11638.549369128794
14434.436769790826
11838.165732627956
30131.22261080128
31672.51789328008
30325.108808530375
20205.289175280304
18202.456502015204
10343.92702386283
10992.397265212498
19703.3694030447
12322.892192468415
2012.5088433169356
7010.577038161471
48250.60647103599
10079.47442039493
30896.8578326684
16902.449219862065
19611.59541348924
24776.806186643957
31556.178726375492
12572.341155701022
15091.27837856928
34206.40639686794
40306.66753553276
17729.409001300017
12917.254062996915
11171.63385494209
15107.79026640417
7470.328859737344
7720.076788644197
35353.57739185182
10625.660749098031
16127.401071000284
15050.040181618122
28181.551969795637
3332.339438912364
3405.6975028526313
33852.61277863942
31482.366685543602
31901.23773082178
29771.03416489316
21585.367805150596
20261.14774809887
22707.37217445999
163.82818356333075
6760.398140800567
26502.142101641148
17468.14172496067
26962.277031667934
34187.82405424972
20624.672287846068
17453.194155116973
19960.274635102764
12969.246421040036
23290.273089599315
29459.017567576047
16759.180963789928
13535.667612819134
32008.437974155026
10056.284055563241
12239.997384709299
5969.54653185817
25583.42193653681
580.2514752852082
42353.17505853203
673.8976430123136
24789.656195938154
25348.18628574834
35903.384336809366
21579.170103420787
38793.83259425127
22199.82412771911
35965.54165207771
9812.64843680461
12546.913885928163
1444.732023080187
22632.48661537147
35653.36871438825
42162.22930367085
42222.02848355986
29565.668878177006
4795.459000881949
42478.48901698949
41130.1853247979
34510.19136630335
29680.725183486073
28607.445102380243
32511.821656065236
10626.162985326886
31050.440361998924
46982.222439581776
11246.087499733536
24615.59629461714
34698.584626633194
10579.006749502969
20617.80634065353
17924.61316832587
14183.49995313748
23219.526596661493
12649.897520826675
8937.62243228945
8691.977464562971
9981.996103381212
17197.542721662663
9446.73065951605
13248.636870187118
15910.832741785907
8767.771331765864
34124.24302739201
17982.773094523087
18958.082909783283
10830.926244445927
20933.80581857637
12044.99551031491
26685.39976499996
27908.19299388494
19621.49961081808
257.0732923229914
25708.061020547768
1423.2111227810294
14503.169357386161
14666.111103006931
2113.611953657534
9682.01505151678
20267.93816947052
13681.030066371093
23854.251219350215
34315.36930335562
28137.773280711393
22860.254678901867
34490.684104968335
15754.629018269212
20746.356339369268
163.82818356333075
11640.884655415388
11671.14439120606
19099.20893662506
11845.170775473409
21247.596419916154
29846.666910361553
27016.67628627724
47238.084502277554
5636.865107401298
23433.5022338325
36344.882870984075
34018.553678947836
25244.24747771936
33483.272197004604
37464.13567935175
34366.462714758774
43470.44948989526
24167.773033272962
25593.254553989333
29618.968485688212
27515.545830408253
24960.400798059527
29256.45181084486
30372.62200428369
14560.042876322399
2715.382789395459
20928.56686804962
30328.093108343586
32876.42024582593
31976.731453430082
2319.6323863117736
33734.16220848623
36160.381830885155
24911.75383146319
36858.44766205527
163.82818356333075
5843.155253847957
579.0802138708235
28767.415799815826
32486.698897106948
29731.86911866968
29893.07913772088
29230.328041663353
27290.762738067744
39343.94422390725
32911.13412727273
4982.477089395287
37375.07431194047
4076.1828422923513
28325.09340275928
35775.659067312154
26938.952077500464
23494.505601211044
23712.665782516135
32404.779586888242
25167.084632324804
16186.53079887737
17816.578150191923
27134.779542318884
40876.92154935219
15854.48356255661
18505.57164860928
25683.53320386289
38325.7273358436
12048.052051796167
29568.781301614523
31973.618654898568
12642.432945815353
26807.66652259356
18514.2104532734
4260.379981694459
543.2634192651911
12803.034951734027
5807.970937488543
17568.61011700717
19591.064291980398
14266.637671171065
31244.292763394275
1924.0978302028825
38106.42495222169
23245.750234507545
36224.61321987614
21874.063565980516
24253.79622851901
24559.241988762173
21644.97712022395
28301.62344831553
27304.74889022891
38285.36323580541
28908.0113786634
29653.79972067059
38742.12671787716
16610.57813666962
22508.738920329924
31198.22056230911
27177.170632328387
11305.333774694016
10675.964665654239
36743.897102634844
23755.173690394317
40698.06569021724
41182.82021962448
10261.400985613178
13471.956196092886
30346.650043997717
22967.457117625203
2378.95958804523
29231.331965335878
30874.84540274982
22411.598700538936
19207.900907665804
30178.50484480074
15933.069408173626
16467.445165814697
20303.08955038497
20883.06647526824
9098.515068895123
20671.842236180095
9877.45762103211
19178.48993732069
30801.437122570827
26603.834831776632
12113.104826448573
16120.869443084717
13389.282882208734
15441.91048023513
23974.582920302702
23343.89752617629
11834.377986930467
1718.1222523950103
43327.14726193119
26518.72116518415
30605.714543827948
18076.426377619337
20944.512649571352
2924.686980207793
3146.8004628954113
11110.271410883872
9812.040196937598
821.7179926693659
32049.52529707663
4794.9873463684235
34491.77261409015
12920.390858628409
33689.629394154734
25254.506851502472
29794.388935283976
30697.830006689215
4240.804365129474
17930.67247567047
12859.650487123947
15388.631140669924
8662.228849718558
23231.889608681216
37355.43380352784
36830.56066532086
36287.01778351815
41630.335366018844
36122.864392058225
32914.88152774827
17353.37200322177
8023.801849553607
9732.94881651651
17393.917849535046
31684.30622567093
20757.157451276806
41079.2678691273
15318.904741222825
17221.982771336363
13815.288323941337
19643.719072528038
13945.993161906486
27969.67938192739
29921.56489632279
38546.78575335302
34045.91175605731
27096.590185111443
16960.1383527321
26865.86602838248
29769.501046001027
35053.477255385034
31697.698558327374
27827.469703074366
40467.72329558024
37813.24427305173
21447.655528280455
30812.96797575
3633.0571906790124
30105.752628311373
37772.55755191417
35221.40454036065
29878.392124218837
24659.49532837866
39105.20964507322
45391.49957800362
38374.32310247283
25830.489578936667
43099.70772092978
40642.49688892202
34223.22315698782
4846.930654228641
29165.549747585967
24776.70567333796
29058.433377341415
31157.57467221684
30226.94053907496
36218.43754710693
29206.163344658256
60663.37252843462
27073.147920004893
31015.07456639427
31857.312115739183
35888.671983017724
31340.202813584947
21420.23156491807
36800.355863031895
26562.365975923676
25527.45596944776
39585.749305041296
32998.17267386949
34924.15688813151
35113.48033026168
31527.600747703484
12767.626475551036
30294.216421934605
34355.34171532848
60678.28254391661
37314.820901151754
26311.984939367154
46959.82428061716
39595.11408095683
34731.21478773015
12615.881884514854
27971.34268662318
31404.316419282066
35709.75089798901
59145.43601593236
38906.127835355306
25934.79070977731
40942.51513784421
26110.056680655834
22007.510824088753
14418.776371572125
12282.947416927118
58034.103181880906
12458.287678327533
33916.03937881966
21140.595065645586
22209.26801981805
12625.915128507213
17070.62154978908
1578.5148478584729
31359.814900120924
33688.093850462494
33625.26236475984
30795.0146745187
23829.86418839972
21175.261396739224
30885.13089411857
14652.000880213538
15885.25024085893
9823.705880354717
22584.185124487663
29908.47733918686
14560.150845458413
25708.57716534761
22958.789173167366
24057.82570389188
36872.94335536015
28677.081639770728
42926.60752238779
17205.893408435968
32525.4129991253
36870.56887242573
30057.53607974661
17640.445330781647
9220.051348303681
34949.13825566284
26653.73194242035
26367.9021820333
34771.135904882
17238.352003456825
30482.62594413141
17104.668911391487
19758.61703551544
23964.92192380045
19904.580800147633
21417.939862892872
26187.724166093023
26281.79925630814
2851.9059380164263
27186.42625272076
618.02186091314
5734.087045959192
22634.898434166003
18582.744720204846
34223.97652592075
42959.73696707746
11680.104472676338
20458.44622367833
19402.71595916175
45810.40501262815
25236.752607806244
48038.616071600525
24647.086965740426
27206.265856959446
38431.17127993899
26290.8206725386
17655.94717008296
17545.106142703564
2988.5825646400813
12146.240615553495
9114.713623798543
24739.961234178474
49183.71702072068
2208.836918949735
24775.60772923529
12084.363709776459
41238.43255065065
21284.18387976362
31875.243425788172
29471.33990254284
35178.79363634355
22918.26396891944
37013.75525506522
21618.4136053738
6113.274406166637
30058.559675868484
3734.8594247999667
36396.04970240168
30527.341511862425
32759.34283914368
42111.33033356806
44448.43279696033
29556.803059926868
4260.379981694459
543.2634192651911
13170.077188394904
13836.095530222785
3350.907201705376
6374.1353613692045
21959.505345677862
7472.931950606039
7322.472484332023
961.1996755527941
36465.718471499385
12805.71280973593
40317.10937816537
24169.038301621727
27690.75008969827
7180.008885996699
10127.913374260754
24622.403988612812
31504.816048187513
32591.151432445615
32959.91523789091
41184.579566929744
34283.153897083816
39609.51690271317
17877.578100557206
14286.603838190618
26093.64574789662
16190.598373590434
25533.403760261794
23449.484902303673
25646.341162363417
23891.01847376596
14460.693109883188
20996.8905928844
26406.74777034461
10054.161544603345
17147.078530837458
11818.980397516209
22624.887337488708
29565.367522736164
22169.143635925313
8761.210242978937
5379.061968852543
3326.378853111988
36229.15204607967
35189.03308401318
30717.5803023705
31991.390275164125
2642.590508497308
7369.008821878049
17429.3126066861
17464.634225718248
9315.615984452521
6825.152608762048
3173.5294908175797
47280.282884239445
48283.150502641365
47384.30376941458
31263.50411277889
20757.919712697752
961.1996755527941
163.82818356333075
57177.93905978578
36465.16638638644
6847.106501878271
15131.155955794664
24763.918187109564
19675.254493462802
32326.49193380419
25776.682782014792
19436.73581272518
23138.796757333675
28304.968443804508
32310.57042196328
23529.955874001425
23092.81238246556
26421.494619483634
16969.871423632037
30331.842103588097
20140.31159543854
17106.016384341816
12118.698794972852
33523.694489485984
26196.42980777723
22422.917131782957
39074.405619315316
31763.295358536656
33476.69583233081
40519.69830962983
18872.850630474462
15247.163707962702
21658.85812686842
37770.46974550462
12371.717142781512
40549.23762968398
35897.4056573835
24035.513122266257
27160.37126473427
5904.067877050975
6139.049562343793
7180.268182671227
9221.479539650658
24073.880818246096
6139.049562343793
7179.421649345811
13194.094205667152
13194.35390637017
13194.873246445228
9220.572324441193
9418.942291721733
6139.049562343793
13194.873246445228
11104.91664309667
9344.399121131974
9284.210293634334
2841.875230494012
24489.897181655193
17901.142909918315
14606.958317981615
4758.258759301821
23121.613032678284
35762.18126107736
48397.37318082225
37416.14763159193
43379.392483973665
41500.924690383414
29978.06288070461
36525.88193594786
29938.60620258298
26496.161886487607
34980.85115437365
32939.502345281806
36774.89684228649
35099.64753664514
372.8175440099607
30492.02963093482
29762.708019821945
19714.646951397815
25766.452179511547
12002.029754138359
28333.867469245222
18043.810412974697
24372.01031099824
39287.11972603669
26133.301447994494
23200.927154927715
22861.162014966027
27508.148286312746
23938.718706863532
55168.45805313962
27907.877784984044
31812.46339359418
30448.958353578393
26645.999914451808
31428.859361801333
29643.5084482741
14653.203707649092
23410.522464611233
26995.72885156033
31606.52214236363
17131.760816227415
37755.32658128387
16569.47521700752
8596.932433873011
29156.30771213694
1956.9679239758407
29538.154765861065
46414.27914788737
36594.31861017392
30793.700214317774
257.0732923229914
16675.512197222546
4696.879913361721
27389.637844587098
35688.23606879529
19886.895419091983
18289.311183773272
17838.94702964107
35996.327217055106
18002.682469871837
24395.13873297676
42042.92465003141
26816.56566062012
11859.892246464242
26469.306982739075
38513.87413702158
59256.98830668376
579.0802138708235
26100.508868644574
29970.374957618
40220.24868099209
23539.284833792954
34610.08390116193
28935.7401729858
45045.7190014334
257.0732923229914
9233.209950067616
12050.830642716382
5944.155590464078
543.2634192651911
11798.471446081512
932.7899864953563
31252.304062809748
32263.810887373085
25863.002853036964
25382.00967663896
16268.844361048505
20150.81325650694
32020.610892021425
36422.246145889076
25007.054424519964
25390.68359137814
17224.292618789932
34075.45052614475
39445.380444500646
30190.605098990327
15063.82790639675
28214.93448223828
25053.578342040266
19299.69057121589
36386.07264587225
37889.067909954276
11860.93756393433
17371.409439524414
38238.60470473245
955.5719974572972
38038.15797928852
39949.91531191986
32325.46635485479
32711.58018026923
27006.623083963976
29119.640106864554
28135.873935609572
19112.40780904585
43080.66686017482
48715.175899249836
38325.72884148081
44051.484577995405
38537.06328855699
45458.06957812848
13778.514440614792
29616.12355103116
19228.35678792148
23623.724552901844
27438.28463596938
23548.837812932485
33526.634437952154
14069.700940581204
16701.71834665098
28455.629690662518
10789.529702275324
16457.464546507847
23670.202451092333
21778.89070139058
19663.32514913567
16948.279235809343
9340.188511215398
12713.75203437276
55991.58024669412
24675.182207544567
15690.049769585014
14784.555713812515
5393.5283214359515
29888.362836059005
257.0732923229914
21900.01449697105
345.38806594082325
12728.15029203577
54824.209218769
12717.754421721542
16601.246174834218
31487.655474494677
22193.227441782365
32691.477213171547
11675.303581355118
11705.811569464495
16957.15056945274
21432.20396015731
25632.7178604206
9545.654274088678
27056.112622588294
20543.141958730936
38257.4540710034
21785.30164943229
14433.15048589968
11328.004549552366
32905.42951961153
30860.697049396455
22425.80831162311
17355.386036494987
31149.138587263536
19000.17708899425
26859.7812091932
45693.88173247307
29751.25321054267
4795.459000881949
37841.868394059864
23944.524923984765
16301.70490936662
32052.652285578
24703.58901226507
21853.169833252174
23894.756834152267
917.6484747830262
20490.3518474715
37380.1860157924
31199.839461456442
32986.03966615031
55211.91549172424
20822.13258701558
18471.896345179073
17888.74390968363
16065.477876888006
7433.928014785792
18646.170260323135
18400.98971719597
19897.406912235358
25748.254300732657
10242.184490508758
29928.713534451123
34648.8350223195
17768.774574712043
28582.54741840185
36102.889516393414
18182.14205330146
7920.382870244508
14183.069658879736
13993.405822336226
8120.499715996468
25269.78468499696
39006.20864063252
20810.27546537484
31008.107981724756
32479.165198500315
45793.04201029182
36722.02616224388
27491.529596459797
32720.97211243525
33401.816536412545
33115.4511775052
62926.93046121332
35240.66263095996
36506.75286239488
39261.68892906799
44311.195618196485
15684.131866204834
36092.00150825838
32223.908727854116
36064.39760161996
15027.913890782058
15724.396551769458
29991.82770518137
18758.41129942369
66297.7119554011
41035.298965292095
60678.28068672183
30888.220985902302
34281.96388606922
25672.17942747545
45792.400036361454
34189.96715298048
60660.38869743239
36520.980414944504
27832.893060745744
66439.00728347326
15162.743475358453
45034.02801163117
24809.42389438886
34254.81450948185
62852.917439433084
60664.36746501345
22508.504891806046
66292.82313273459
59247.997421943386
26396.422777135107
5974.781049237688
31437.50088220616
28409.708727076682
34037.172298193196
44489.44581572
39035.00659985829
38598.48481678094
48503.10394166557
42103.215640793285
30550.663584133355
13194.613586628313
37092.0172678038
40753.68970243741
40313.53485249474
38144.75411193239
37278.64699290101
21603.330237524435
21189.08706458114
25389.256081139858
32550.602189261303
24248.496173739055
31829.519545424093
19858.135604212068
7179.504276413081
2189.5893841666625
17859.173423928885
13195.652103284823
8838.879145406918
9220.572324441193
13704.845239924112
38496.25331798592
37132.80627655376
37228.342409034696
62846.73392816292
67288.70434347216
45786.607230596055
45005.98656629326
58031.96242976308
22131.741091996624
30185.924681944914
7722.560017851114
20905.590449443735
46639.10913834725
59142.942188561734
32097.882685036337
34716.269600850246
58028.39353809054
58029.107326953956
43001.389471036215
trigram, add-0.2 smoothing, average word perplexity: 22175.457445022985