31867.224615716383
10962.657468846244
29435.092887424966
16351.606630379218
26602.16002310703
769.162418349039
37132.37060357065
11286.93968720697
18706.548877450685
18936.980881722007
17215.986895089958
15706.087683192358
28144.277014669475
14825.85144948102
15532.629893144906
33947.37845891522
16777.95944498119
23401.38423130343
14963.693065365236
36283.10749501109
18869.311584018084
20763.08941840734
14083.302471766761
12536.147927391843
10259.782757490078
19750.534654738618
4399.566856187582
3567.851389832871
5828.838299203521
25738.240308952536
20434.338869833842
12217.648519843184
9948.728682755274
17279.948254042603
12909.272081461511
13068.5605190812
17109.2700903073
11253.875884078714
31144.6389597664
9306.57018106009
25458.47576168536
13946.692837452096
7642.424580929419
6665.011475550089
22099.955465966555
12050.639558426647
4580.201075555369
15763.803443802313
12551.88317937666
11272.786040510457
4052.9251948356514
16321.044233852344
14500.309759271515
13131.363117964916
6974.196533483179
17803.207792923684
30645.132115246026
16111.418566670423
34686.51447585188
30122.766302309785
13643.656307421166
43437.850511722514
4040.0534588355135
21491.434757678344
17535.248148738283
8152.300235435419
19922.924680321306
23150.055605710393
16712.425301013092
18143.58793804505
21586.9957023281
15201.092917022514
20769.744885584878
10908.718440489582
6483.82450197375
20318.57316221924
14176.660436474855
21102.55837610587
27239.196156790258
15310.79353385173
16314.370436122517
25032.428048405396
27977.57089167453
29750.267927498575
22627.474240848453
37900.6485674111
27119.667344640355
37228.32687332954
25879.74202578092
15661.686492162413
34316.24197391329
23271.59338259233
19565.73851216538
17058.169835721066
17309.549405070284
17126.19164161464
24161.45876835178
23088.868682259585
15803.701722142354
10308.030591739682
20433.187153170522
2150.139846375212
1191.254101875643
14234.327585433446
12582.687977523781
32391.40866171248
28021.08878149377
33308.563499380834
27920.688044772847
39328.610858006
27516.4323144615
26875.823016309023
21283.010573385505
34443.34705739339
36871.37735898337
57897.735566587115
97.6163055464226
10853.850829742425
17390.180232520273
22271.083592873663
40584.657115807895
29105.827671243074
22267.53027571677
13925.634807795639
34459.52983039644
18904.426305087894
22354.82052985497
34982.695647559005
6989.619517630819
26942.531287646878
20945.70407789214
26655.77437014634
31406.94923937488
37395.16701307158
31421.930264909606
30862.261580821178
18613.090974412622
29631.78765795214
17871.503650594874
6163.332758652429
11868.461111358138
9135.480655290892
7788.308490724128
22594.39373538963
31876.83465938739
37735.04320945529
25074.90972923832
30761.96871724925
27219.817586156045
9151.714377143728
12824.742086722428
36040.355637687426
39874.47805529225
29066.685239548653
29289.210982250865
33199.03568243034
28847.320589261573
27440.716962233044
26652.879927323585
35565.25135200714
23592.612176389994
34010.55059841558
60471.07375688897
37050.651914078946
59728.49492073254
40276.65425229668
34511.34163817293
31502.129309987835
33305.697369483816
38853.338796531585
5243.596457307944
8607.18242803448
25383.08903050755
39647.71330352804
40609.86319859644
61871.979245136245
44458.45111587848
58584.651542887215
21875.45485977468
26859.6545666716
25577.812744893825
34347.55649059576
35686.15312371973
42292.152554375316
32724.239918503667
36335.40460485303
34684.25065018659
34345.28719931885
39381.78638122773
27811.39355115816
32876.70348069244
15878.05387850035
37734.24861442613
63566.069805287305
75183.1604034588
22411.71842640898
15967.05778974018
15294.679345566621
5209.171555396433
39486.87829527064
36454.977942587124
27311.01965576062
29673.836147730843
36008.963425330076
49651.609699625355
30611.092686493263
28502.899299410943
28578.231064138967
17518.07645508405
36364.43977749727
22706.79706034076
33387.86746782154
21305.743361967263
11251.222833918024
5372.832991389596
1714.2455445665025
2256.3087102464883
7526.971921740397
1271.062882117891
6259.565803705147
1858.2450764303908
61805.38807646165
40476.104366523825
19079.992463721723
32983.91279121078
65974.6101376578
16493.35294185957
8700.407245855959
13437.936244910645
21233.792906976454
205.58418144491017
11555.532427935497
22047.16093733645
14856.417018764436
13396.612959702243
18212.308442192032
19861.836301359603
19901.155544310925
10120.784772723422
22591.310353331075
15498.282699433692
57384.20255525772
535.2604406073584
17723.697384588093
22133.88518073423
24308.602624243835
29218.09436487357
24197.57481373841
10609.045371633145
9234.932926484567
23600.218599206353
22873.172041974343
6940.6602711257865
23958.127138432144
21737.5566759462
8206.915722117368
18511.1742202389
8752.65800298249
3463.9095502842783
4187.166715221921
3139.155299257835
21797.078208671723
5977.324372764265
23463.722738388777
10030.135902578484
44238.16938272287
3606.486670659727
25718.932598375584
29775.44524204315
32373.68628807124
26978.411964742998
8403.419025791814
24894.917397469977
17660.101507342544
141.0512230048651
10544.481459942706
9552.817965445398
5847.965926923004
14029.792668178256
8667.13255211026
3675.4322525356174
14839.118183599565
23155.991318640357
7697.441256468197
25736.34083427998
12973.404154773907
15189.98048057899
11040.065128126907
20298.2096088698
58588.84257484434
23669.365408365422
42361.33980741965
19656.022326682956
23689.613611288456
10266.494068473481
153.1118399739143
7683.81193821706
16122.496887005474
19665.013885032553
23047.511027695164
26291.841343468208
23516.582898636156
29080.438301984002
46756.56302290681
17735.71411257438
24745.371727154998
29858.993793047106
614.3297265165668
23375.164580519988
15508.675445176646
28344.549950996556
23713.795985235738
31642.65463979212
8330.724576426248
11891.462314920933
29401.357686359504
19390.88857613921
34275.73695276851
23854.212459324935
24020.135074294813
27146.55092959388
33264.306717769585
15883.58960354916
20410.476784460778
27996.351093013924
23923.29588640335
19793.93648542307
25299.51292837133
22512.926113054134
30354.198884480793
31005.311385423232
39770.98661206691
47332.433736560124
23482.686096202822
19475.453032628076
14187.730742809565
14331.71733558466
21096.293637548562
23386.691169035574
12919.895409570683
22904.989984795036
2321.843325770674
25595.784445233574
15627.533387243418
32880.878429919976
46871.68235517932
37238.42974997819
31847.06422411951
30809.76531317038
29146.61920421524
30969.010866258504
32598.44853659412
25534.34186922798
26219.126206752833
33208.721250782255
29314.9726365794
32303.750091727183
21793.22735847723
25223.980174338747
37374.76380385752
26149.833219747503
29267.850819105755
25256.580010696325
16560.888195979813
5769.825205056934
21207.076095288932
23453.322643750973
15572.797343082884
34573.95288755699
18385.896875265295
25928.43847976607
17118.195472553558
19717.800104668797
26344.227631067886
47007.05930586874
40957.58394044759
20426.68515370569
14086.559728152388
20577.17974168657
28344.492038842676
19744.318911864106
12025.968909300736
19910.79382079547
6567.850875661918
37719.742335988536
39925.90118466753
25325.4834346684
23093.291284201496
16592.362243687912
17585.17662904666
22234.997844700876
29473.547103444802
20963.270772520882
28155.66289404569
34002.537799140846
20056.308310761684
19455.237590179157
29650.30602196578
27572.44547050275
22943.52110943371
12663.948313157807
21458.022335923935
33419.23745597315
27102.321376465912
28005.024355737612
25675.33393215578
43086.31295768634
58632.67780536114
1893.8357031652126
10701.034238401564
42366.23066835026
43585.02217415414
22907.53337578589
28300.191618164128
3343.26565420149
31406.77956916292
37152.64962038238
43310.42719044067
33753.501542049555
29116.04155416649
30279.659358107954
42174.279860319744
15154.860793322314
29183.194355377767
23460.45887370491
19873.575743610272
37270.93545549624
20801.041490844742
29716.415676516375
19261.042122005456
7088.918502636688
9223.455830556715
17653.934895260907
3101.146763797761
63599.94583582595
5888.823995080218
153.1118399739143
26591.90784646419
1469.8552795735557
13189.978163741765
17572.332061363984
20295.104361037997
13492.421199852077
23386.742738244433
21947.475812804252
21835.83344221076
17607.32514478867
30437.434881603076
29909.109140441236
41340.96040206829
18149.453241959716
24346.126251939608
18228.609887849463
35482.71178808558
14641.46667379361
6194.924870273192
10955.898228647091
30514.534673752794
9458.885874450254
6682.134561364065
8807.179010276923
33945.70796007601
39697.76583157168
10736.122516222473
15358.479821741841
9034.377871583676
13806.458113789808
24776.970679443875
15591.065384082525
36801.082006553006
37907.77890915005
4614.1841582606185
8835.166230412828
16967.65371008787
7274.229624046669
10972.364090520674
2545.3484842595512
309.9322048142955
7515.90725682806
14108.176288365123
4357.563688766884
34094.4231641889
38376.291103375544
11537.578770989927
33728.56665627075
10462.656043920133
24007.335924438765
19034.071880634034
2851.7078223876206
21410.889025834986
16641.281971309858
39707.938235895825
27488.443161838477
24225.502509034544
39273.2610424246
35987.59045325477
28435.866276726323
12303.204147265062
28785.01516788084
24076.21140568678
32085.15339354433
29050.691314447064
25326.42956632711
8071.343052014318
36984.1808622105
41859.05199364474
13997.06741960219
20189.403226653358
17488.73588815312
1058.8347327157333
14396.751353007015
39025.40841630482
24629.405865052635
267.02708750723207
10053.511845979327
17660.183416301847
19647.88513206031
23524.031724423603
25493.008316306154
22406.91064485739
24109.15115904298
36273.10948439662
19846.402830412728
38388.19749940857
35196.96987020476
21999.5344052107
9090.067137106576
13096.335830456843
29240.86983707075
32776.17104466294
32839.60248253875
22663.279244738613
19933.611460535205
26529.4129697864
27709.004453905636
27079.196622427316
22684.3861398839
21009.206985551395
4460.0333285697325
15602.51785713934
38966.41463172476
19130.430642305306
27919.833673048
9460.412026726066
3169.872176548091
25283.55693168766
408.8365170093431
18384.78607288837
8586.498337425253
25583.822150585445
14486.348331589188
26437.92181710074
11970.969571151534
25416.393036326004
18355.66996100437
25979.581706852245
27902.804192134034
26814.97006650989
33651.78146259932
60496.18540091197
12696.203944946947
25365.256901977435
21076.879499445397
21220.36186581901
14776.46551846882
23701.20407398574
26683.172849879786
14504.708557556762
28310.482725402388
20566.32332440518
1419.4315743848206
20818.19840593867
19840.47673836288
19250.545094776782
29285.644234512383
11819.26374224794
29894.941880361628
20515.387166471628
15654.337447394008
14799.35941701518
6902.900376873825
14130.34116904903
20319.40625535063
8562.729392652167
17899.085085285322
16215.167637403521
18267.951819457896
15241.934820626324
11170.920812485094
18273.19419860193
443.2107526495418
20765.322903818087
7387.3171664742795
14595.847749533865
27808.49892916983
21496.680959426023
37527.09529048671
39781.84414037181
21240.669324889244
8628.85507376985
23400.68920390375
10037.85386518673
11274.8222748517
6885.302886138764
18820.40105464977
15445.271101106799
8331.530105297352
1781.282307145581
14270.061773371608
11351.516862103423
25612.436361662127
1481.902664458683
20481.422268237886
14673.264846837814
22579.319226652606
17013.16173593555
23372.836369453715
29370.67208930178
23439.721146126187
23655.51065544955
30919.466036717364
21224.669631240315
25231.446153487796
35576.37144174809
1252.9343548606823
85665.77298494412
23051.616990796734
19564.45758704581
21219.113752277684
22724.33618709472
23188.35129440052
2338.073682907078
30462.331090138538
31352.091113393693
21232.636420851868
16060.282857011265
30374.157359732155
10466.795745756826
1345.627065190787
11287.680062002455
14539.93293417638
15481.183319291757
28566.332420122053
17329.09047029588
20608.561038073985
1505.5883764538278
26759.99410617751
27500.96848914125
18033.495624602245
30715.719964239837
27380.158800751302
26408.072831324484
31305.622212490314
3620.2902852508682
7399.530347271931
119.96790163034576
4050.0260742597175
7541.330271286299
23660.872635498363
12589.780306486366
29434.17010969859
25499.81371808059
16243.62812129498
9379.880231844301
20729.24672168258
7630.558068484081
26600.464770825296
31941.196614760272
28923.044347077524
20525.634181283876
22454.968472580025
31718.74634956464
26865.12426845015
6100.06691821676
16422.735757698745
33990.183380323164
32096.924840593856
40907.79011701321
7506.79629615772
23093.623701958095
97.6163055464226
7903.440462102317
26505.805624748795
10902.572900406376
12904.863213306011
24531.147107164106
28528.827177993702
16670.266432107645
21868.499229529418
33955.37593313884
30674.578662411903
16231.73851079139
21744.716709439665
18460.11779502895
23274.886045019397
36145.79704459271
59459.45372752336
22132.593184284393
20198.44231439695
17840.210832017146
19484.317241997967
12448.054430893017
24883.93591294592
35352.96736434028
15525.891269449952
36917.34447610192
23362.441658232667
75264.37350468342
23949.921348783053
174.00546462657448
25154.547254474648
27062.197634842265
27678.262866632536
9811.453671504289
23801.74907045174
39934.78642271068
32018.668347239523
35811.04305961183
23953.03571848737
27648.64328317216
97.6163055464226
21811.63427207772
5524.009227157938
5544.5376603958075
28192.898062217828
32695.467807800243
31446.893082100716
24595.8299559344
69544.39382720596
45035.235091836126
1896.5978239799929
28448.500498565965
28114.3852972564
27977.931123529852
7247.98258427125
3958.1861927951118
6106.35401353161
9429.128581431076
23727.440733364223
168.26324055816315
3958.1861927951118
5828.838299203521
4512.862432214152
22469.917150722795
18318.84129355732
23658.256890006654
19505.001575630435
6442.404560464448
27321.537923750748
16284.579889772322
28100.443207440017
37416.14974260932
23529.87386084635
25651.959759291567
41145.72230971734
33205.65188529064
27912.86466798326
27075.817176115703
27347.70684633999
33100.50174158342
27101.009638696152
37676.758034547216
26416.840225017193
18773.165515297293
24057.214902682736
28297.854774713753
19829.88493987935
11291.589424870957
30071.839337357214
16429.6233081826
25868.795843304426
30740.875384724168
3805.95840023321
18717.88952386886
97.6163055464226
41181.46110672794
16418.05843857689
45127.657417366456
13551.897308460495
31315.278659943542
24073.359097904773
32351.651907048108
26317.78436119382
38541.860397630786
35552.863126493125
21864.330181188703
38551.95524166721
19573.528395647783
15241.052815966888
41917.5199048796
1585.1403544742464
1584.9066349223679
2172.5017737939397
2748.5441744435975
2722.6076413121427
2313.8972387670538
1200.3723283890213
1200.3723283890213
1200.3723283890213
1200.3723283890213
5913.133172249286
9141.53381354977
60640.66838596258
55179.39791700536
31674.812851138162
29595.73177465194
32284.762158385212
36625.78002368336
32000.461040769056
29372.445503132112
30509.33133739346
39946.76500627792
44720.504229522885
36622.09323750995
29129.353540828084
31821.229855016474
31390.760298939447
64129.10968720772
27540.512893522537
36979.06033442821
19640.249722389563
63614.25647667089
19808.160213123716
30310.20020657345
27243.466469981322
21784.4812929806
23906.778316609132
29869.771383656196
18301.237920322492
25134.646046184913
14780.318058187946
37945.95272218064
66000.54203627243
44704.797573302414
174.00546462657448
37697.29436523915
22072.55434514094
20838.68284012394
69508.8568844567
18714.33196853347
22603.49030900354
23341.628716494135
69547.12443144413
26293.69410410154
23343.824154150254
27334.79709608177
8347.328438269737
5418.6446049514125
6897.059207886404
6017.786314375901
6968.297643128421
6156.056440078455
16642.909591069572
11619.991938034154
63557.13854826333
325.66164868679977
30245.961138323968
12464.793842072488
28401.59014439703
30319.135333218972
35257.757547112036
3958.1861927951118
389.50543988833823
23118.43849472524
37158.1672851967
30004.18554315594
41671.71703065498
31937.095515155615
3043.5739829757817
42914.1255698144
6795.414453087818
24725.000806681062
33724.273067172595
21494.616237237213
30262.001234923864
23510.776922748577
30536.21807820442
39524.231371100104
34690.713374037914
43898.25671413971
40042.16335105169
16440.94666718321
31926.63280752635
26850.12839431063
34319.88978444775
42784.24673078058
21680.467298907013
35389.22550784694
29530.099149979877
33398.809340943815
3824.4869656666488
25626.1593113548
25210.637965571637
27793.02469000131
36305.27526846083
10566.540359967541
35219.36563553921
19345.87026207137
36428.315527646126
40908.03314223031
28125.174571796037
97.6163055464226
25606.51715030161
33934.82751556867
47799.35814955039
36248.10904180408
27572.374150847103
32175.98590302771
33487.891545277824
33544.45459780201
33932.92096324914
10212.794801744787
20944.609388638903
28371.402640138047
16020.240372312766
14570.281242291627
18044.08418363854
22188.551907389956
20315.58240154091
153.1118399739143
19060.91599803048
11297.950797911986
30997.8682929038
36866.31051290755
36863.20113155344
38374.005622902914
37667.83084036203
8202.134648244124
4357.403148367397
10657.497918933954
12470.137550437536
12613.698487361069
12291.934191874598
11884.825277885804
13006.36255413591
18697.012895154774
10787.828717594488
12862.61636815331
4535.924265577623
2912.116663121044
7765.665751072115
15714.491301937922
3278.7095645839468
7820.8699021295315
13176.92483580097
7902.100780574639
312.396974405427
19147.10943328051
13290.903344579163
13441.561811559739
9914.471001153384
1778.2218886078467
6202.727116310051
16845.124262981855
16680.31866054949
11393.31390861781
3467.6592472720636
3318.7216407640813
940.5731127800564
4846.906095648028
6202.788680819849
1411.2784086780148
3767.427355120523
12008.696715252736
5423.104242095378
29633.25535050784
7278.5668681062
4561.381792051103
3650.735112556335
15308.127240389747
3779.2491442352043
17366.521893082278
20731.524683863052
18770.169406162113
10670.905815716837
1608.4234104961374
3144.079663307531
23629.85826166824
23506.486658822236
4134.762214856907
20698.81467323785
3895.4530974846407
19742.55242948739
408.8365170093431
12714.358395296953
11396.387899993722
56411.03863746507
25163.71175911762
35513.78252880879
25214.894972717368
25155.035735447676
20130.611582686113
12778.556472928143
30652.466863313326
1405.30208938625
12987.841505814102
4399.566856187582
7157.204260027526
1258.2114496834572
17837.998435993883
18093.98224273184
26496.091322087257
32175.441226266066
29727.07071063447
18772.659029513383
17364.51096043018
12305.95698109769
23454.577454016853
26659.97114973491
14985.776643796651
9175.353687900153
40425.273111642084
23433.808254922275
29731.65668358067
18787.807867384192
29189.958056216594
38986.445401079465
24353.83218492167
22323.172004745888
40211.43859398607
28882.28394087156
27985.91679614061
32166.78873661882
26215.951373928052
24176.87128842306
13493.558901549179
16629.81227879258
32285.654915440027
34314.5549840152
24645.493575641
32500.81315387752
19391.111631433447
39172.933248927824
22786.896347258677
23386.69700337387
8676.51741853561
14860.65229514889
32466.39386999245
41440.79041505752
28081.598943497273
34552.55108689453
32103.327522353382
20719.476544335208
10094.765813002587
11313.223111975745
16956.128787772795
20659.184959520277
29395.265079290777
19047.840930419854
24479.456266596593
21322.920164229392
25685.816529400647
23061.046010772643
16395.737239336224
25273.59660030335
1910.937339617208
15554.631462638728
31409.70825927327
1433.0577024984054
4097.248033508581
18900.246695436526
21876.28457566818
14364.842732806768
19018.744309590544
25070.913620994153
352.9907405470047
29736.545994576016
61844.796948334435
15162.492706041685
16381.404286324312
11722.946627374458
15859.877315361406
44639.9712189295
6278.599229710414
19299.821912345447
21826.808878372256
26238.46347571108
22636.381005836025
20631.959748105895
15891.011345900668
15452.927818725182
24623.595569249515
27657.0209452693
34813.26007068272
31774.447017053066
18677.446807249555
25867.663893228688
31579.414631413965
33090.66121529287
28765.293192926318
19789.675063491668
25209.811456992375
28218.901771760753
12020.38701312567
29247.98908241192
153.1118399739143
17584.01915516898
16030.400884297382
7650.859969696782
10028.251216272483
9896.475486351113
21684.590364531203
19727.501741887845
15782.066489860197
20633.35735117956
20050.380836982058
22534.01721674494
28493.660046179248
19007.337808903936
22052.174129791394
34239.07178095097
9389.506934244173
4299.993488221899
6963.838006432411
9089.23289752173
5840.689584641236
5457.900867266705
24645.484755536345
13149.507243703842
19364.350460088648
33043.606618661295
24460.712509828612
30724.424262095214
14558.300098964051
28324.45145031945
1872.1785223889528
4953.9815420160385
27136.886243354787
699.116840790382
24953.94322615398
25142.929906300506
17537.958885700657
16232.501283664069
30527.324318840176
13105.954412520405
5767.6542111160115
10129.729541859555
17955.178083486837
16442.121848179002
9346.059013109489
7958.175625212432
46332.40692278648
19910.50631892866
12575.428522507875
18461.269978689004
21265.605105027847
30768.44503724544
16198.075444798838
3060.8905779908405
309.9322048142955
5461.818733550566
42239.315505431194
23089.01679961432
28214.735571055673
28169.495141776257
28148.866443323815
27925.707382371325
10316.879176604498
12485.088133613142
817.2248400434225
2758.828187717229
1092.4888551520878
4483.447971457411
1075.3693686479987
5423.0451465357855
14014.75592148745
15689.217403678944
5372.949209298656
11530.312822870195
19884.468391595503
41122.65032288586
22593.782118125942
16455.70728666546
4214.785590813732
3481.1000470753734
6763.593205048445
57334.91435434885
13084.829726252374
29322.61278554722
17909.01794452554
7391.614328117819
16645.188599686786
1009.9543653819845
2602.6897724557325
2286.1346406735483
1182.5035187718745
532.4133404146343
11244.62443987166
9857.105822951446
36291.85041804971
17089.769023152454
11351.029950577233
22346.70135973133
25471.797813306774
33018.50520848961
23371.406131957774
12335.485389313173
32079.25635122457
20378.93005737175
21945.082776752824
32050.825000256496
30105.606661236536
38302.6211100422
33804.82953621491
25652.28139754666
46242.93585200697
39562.937964060104
22746.876255151343
37366.52354638015
25410.145451913962
17466.505182670207
35062.190052034995
20796.213653884257
28494.305860120385
29533.97966161798
10680.859375717155
17641.669051412544
4107.348242764948
3277.291367521087
11558.201632247221
5063.2632666272
7177.831491952809
12246.012560315912
12023.16860759816
7578.0749287086
6104.578600424236
5734.591742778463
639.0818508183045
36151.37632082052
29665.584748340116
31428.876379375684
32428.179677316384
912.6701066596859
34878.818412866174
29413.589465570494
32508.59332954104
32937.153282877734
24850.777004088905
16648.57969155991
59432.578606029965
17710.42247608263
30498.191181491973
23081.26636383635
22691.477466846718
30995.112890459648
2027.555662655438
21965.212207640423
11389.86224976813
12812.850961421735
27698.14167364052
23979.13080382101
38282.30495636082
10969.790081331186
7761.70586727808
11860.652680985673
14384.724133168478
10077.821389805584
26724.91043581288
39833.874546667845
7345.570037539953
12075.396372374376
21105.376756892736
5507.2268658137045
16330.330825558998
17014.82971593756
12138.4407181505
61956.1058473386
11379.931115599831
13392.721110529892
14867.98567374862
39835.42879270981
11643.358167242375
16904.228740472496
15262.488814189404
21059.935553868465
23253.982600604744
13219.865934498594
10841.75082524772
14957.050868599772
56403.641195148644
15535.483543114404
22759.45019909207
5794.969190571206
12046.551613413307
2725.4981047173255
9762.633258510175
7045.6271068457145
14914.999181518833
16160.692049375157
15362.994410112642
15211.094810112241
509.3068134350832
29125.55475655131
19430.332805222562
14784.509927142697
21045.195257690124
20642.85804396764
45410.983921049556
8583.933879838389
23389.444428168885
8682.729636735241
18648.494220782257
23340.328410334067
1175.9740409644558
11012.349449699892
21311.501194224187
26143.669535150344
17080.523817494777
20650.424266852853
14725.754347204957
871.3966430631211
46346.57865300715
16411.06622783486
13250.37492825344
18214.126158500516
23346.738563739356
42824.93135208373
26918.7729920863
13036.186023931
36571.8248236922
20732.069875659476
13014.39175634494
15600.01552550082
25779.971964575776
29614.96222645802
10457.948971313861
29221.047015556996
14257.254552084612
22580.862008629498
28356.746075550534
17990.112621199576
15314.644048696937
17796.350921892838
23173.58539219993
20048.63953387306
9049.98218621391
31317.566320316593
8381.882551762807
24520.990804704572
21984.17424304649
22863.269882121804
21663.242425449986
22338.157480913364
26419.7715599362
24031.918687268688
25889.712150398973
19019.967325663027
153.1118399739143
6565.239437790417
17513.951809533006
30602.677959989884
14455.994438417401
23279.455497745035
11172.225613377032
27745.953671818337
10940.860988917608
14392.486717506057
16764.20778386199
37698.719237350684
13286.746911666492
21404.730384887138
35300.95173602128
30836.12772931349
5696.598168457983
21580.383204714966
31447.64628179452
26737.66496611606
29178.246432708547
20286.132432529495
10159.494775048137
27059.731344721324
19226.42973013465
4796.9315221473935
41577.50153445366
20526.93894549218
40382.54248715933
21584.27297870218
18060.058717853448
26355.06828978623
25938.29420848315
36617.07985479339
25887.51910185371
11550.142423315734
12266.275591816016
44254.11613886169
13603.780072129017
25547.28452516646
31197.821211504204
41011.75001128092
17463.564968556027
27290.117767653985
19499.52042787122
24889.08116719437
41157.10358256756
41280.62446940359
17101.97187574621
9071.092266873742
34032.814066313374
33835.53275809739
18509.901662741373
28680.805474358433
30498.812331932342
39253.15870148452
28311.371167471763
6170.087314346924
8609.573862699339
4399.566856187582
27213.087482949588
220.00077660469816
12384.166071782585
19235.137847441438
57926.171381806584
47881.98870565709
57921.390354462834
17043.92427106525
29832.433306693158
31520.916850033776
25431.15305740419
20797.556631276977
15488.991923910218
30819.540457233725
26277.39859977698
1751.0620861643008
353.3507342599163
20016.875770904797
29167.2714529291
24126.89250581686
31482.118014639564
875.1793126432461
28258.3650460974
28615.97313937415
21687.010288197926
37658.86046209121
28096.2843103423
25195.46276896937
880.7512545924562
33269.170653185116
38106.49063265748
27932.108060988572
29595.888561163756
21514.955433496776
1359.0170688455107
18030.49937437925
29407.388298010104
20531.9590003079
26596.376054792618
36256.351101461616
40003.64114804131
39065.52184998227
25944.664497125275
27987.982621573694
26162.48400107851
15736.281600654484
21901.776627971838
3575.5432359017504
32034.9148462361
28542.157164512093
32277.520118672455
36432.102325700536
30338.018948459943
35937.08353229665
38993.24317588123
33175.76505359219
97.6163055464226
12846.894107451304
1505.6421442994963
25048.36659169743
5874.808942623715
24210.008370941578
19615.678510660895
20018.408265916332
7181.0946622710135
24648.08762127077
9936.60329971852
18148.22251091698
24195.803561271034
19790.95458930531
2565.0096667956172
381.64545486719777
15970.031899831893
20045.10158652178
41869.183970409154
24369.185673747215
45317.08938950667
19696.87544421045
29989.995729068032
24753.61013103189
43135.38243010611
29039.404509670734
21288.331953971134
24768.973531325606
12091.200890683394
63558.92596460178
15123.902815496313
23084.05293856806
17387.935620481843
43876.10402705658
14375.537164212355
20668.200722910307
24278.47564258107
27798.295844118307
97.6163055464226
6409.3780499593795
8596.769726333716
12252.386974826624
25099.46391282567
430.16530096689183
7109.054737535658
18900.83160278057
408.8264706318261
6710.509303815691
16605.369351259313
9201.713362225915
25566.201477919498
19375.850623795195
12663.760796577137
14560.289092195728
4925.678456247092
7811.673988050748
15285.184547758787
31201.045851124036
8641.910716324603
9079.530972816667
11574.138863392047
14445.79979230484
11457.290839797624
8310.966564192217
7957.549648355558
6299.106400534557
6374.366857888845
11560.831394429946
19968.78486686353
10818.116253785092
17588.75016604248
3542.5441207743334
11784.554410045675
15664.554147737477
21047.42882095413
15295.568765985572
17894.110188966202
8525.985740869652
21907.054676313168
15415.596245670244
25224.272095194498
7015.788332744897
25134.856264835696
17345.86925744179
10999.525897654432
11822.692974402555
10813.645460730517
46387.94256197161
9939.214093283497
17685.556086514833
18876.724732185063
19180.45735558201
7401.967257477716
27893.99105524744
27311.28754677249
12113.472768327638
13090.843360029376
20728.726654842594
16618.358429488628
13671.561054403897
10428.00033895605
10729.143752752605
8810.638383307849
17389.554431439956
66026.51431965976
9768.50563856963
6839.52852915117
14042.258350891203
24628.23624630827
12797.20561328047
24266.6659321993
28641.14461430927
22913.481307616134
44252.67560472716
4401.847179303283
11983.526026809377
6938.7708888653615
39173.57843291175
13967.02935997715
15765.067584675126
14493.206980846979
19658.267116571733
4524.425149907757
23447.91478925976
7650.023768032113
15620.5945122606
15504.790769507576
14803.638866249761
17189.42115109804
64843.37928753367
28950.414338768125
33230.17391263403
16709.983557022024
15439.619768958897
19362.747558407224
19700.971632064604
31105.86154441703
36518.03373473173
34778.02569899097
17534.675882288888
31323.847345495753
32521.350016517237
16716.52829179111
39442.52931522499
27073.478917717395
25247.064087361796
1872.3122702117673
32275.699748574865
32752.57584426099
18765.3393179593
16723.944352638748
34665.523347456925
14606.483506785436
24953.359692352078
13005.904246614133
23588.39196808592
21161.692860737632
18334.759370627253
11799.066399604415
26504.457443082923
8961.314716929253
28693.46981244528
8350.284233217439
32698.7768323276
1412.9759734636377
24974.39090645504
18346.527404789136
43497.044859894944
25658.913038505852
27654.476691510863
36408.0140926544
22683.52697507867
37423.696794350675
35236.07916213758
31671.80403580251
15353.981700069007
31852.80839602443
14950.497239686329
24118.511131615476
24717.130749090364
26633.16582468898
25646.59250745086
21299.314659302923
37887.46412712963
30832.030025808526
27367.042448055206
28783.189583232197
25770.22650600427
29193.246082709295
34151.73769074972
25753.348520130497
26945.975542518296
24793.45194512308
4401.558455961802
19545.68368517827
14459.759184902907
15713.699445013266
14735.970123098465
24532.918937456277
24118.15765389546
1586.4188724180428
9566.04109704714
20880.312634772243
19078.93779266274
39810.62561118932
75175.7627431668
37836.438353361875
4095.1136735743157
12379.911615553601
31130.282798943565
26660.962599727383
27104.32408215755
45204.84516030724
63706.29271681215
35174.79389774357
63557.139251434644
61867.62255999828
16942.698190263298
34173.35002390563
13003.352217833983
19356.532475015843
38943.767071377646
27715.699348256123
45921.57375007349
22988.831431767943
60550.02761327337
46343.54149751745
36664.53140074105
35186.03430649069
35499.47541657553
26199.963770784438
61825.134937251314
60472.39542190374
25173.7605215402
30039.694338308374
41157.27130901133
30742.675297720394
43145.90458435583
22148.976437780995
15893.455878140965
8519.908976202874
14822.984168736852
17535.835957734886
30085.22739334804
18686.81344541615
30864.292114798383
21658.082386615308
33021.99146860083
35856.40249092266
32216.95745770353
33142.146614566176
38903.355519834295
27275.12393942047
13659.06424070445
916.2435289466247
1990.197771669208
320.8197280583097
3794.343841378651
2316.2873683749235
12641.183586269743
4059.874683655063
1790.6644492839637
3833.9707592258337
2439.3473829910818
4084.6972734963992
1158.737687430424
2193.222859431765
8079.899125215352
17595.834637462624
97.6163055464226
4207.83828642382
320.8197280583097
839.9004873957717
387.3394777822246
6109.272283117257
1238.519913058707
9056.937767337788
16432.857533746275
4241.269640754915
4244.6618858340835
2565.947709154876
4126.214754164832
5743.62924105021
1914.1397603119517
3327.3974054646533
16657.088515162763
41283.109974905674
5053.897252161883
28941.84325881468
25404.441909315403
26920.798377072533
642.7824262966872
23834.267491055
22609.120816450064
27356.62222080181
20529.421088924017
30071.318270572247
1370.0300962483382
319.6252795689228
36372.675543783414
20739.400721702477
23090.85815578361
1632.1555929890346
28406.106252334037
15097.596550780565
27319.643209912145
6390.62040784424
10778.069465553908
14456.444800148352
3060.936920083526
309.9322048142955
11556.5022829717
153.1118399739143
14178.235444428898
14816.999062205476
523.0270057153068
16189.196702360885
29734.97194330485
4781.200089436975
9211.508676799594
9510.080289282037
10883.406434844532
12616.667298957342
10382.269725989372
11231.754911825117
11433.232294376276
8008.087128007066
8146.831036051774
4661.812063866298
9800.602288985912
17294.814682788692
27152.76513373987
13729.945372086704
16039.667451952666
6507.886457604901
8849.245726557834
11006.387491005473
9009.174663019949
26686.17907340401
28795.8618641603
27707.205955625235
16685.007996181364
14758.52066663925
7762.087326578488
8017.605437781367
16168.645995741454
9893.24945377612
1223.9262865453184
4553.054178936771
47920.86494805019
7751.769752458414
27782.926473201216
13582.556258483059
16000.011259258961
22563.191190962323
28607.840179259845
9629.978401661852
12342.203906968021
33125.28198093422
38349.23690373326
13258.593930148323
10367.380214978926
8345.186514884132
11694.326438748067
6293.986218544791
6104.077044656605
33547.57961738643
7516.632901668591
12658.182259592128
11666.14064963274
24451.533323322335
2636.4917610189486
2335.221403187772
30781.45698172503
28691.077768033938
29450.465156098264
27033.85083076742
18479.305583940964
16833.75309405248
20119.067128916355
97.6163055464226
5009.892033299207
23697.45686187697
15264.404333280063
23618.54214785139
31052.498104049148
16805.19339540346
13997.894800335667
17118.348290152855
10153.676580005604
20448.925260961314
26168.08663490833
13442.181775151501
12310.793948121425
29368.06408904066
7176.953337921235
9134.33157065021
4569.823854998278
21874.11652338269
320.8748965541914
41287.17083506589
372.13660264026225
20764.25446181169
21449.290623706558
33768.122774049305
18291.444152284137
36249.956823265406
18893.85617998311
35179.980977465566
7337.659082063201
9966.725050934618
814.6642479312246
19455.009637788575
33148.79083488364
40612.044875751104
40644.40680305484
26610.269430557008
3605.1599411440397
40902.97542023133
39562.58549330671
32152.370855093905
26305.71991690354
25868.883539746465
31685.13559908293
8205.495648146025
28470.214257579875
46602.7931239467
8814.774698431671
21798.308229769103
31651.3573350152
8220.854672548476
16911.548974000016
14773.049641995629
11119.341999483902
19327.193601775896
10140.352161155928
6802.185918522844
6915.044326027369
8083.291423475975
15417.038564923778
7456.135464041966
10735.060064997302
13714.926450122739
6427.381523157048
31699.951811124934
16313.311220386513
15012.032589620918
7751.247732682306
18595.987829481714
9796.796820052099
23213.255958732545
24509.917411515864
16312.97311265123
153.1118399739143
23697.185106682955
998.4540214066651
12162.812600442256
12059.935599242515
1533.8552671594973
7483.715940357717
17072.35785898749
10758.5621667911
20719.307002525908
32306.45783615748
25312.900979153397
19572.185774187477
31286.731508654713
12796.008943470511
16839.510012798328
97.6163055464226
9689.621024379861
9985.295411267802
14961.059064514684
8482.605775318221
18128.038410017856
26778.55432731692
23518.421264058128
46759.32279769165
4011.7775289516726
19173.534415720278
33944.81473565796
30586.155873170257
21591.95076514631
30400.301584044046
35467.18108334246
31955.93410593753
42303.44878358776
20403.666174908747
21742.12246626001
26409.249967675154
24343.828166609124
21877.67019000651
25731.648342010405
27178.63211544005
10899.963534547418
2024.5786061865904
17641.933991955764
26705.454412028692
30091.744137399488
28244.73916866758
1652.7805680603753
30935.11436930372
33320.185326669656
22421.759600560596
34454.97845972311
97.6163055464226
3937.917078413109
333.8598911817391
25358.52832427205
29292.543464526752
26693.191961256158
26248.227999673123
28212.194733445685
23674.95596989602
37027.51943003532
30145.07489646162
3416.9057260570917
36650.94671195827
3063.5121758269347
24945.622472363095
33824.991059717184
24173.62827781255
20047.010630777553
20554.325477063958
29617.841882542496
22279.201369849878
14122.05974435804
14491.917928687513
23325.21010101748
40465.03688578018
12219.287359326383
15357.929487927668
22538.49127435707
36057.07942106387
9903.944672847812
26659.657689696283
31529.008757974076
10097.762108129597
23819.2228271985
15030.003189797195
3060.8906053375567
309.9322048142955
9736.534578802975
4050.930822241085
13920.816122636943
16346.683483112909
11171.549536162256
28464.883196168597
1469.8552795735557
36858.33199999915
20452.566766185253
35353.63897881371
19158.6720360113
21369.62858474123
22101.700362383584
18705.713801633443
25335.582248016213
24589.418817817554
37395.16701307158
26120.45747659979
25967.78316801968
36060.75742062305
13395.61630312578
19170.989625046794
28326.53126561269
24515.683125750656
8713.588011187645
8368.813439329067
33718.57981443677
21539.82074262058
39268.60349376283
38823.630116741035
7464.064118400116
10453.101404765885
27080.862982751958
19565.891402324156
1610.8590919464698
26502.90484811415
28939.893121580728
18664.437604003644
16658.782189636357
26641.300907492554
12797.858659466576
13232.744290561586
16964.430488493756
17531.058246803765
6686.8969930223875
17574.47218251067
7680.072903255285
16001.09198146088
27518.27136338259
23542.788880046042
9790.098915310286
13144.39939547964
10182.125649546271
12621.265367349117
20550.45799864356
20515.726296193032
9212.561782304072
980.2223958350093
41828.41509334498
22933.86958932088
27705.53500985564
14257.343292940848
17364.94274552972
2068.4172692708944
2180.4525657402232
8678.169410491486
7250.34701688345
470.62131569506806
31114.98279904114
3604.4512421393865
31652.90656317224
9876.674470355922
30097.984226293785
21682.836474001495
26917.35538100872
26647.345741842546
2704.283896964278
14256.356221312188
9958.695303387274
12033.960624603615
6791.472999871856
19053.706826720838
34024.01945363325
34742.1286836152
34364.40275737999
39679.4322312911
33555.47073714803
32434.308581946876
15465.48955055132
6104.476709580426
7316.843937257919
14799.010866273902
29461.65374012328
17797.586674854745
40528.751028030056
12373.771348449667
13721.77248114634
10936.01952927188
16919.87287847846
11044.260029842664
24505.328161155594
26716.586156147947
35906.224811308915
30819.614591096462
23832.559831840266
14262.587743830907
23327.223550955143
26431.399767768275
32293.641037503738
27500.03148537711
23687.376103296334
38464.13152889255
35467.765228381664
18780.414908060935
27629.874240053327
2281.993558891361
26842.17798227957
35299.44962156007
32642.271131664264
27190.854623806794
21440.541820839968
37147.073760428
44974.17237064575
36909.660479345715
22109.79305415389
41677.576710720554
38619.773983133586
31620.358870670065
3848.8390402294667
26008.83126908258
20993.72861784623
26321.808312271358
30665.43119791849
27084.461783409755
33666.305290941156
25847.55651075999
65983.26231978976
23507.77861679244
27925.6585424073
29247.36007595325
33481.5608012241
28881.91193591666
17549.842386481294
34293.89112136875
23340.467277655636
22145.674063159666
37519.44594259977
30238.449466994665
32322.012942603018
32316.92940441353
28093.72388452693
10320.86059584186
26732.574001893037
32073.482931089016
66015.66246158587
35206.45650837748
23824.875185239493
46531.40754374961
37167.37018368959
32763.49826859468
10291.341390109072
25157.805302713667
27730.30277589994
33128.409997949995
63564.2828912989
36306.00185157212
25369.768067540655
39542.1167261171
25183.661124575483
18553.341616620975
11070.09973512902
9182.173083054628
61812.98537393431
9733.795802115043
31092.573744413705
17860.438542484535
18713.153855034652
9501.02113853564
13538.110920173418
1301.995349020266
29370.08100217395
30775.31428989515
30660.156424734494
28164.538035010974
19795.66071507959
19665.400549069003
27767.40933900177
11686.542561905488
11932.763897663539
7068.367506522859
19621.042469020802
28872.19568591396
12616.472949212159
22037.92408156032
19532.086381625762
21158.15316065839
34547.72791547736
26547.137102384604
42486.23158744879
14682.63804899783
29500.065049037294
34132.5002314718
27172.225434836633
14077.224322302294
6811.426902099908
32237.495802814043
23189.124124859874
22939.87712220641
32644.328050470172
14594.601930558812
27740.128675461263
13613.621416723978
16579.719841653994
21352.825620462558
16238.421369533085
18636.96799813404
22961.38004557814
22794.370314396074
1996.4022860706666
24717.051279822943
345.58424365076905
4471.418095287303
19811.05879970547
15852.053092115546
33080.139921283044
40989.821040648654
8655.369373302401
17052.93103208079
15871.603736478974
45170.71700104464
24335.661599789728
47664.37829766123
21575.411637562385
23897.054507782697
36443.60935947251
22865.58387613733
14692.502175701798
14916.633899681721
1671.4418052031242
9219.604726893165
6072.324556732351
21110.703858947312
49118.03122267977
1677.3398382220425
21914.182951182986
10697.202096173574
39705.166679201146
18516.77339385626
29048.70236398899
26410.168339623015
32631.918078634877
19660.86790331729
34310.67565356882
19073.573368861318
4512.785339932938
26987.91415399705
2950.1525538079736
35120.90951008663
26620.53482826538
30200.331389818537
40341.208305219596
42643.33710707109
26555.43996714146
3060.890605337553
309.9322048142955
9969.636281907773
9717.413923202479
2491.3262611422283
4167.717665768752
18081.961285786634
4859.479105130144
4768.515457533969
626.7816793262508
32960.92590576062
9714.105024472276
37910.50091841258
20991.70810025895
24998.533382279405
5827.507384234395
7873.416145513125
21893.74049103004
28745.86323435625
29639.194286248712
29885.689017077708
38742.237468335996
31053.36623848546
37514.26349052177
14113.65628591356
11756.471915232833
22529.6717279883
13248.63995524089
22240.04882138783
20301.35382789645
22877.80448164709
20401.039897678093
11702.766463411603
18065.871442253232
22787.65685553515
7531.546862356386
14062.577755066755
9199.943760800208
19711.26318571027
26040.369291798193
19001.30693087674
6183.539810721201
4028.858054738113
2533.2922190085137
33645.01049975025
32450.1878366809
27600.313482751615
28344.557557089087
1744.4430641283377
5308.185705831066
13984.502767903112
14112.401608680417
6670.509987292778
5280.192229328287
2355.842071871556
46848.38101559128
47882.15808074685
46476.15128478628
27843.598549178856
17340.72682585144
626.7816793262508
97.6163055464226
60471.07349666008
32959.92796527724
5068.153962736858
12333.229479396838
21148.337190832714
16736.916795800873
29305.18911546632
22160.26404341544
16139.141617471507
20237.435954876502
24585.615637420615
30370.441327087807
20255.39898281867
19133.14242749772
22625.42212032378
14212.993977140302
26583.43578479764
16812.191159625112
13949.630416629381
9387.858313171162
30794.862744834325
22742.321062451734
20220.360199984436
37697.65277610532
28963.390028798127
32217.50176452302
38733.16945889151
16038.591399931733
12473.92097556361
18184.242773304835
35644.85143420582
9320.448805543743
39012.70984603419
33258.16021496874
20760.70438027464
23909.302368525317
5009.377508474963
5209.171555396433
6107.791689159419
7940.640419444571
21003.85436285888
5209.171555396433
6106.35401353161
12824.237265052001
12824.742086722428
12825.751491672776
7939.078623123766
9090.067137106576
5209.171555396433
12825.751491672776
9754.470252933632
7184.793570534559
6704.932282262266
2219.4871364689398
20808.903333773524
14166.730007355613
11876.545012322407
3330.7556757226994
20358.3173903543
34255.407236121566
48069.49586540044
35596.80430027162
43207.448812224335
39801.858407616666
27447.737511886313
33629.65075367273
26724.52046179576
23781.761035291256
31986.371790084795
31156.12907924304
34554.08401299715
32651.792006059106
205.58418144491017
27715.160237808253
26798.355416028073
16332.502147146537
21950.03731482602
9596.880300227333
25858.799599207334
15213.796600616492
21277.112862112703
37676.05735207101
23369.2276099372
19976.983687796353
19121.868506312392
24134.856948715897
20617.918805653364
57383.19711058908
24662.856601849897
28286.662814445986
27426.717980293277
23294.93719962252
28259.401602702474
26141.666548769732
11852.059204891008
19928.34705722183
23370.125138512278
28599.839131549106
15659.067402199365
35953.48280781004
14082.158655000314
6263.279154451469
25635.780265512814
1474.3219432323542
27340.421106737416
45519.24520680987
34191.71579103193
28128.58912419128
153.1118399739143
13465.604621736422
3231.7807332124794
23997.160389925415
32977.206520536376
16188.263021574221
14873.261100425832
14638.212923607984
33804.84970215433
14386.939392749959
20616.68012879244
39909.40207588596
23301.795715270622
9110.532997859553
23222.9696550691
36190.3826305204
63802.55364762844
333.8598911817391
23644.541893097663
26822.468503004333
38155.89953219896
20718.396513526488
31762.249964070226
25799.155342429167
43981.4566231856
153.1118399739143
6848.4171615628575
9263.040506724377
4501.831261584313
309.9322048142955
8431.656662115549
614.3297265165668
27806.70231008153
29583.249231828806
23105.496264975067
21768.841015128208
13377.500013453926
17206.93795475636
29103.207216521372
34213.85783566852
21980.31466416809
22300.43650493758
14876.203772453167
31139.859402910508
37483.06433743256
26661.890649069886
11832.091779351811
25630.392954410367
21968.742924829923
16473.500124083468
33655.80303405216
35808.46180361668
9784.197964751047
14490.72025502932
35602.6003235409
564.8274110628339
35465.79940842299
37572.00416409636
29330.983717204486
29566.92469557033
24156.686475770486
25922.147525508044
25176.35603659039
15438.959349590179
41525.40041646413
48672.75003111365
35972.10093015545
42469.04290483861
37861.4541610578
44920.8698385622
11173.834359857698
27112.36289449097
15953.753964224632
20070.74210286777
24875.81372035131
19973.65193658784
31346.991836142264
11304.481786169845
13803.72751019367
25182.6228114577
8113.0889704089595
13314.842567648917
21330.52662134238
17749.358467425827
16730.896680187936
13926.288898820329
7346.3253128285105
10245.730203861576
58647.2400085571
21723.721314110422
12610.546442325996
11518.307357933012
3618.7365746463047
26370.606828957218
153.1118399739143
19331.70147379771
188.57460431076535
10630.503654005566
56844.078730889465
9484.84766780942
13146.360547616661
28298.341822603776
18965.208445512824
29710.279341393583
8357.645628962784
9070.158361356438
13462.623700440152
17985.05237341948
23244.91955627603
7032.470183547204
23750.680097667027
17931.659925198088
37724.986177164355
18629.104416853603
11399.317603769055
9103.607001421704
31097.59739764031
27509.472419512625
19237.771195486628
13985.445320689487
28679.684371453026
15678.090498283573
23322.71180956017
44827.91426715288
29090.93587746815
3605.1599411440397
34828.811478486554
20454.240248752463
13019.415682653105
29357.969345622954
21570.071846648934
18918.154498860033
20482.964610667386
509.3068134350832
17087.501742175453
35225.93831861753
29032.006210518593
29678.32058472878
57472.791887191735
17927.472365540172
15458.872457597363
14814.556802404795
12383.638348257457
5358.055302379176
15614.665424578283
15055.291717836668
16067.745838320687
22680.845597998792
7943.66542267098
27440.248686069353
32484.85562123465
15896.423938781809
25902.346550751765
33510.155586225315
15105.101433140966
5575.545224118399
11730.008260876208
10898.479591167088
6145.667228675486
21905.59005189014
37132.13696532197
16895.899674245033
28211.34640143049
29787.13346619387
45136.52981250519
34484.59780979179
24184.625791977618
29803.640440985553
30382.032991428052
30067.321240378198
69685.78536600803
32781.04195313699
34226.15838719356
37017.677321393785
43036.651173067105
13317.376383988852
33428.397548949346
29450.382648982835
35687.03317805134
11123.72821097988
13435.406106504444
27512.821707963933
15453.590278158024
75216.42942307222
40238.165027223455
66015.65439678867
30262.401937591232
33473.994010366536
23131.333823592984
45135.26795627866
33082.85742828507
65976.77435367528
35531.04717052393
25302.2614924343
75535.63785588217
12461.406773452201
44307.79715546567
23727.595544181597
33311.01340455218
69522.5308486656
65985.42639369289
21841.876252032904
75205.34756390176
63783.55692953472
24650.58143701939
4267.977349218185
28104.726898488494
25409.476862577347
31660.39142124159
43023.56583018488
36362.530524479516
36840.3867370445
48004.3646641071
40255.82096273354
26032.96130413024
12825.246828919957
34453.80738669058
38911.8977856378
38283.39208249251
35797.069135366466
34847.0732614359
18312.496780368714
17518.09418140373
21322.35704737802
29436.820935125586
20853.680743004177
28530.805827268177
16432.82794370245
5826.6885022903125
1530.945115358611
14084.706355348932
12827.265003544017
6545.553133175913
7939.078623123766
10149.737661490495
37765.795126797515
36243.13357934267
34599.99501413706
69508.8568844567
77414.95993477086
45123.85200542438
44252.67617502237
61808.42748119725
21731.084694554906
29297.162004336697
6572.220442776167
19196.619885757435
46289.06672202242
63558.9245584961
29898.005725835174
33944.038200640694
61800.82685674104
61802.347026443014
42242.43298473809
trigram, add-0.1 smoothing, average word perplexity: 18996.668671975625