891.9654096806102
574.7800258991706
2277.927863284878
966.3364689367917
4579.216684412397
450.0098016335952
1809.1551239702594
394.70042995400337
1563.9625482837241
1200.0093813103144
991.4306592059683
666.2033324331236
3079.623592734454
800.9259587847077
1457.3420148682878
1457.5942574725493
2214.0399119349904
1172.623095653572
1158.3649417378638
4025.9132577908676
4563.669178691511
1881.3717260938354
4612.353710880684
2852.314324611925
3525.427587341294
4098.317237665172
1516.3524009097694
1127.1074368291045
3023.2131512685764
6489.193075044497
3672.1078308343285
385.89358038622294
679.8959420925554
1138.359164507306
958.6439479163637
808.9100208414229
1059.3776018941107
806.3483512575257
3592.509799694617
2379.0111434157543
2150.1645647019836
1000.7995160337617
955.9986720120249
674.7179132234855
1535.1102087003126
825.6663091442189
514.7315638932926
965.8870465639393
794.0483054811152
877.4621593215049
529.3844679715263
936.0118773236161
1098.529650959982
675.1956144605568
977.1735522110761
922.908834644179
2580.36364118231
1819.792792562418
2734.83388940827
1836.3424468402388
1268.3772310723211
2057.7816013132033
822.3561145993805
2344.551997273097
1302.1823235027744
829.0944293534147
1631.591468580392
1949.8095369180182
923.5850589918348
1621.472956932992
1850.916968122131
1244.7929686850875
1704.0870962112272
604.4213513858472
754.0748938611874
1596.125485757162
2294.906875557541
1783.4055069269903
3444.3707050853964
2326.105094120231
3329.04079248782
1341.4251222115595
1645.189209815029
1035.0812009383205
6371.443154575978
3143.0653993235255
2648.9042261148925
2103.815205209889
3737.1127516375054
2143.6380735830808
4023.384504686936
2424.1351797711777
4436.7069626030525
2145.890047852627
3093.9840850102887
1574.5282876643166
1574.7192012177436
2695.3979411480136
5021.602374751228
774.2750598113458
3388.7287685432434
753.1614668971492
1000.3910260783648
33309.55023687667
1793.663845969722
3810.15439707129
4019.5907959413703
3221.2263204833353
2212.6923617964044
2741.6773446768975
3147.23337477401
1923.2592065965418
1826.3411159067791
3055.3314537564447
2552.1605289691747
1354.784960880315
86.7045363283453
6156.967133708917
761.5268605496491
1229.9440997268591
1854.4305294667986
2206.901722607204
1174.29369592747
767.7521316315372
5080.128306471683
1876.1696509027413
2112.402972121536
959.264607665825
294.560681818485
2187.5663535490467
1604.525234105439
2092.3683493839694
1607.223770050171
2187.1057801992697
2538.274775115081
2941.623354628585
3006.8734628324196
2237.1394958965943
1669.270956910992
1158.9817315321188
1208.528752132436
211.34806016812533
1352.3173482677576
2933.1327478721955
2572.187417612508
3331.541683841552
1619.3972686481331
2433.2825783576213
1958.4445699437288
1460.6319539579722
1268.2721863906731
5593.008921623024
2577.6421745512453
2075.6659917067527
2549.1014903078585
3042.2420445942694
1970.562305258105
2517.419071517537
1700.0701711687857
687.2284957999118
2163.416611560748
760.575352744586
1969.1432915751013
4207.502904575643
1800.6561915734726
1347.0861621861486
4588.656745981688
2612.3369483035262
2252.768918177342
4508.257550255457
895.5079722600819
1205.4348378094624
7268.544995324544
4076.1392131572857
1340.847444604342
2714.2714008342355
1262.122387712614
1659.9273760821193
101.50542981321703
1152.2897339314522
3324.573689377806
1866.783037452329
1638.2978180987639
817.8121907758033
6915.847530057902
2493.6461934643453
4613.4190056903435
3049.8354640856646
3052.68277724868
1883.58596802048
5151.521889882513
1297.1316056385056
7180.230816853517
9194.128179612338
4689.894251666887
3715.7286719777
830.9154031057418
8653.228001176067
937.1054919276003
3253.1674515184363
2806.345699447497
1218.957367391995
1443.7287867631094
2403.0347089745123
4733.316581275946
2811.086789507261
1606.9743833372104
2604.3491135439594
246.6981371740048
2184.5626063668233
1366.9986211706107
2254.4747071067773
1278.6059196320602
1208.1228262953728
6043.639798064544
844.1040724417895
1372.9969268552004
1461.0810561384444
913.881632971782
2764.3832102087026
771.7823705033985
8690.048281318854
13812.353860936917
3419.3287878703077
5621.052655188693
3885.0617877404625
2325.508551486709
1815.15598736522
1598.3548885298135
2218.4432217168624
346.78935869842223
1465.8144517964256
1662.3839254464751
1723.5401537048065
1373.8531914756368
1201.773003868506
3899.160779411372
1138.1137542537201
1596.6618031917933
1215.485373943538
1631.1171075936402
7674.9831657274735
690.077942568638
3554.995201864437
2086.7961493981666
2471.97408665057
2858.8581390929
1915.4767540501662
1733.3212679473068
3305.0172561161085
2353.379291527193
3471.302423270479
1358.6418914983578
1536.3872874850047
1882.5873210420325
4338.665419841525
7396.796133249702
2043.2515795815123
1073.4201655974605
905.5973953510495
485.9324882588478
1431.5515005206346
727.292834811825
7427.708524072427
4636.421754052553
517.9551667622134
1653.0711130383677
1572.7282679790203
2226.3012644979435
2378.111933455049
3160.5567538485325
671.0480307746539
5920.413523207244
838.1048232068604
342.2904240816553
1365.284913568855
1248.7711559732784
967.3694524095828
1448.0258493610304
952.5021422806254
692.5401983848365
2429.0623636643663
1139.0929590242743
3105.331677106721
2880.735819529172
1679.1994127738494
1636.140361606731
1785.7525854790554
2444.797820140978
9261.724631859002
3190.372533493155
4439.70780736505
2989.4528632334186
3654.71793059656
914.348368002896
177.7929507198935
5384.8310484694075
2206.590044402368
4694.007147116166
3419.1313381646996
4539.970352387225
2435.838342878869
1898.0040195402946
15932.305091464903
3603.049340515714
1829.5252577839856
6794.7493981512
708.845914528408
2187.083353898014
3233.673090294823
5962.016948140935
2277.9927100146215
2195.184148976839
1134.9785757981722
753.1298878412199
1605.8637955472514
1167.5154628643656
2085.442156069577
1803.0759095694275
1680.8749128055524
1689.861324717678
978.5250152926038
1456.8766386543907
1175.9822278200854
2498.4941221932313
1160.320549351926
1102.4259098408097
3391.623121140712
2355.594222752148
453.220296783378
1363.2739381865954
3108.3273488146942
1280.6971274209004
1930.862255150735
1983.3865672907045
3529.679798615272
5790.314141774928
1903.023793286978
6831.441805994256
2308.0228274059164
9152.766976681258
2204.0602888340045
3645.12678182119
1644.7102095467371
6567.343680494245
3567.7404854927204
12275.159343476562
761.635258266012
3068.8983831016035
7646.197911155637
6461.783689018711
5441.541312081214
3137.8733642671054
2356.726492681401
3570.681945702735
6881.597576736975
5124.0845362509535
3352.0353156861256
3611.7390417429883
4421.218203332448
3003.9991556720174
4168.725215629387
1760.5662752878825
1100.2134481683956
1201.0726667419538
1596.9154843307738
2168.5010796286365
2439.832330790682
1100.9160611578886
1193.0175534039904
1332.1898128803555
1673.39519018836
1582.938079027103
1945.3495304904209
4054.146506460984
2889.7683099110004
1267.089938635738
1341.7965227467218
840.5721911147576
1595.7210951801535
1524.9032793950998
2389.5642006729777
2941.736523786219
495.0817280372342
1802.2313638331484
7269.936511678441
2770.0029349979463
1418.6457931785633
1716.760808455197
1293.2333592502494
1761.2950661031723
1814.6948884523285
1671.4906750866571
3197.6622949640596
3549.2682394661547
3238.357641361373
1535.9782849713895
2791.1796573406946
2370.3595695990443
2652.08405564527
1195.6130038242538
2635.0860241464893
4363.819790043773
1192.4350877327602
2506.3856574443785
1408.502354015782
7671.839507819683
1959.706507638775
1913.1179183421973
1193.1602684077584
2303.5029114360423
4582.149145728789
699.8443560390633
4397.375553128902
284.68601441871834
2597.792876963726
3624.92848104215
3441.6220384337857
3430.3213791222724
1323.4908437242036
1517.308818504333
3932.719849897168
1294.5544086166153
1537.3099587315276
2299.9995631291354
2137.149498316821
2263.5310287290104
2424.903133144704
4955.317505395088
2400.27398216093
3381.278343163595
1255.5242259854
2773.5419375982797
451.8504031677338
6634.658016869223
1535.9077228749816
177.7929507198935
4079.022582967575
1709.4682618211941
1742.2495039612593
1301.0369715563847
2778.8511549847244
3141.0006678566488
3079.942674045747
3585.399733750496
6033.605203881034
2762.7840777038155
2743.38781578084
3081.6008938797722
2780.8406118445077
1594.925103181415
1702.5129610730942
1583.6645147734744
1873.1585128377346
2729.5175164352186
1317.4529202002616
1430.9648057849663
9361.917967926256
3086.165048626244
1896.7445954937737
1952.6193135607691
2420.650393404393
1798.909662333755
1316.6415489996807
1018.4979894129476
1636.2178922202143
1675.9273012852498
3712.5828773490653
2308.856594885268
2249.7180131983428
1050.3973054399924
1246.8166103049243
976.5152113619902
988.8037370783584
739.597791360701
1966.4507738874813
2701.139300303812
744.3379865291262
2201.2699714366963
2396.6893456627736
2154.5203861851924
12885.897525060653
6904.198960710511
2770.67396066535
5667.979558033152
2434.562275727801
3862.8609591468107
2787.5754872841
1879.3463578392607
1558.1725053422977
2609.6775492661372
4446.413665078356
2844.8244981671965
3392.1720903026335
3665.157072922588
5059.34618719882
2176.454680038677
887.69450071346
2444.749779276589
2233.3633018360692
3887.209349011555
3920.8533581323663
1891.162497752418
2866.2047541885727
3732.3886096192987
2880.2511657946325
2454.858427284044
1279.2939448872282
2113.2371716752914
1665.9231732987098
2326.4731344479483
3791.5198598281113
3702.392166350987
812.0445884311216
2810.409361638113
1774.5664460924806
3803.5239740638954
2204.9055436600497
2357.8166404419667
1578.9713291876308
1873.0116235972498
4259.037177954468
4236.706334913874
4900.318620546697
3472.4294267470837
2279.0675965529167
895.6814297452606
431.9700367165119
3053.215437130071
4094.3068220313194
6458.982779634202
3609.8347426493738
2534.5771895807775
2388.6642808785346
3547.568236394423
1396.817609643749
1787.583794064222
2714.0318034633265
4235.51365334765
2544.5717236555197
9366.994434534914
2428.618731036404
2248.7472075106057
1727.4021602890055
801.3723103925955
2209.170934406512
601.3384460896983
2586.7948186494273
2392.754933787343
1692.9776653864276
1181.0087622333845
2151.852084938479
1089.9031750787603
1369.707391639211
1645.764401173048
1010.773808029058
2650.2895460758978
2082.3508717155332
3856.9434869704105
4257.776430694466
1932.2208163812438
4952.269848107224
3560.9266720768856
1819.739793202697
1702.58682055732
4434.245905389943
643.6277722313398
1920.8962856720693
2947.2389421620132
3681.689209310919
1635.9927617274323
1372.028358744685
1632.8892570014361
1636.4421257117308
2622.6530101666453
2338.2195852816785
3886.133045222094
2457.5533381424457
1327.3140557831416
3563.8274650702456
3537.3260601550037
1321.4164986652859
1505.6107156799803
1556.5508613147667
2065.443747110241
1045.0524882257291
2564.142483162552
1223.4786687467638
1467.634979522851
2197.065189022271
1189.3148364828294
3160.1836092560993
2715.575336645311
1535.4293957922946
1907.3580997846095
2370.5788943366633
5079.558703823416
3354.4605775841915
6238.522521713804
1429.9859060768638
1789.647339767446
1284.5417131883964
1591.6096418934592
2215.5245732580324
4451.902210809723
1441.1985589878195
1130.8828272917974
289.0109636039624
1437.8869406599902
1065.2182233205017
1672.5517424419743
1069.7311730370368
1119.4919076498834
912.635440262221
1290.7944276419378
862.6435364467976
1377.7888928422271
1343.0188341005091
1303.2205551525783
561.513545004762
2148.711038233509
1276.7344793496216
749.273596057193
1672.3854728292408
1108.144082718615
3656.7474978475643
1481.6156717126912
1250.0513622564579
1598.7963694455239
1619.0628227762068
1239.0190306246027
1374.7859282530637
1563.6950873524963
2198.3951056925316
1266.5730199664038
1021.3484434412618
1505.531448235644
671.5127823346046
2316.211184391334
533.9078183568835
856.0440984522331
1610.0488191608786
1465.136552502938
1245.9130817367738
1336.3686847744568
1263.659278255261
2233.92293900377
920.8472262576806
894.1403887888663
1787.6345950126356
1371.6951870618957
1112.9282441339328
1011.0323758196855
888.5322577348014
1689.9885120755523
728.0559399664611
1504.3074625703898
818.3290697909517
8073.377846255059
3402.5131363156847
3809.5968840971514
4378.144610653826
7290.137850339312
4149.052989719224
4461.653886617878
1331.8700150328023
3543.007421551607
3919.1849817557945
4247.335706127197
6674.329276011072
4046.2731877704177
3238.273161718027
2749.092502213527
5570.827433026064
3995.3684749158647
3841.0554338761644
2692.185372334479
2852.60949163604
1747.3969684906597
1641.6760743002546
86.7045363283453
3456.660105307898
11275.033511206113
1448.9819426742552
1418.2141154016247
2092.3943901833895
2048.5639792048114
1948.513591652399
1942.8077904322213
7378.533836764818
4612.031262391027
1470.6316479509842
5945.379046880567
4320.692253724983
6800.128376492817
3682.813815839136
5218.382376798262
2171.444016231768
2553.308951282149
1649.2199640577576
1626.6999090249114
4745.152329214529
4642.631988658727
2033.7041842984695
3016.3118115278876
3883.3219973671276
5509.755634557534
1291.3031390253575
8476.61375383094
505.259946711326
2016.9495922079045
3784.0987221147666
2912.5860016650313
3510.3056809440614
3471.3182113290645
7995.29665737824
3119.7285716861866
4077.07933103715
3064.37732898182
2303.3822403458635
86.7045363283453
828.1625613175631
2603.942587776397
3236.2743006585583
4463.3314989103255
2689.134106951903
2140.480891144481
3024.1984423758845
1130.7730506045486
4957.336504228682
1265.6596793133194
6252.177002727859
1608.427245553763
1874.899673360464
1607.3764062296327
411.7932095838376
393.67640637177124
1387.4571400670993
3461.115641977955
651.6399526001693
1036.4383055759026
3023.2131512685764
885.282194887205
1588.6207170732869
1182.877529142409
1508.3539426810814
2440.8462955463974
1686.788047003663
1730.925101927945
1229.1017229523786
1921.0690887010894
2688.293346437758
1815.3670305427634
1661.897943429191
2678.7644406160484
3458.3365881637187
2140.71442537076
1979.7277934782492
2153.197111168867
2009.6962977568437
1959.2688942283812
2470.6836565920735
3135.4385637628952
1738.401378776488
1550.5632847911024
1511.6326761434887
1219.6921953011674
490.8041946431472
2318.18076825127
1400.7172706808221
1710.2177685820914
2507.466052109044
770.1244142595763
1329.0399695763392
86.7045363283453
2669.9924690575494
1714.08419220482
3421.6608724874577
3175.5782802228728
1767.8741632505823
3571.023068126261
4048.245036534516
1739.990401481498
188.425038432079
1638.014031672752
1778.489908456666
642.1910228298783
1544.6435198350425
1479.661741161112
1755.4740090994128
1946.5791939355663
3180.5545159807557
2477.535740387533
2812.371595425647
15096.120566179932
8833.715295479042
2206.352941068986
1984.0216236875917
2206.352941068986
1984.0216236875917
11868.21557494451
12103.205609018156
2489.140490509199
9072.573848568132
7252.576689194555
7065.368786969582
9117.981840198474
1370.6963427837918
9488.202843569763
3487.525819494672
1860.1536637011736
5028.699417646839
4168.872700650779
2413.488699577757
2305.9728211857782
2159.719770137327
5156.103578123517
2214.390389748946
2438.4733304773595
5131.4680037767685
1654.2287335814183
627.5169719499117
1625.2391276025564
1588.4430612037274
3443.706293634846
1230.14766614508
1550.3741375909751
415.45464007991933
1307.2542938121994
1846.7631424211313
1513.3580446611818
913.5862748716787
1660.7283918126745
1962.5419296497134
505.259946711326
3493.994072847417
2452.7271867710715
1817.721796652348
1623.635228482714
1920.158129547239
1939.5091148017332
1589.431938181807
629.8346800224743
2630.685082268039
1666.3357739105536
2054.655875897509
5895.024474099056
4368.389289305098
4922.823695665575
2393.343272598443
5872.2054517148
5224.165509176059
11058.678887302902
15468.25570126849
1013.692398833987
674.5011092998667
2067.7613272721846
2129.544611068755
2240.4705838356567
3183.1021998277897
4285.413598037739
641.6008322306285
905.7023237157421
3080.151030059975
7636.808649790955
7433.475981704278
9392.042591134437
2929.35708187828
323.05416672439486
4820.227069944647
5188.122281567852
3261.0450431445697
2426.5582053728513
2333.0466789831003
2377.9707464716184
2785.6394988139014
2124.803326588251
3806.5321853336104
3570.0931692460304
2501.7663372517695
3832.365466021524
1471.4350024763203
2332.480581836813
1517.31872800284
3127.5893232739436
4438.495359976654
1046.8435912425336
3794.8719281184067
3185.986146627945
23775.072671693622
1763.2163676892712
2747.6949006897225
631.5909152567452
2029.3652354482026
3107.832590178778
940.0634661854948
3258.6914242704884
1208.222717053717
3233.1166835375684
4516.9237830265965
1302.8884358980354
86.7045363283453
6337.245380614294
2189.086876022449
5342.42288296104
4601.049128304218
2322.181716556872
3463.1350926198897
3621.3051186077064
4430.202152730528
2416.2816399520684
2896.8784342473696
1427.2995296380102
1882.4297530498707
7112.20217299261
1118.5169720732847
1327.108249761246
1338.7588770967689
1400.0103248054447
177.7929507198935
878.43923714448
1290.9764742583832
2612.505476857368
9669.135910544497
6559.340247372662
11449.628750036747
4072.836210146289
547.4203963064426
916.7364538601997
1132.5193893516607
819.0052729769001
1503.6316517168868
1131.7035975678634
1116.899315135334
1723.4983399097516
1838.8589747258031
1662.4100086634878
1455.2722623360698
1822.978328900275
1342.967764263435
920.9489557528929
1442.5704000285373
629.6155001224713
732.0530544580723
1193.4984484698318
1161.7059375344102
433.95529407875233
1421.5171398045102
1392.6055518356402
1944.1106529060319
1935.7927174045124
1812.9597038779818
1234.7437694169373
2806.0368686478823
2343.8741153678197
1581.1491089834913
1800.7896670245204
1007.4466975810744
421.63675273201716
649.3565149704789
642.2607864347581
649.2752313959962
1338.5058413013153
2556.2260112352133
1127.2588168750308
5170.789784382162
1398.8403081136848
1405.1744648315573
1924.8865138797887
1353.612613767031
2109.2653009258597
3475.663077053619
3324.735205457826
1644.9726846217238
3532.0647747001453
1817.870560211962
1398.9466102573115
2921.8711495846555
3560.8324844596928
1687.7879331693762
1303.360216526553
1267.6781341827957
8562.564705341327
601.3384460896983
4564.2117103968285
3605.5007880194635
3996.2751005315763
5662.335053390226
2501.58050831253
2139.800507614496
2229.958115173564
1605.7808268937072
1527.6169370622197
2650.6843223171422
803.6928541144619
1901.923186568747
658.2716740176763
1170.860682742403
1718.476550210792
1653.0711130383677
2897.57567101798
1385.108441083506
6873.172941759118
2924.6096641825193
1713.9555593804062
2875.8656803728218
1958.8703634887452
5642.740464400482
4360.5298821765555
3271.810983619789
735.7208670474364
3400.4068977999527
1601.7531128207404
1269.555036141181
1256.4765219377423
1584.139415937999
2276.1807903663403
2259.0118483514484
2592.357332413097
7431.492524296516
4156.606582535486
2844.782285412552
2719.365187044903
2143.658429439944
1790.9078002036174
3034.951491787789
2182.2904978756
2824.8419048174524
8499.054028941944
2598.0743824834017
1556.2224542938748
4299.9664174936615
5568.717788218653
3278.4758757501313
4549.021780663165
2373.481366912862
852.7157040492542
1433.5834402030557
2458.86699743866
2095.033369558024
4427.843128130295
2522.729177155455
2726.1213331491836
1557.83237048945
1022.5766606519204
1273.767595441249
1462.9502090153453
1192.266648725552
1144.188008267166
3164.5176722459
1848.0644408784337
4269.295124971203
3196.5087813151144
1623.401659838313
4152.17118901613
253.45033734149627
5510.263372911511
5444.715932002606
1581.612976379053
1709.7025914137275
1995.9535139558832
1845.066749022766
3359.5516491464614
1878.497896900013
1020.982848478848
1050.9220407697067
2525.005198377255
993.1641986646841
3708.9102306675854
1909.9633829484387
562.0337707618633
2418.7004204472987
575.7045058461619
1653.8837925424873
1024.5210842596427
862.6042102369606
1029.4921552702604
1118.4082147845884
998.2616700873427
1015.3981512303866
3049.2881434618353
3394.1761249307974
2030.5853497823284
4393.04639945594
3655.8974806575416
2600.595173237936
3169.5135403130944
1716.4000291000698
1497.9546448946498
1746.6777167442613
2222.0152154304424
1899.7369065963326
3248.1335652149637
2158.2159525987067
3475.723528724279
177.7929507198935
2759.245262072107
1876.9126624297228
4360.6114253882
7753.897330349781
2565.2178812836664
2151.827643954443
5389.532296956614
2905.0123685354133
2118.157128608072
2889.7047711964774
5402.939967148977
3072.2001768913697
2419.937305956607
2913.348206032342
3783.9818544601103
1689.7530385524733
1823.11665776112
1256.2594013968019
1165.1938060147913
949.3402067401408
1291.125357350596
4147.8375006235865
6694.759014943998
2904.56470300685
6251.115902970846
2194.601640170178
3263.2798542013707
1381.6459897662503
4311.094306965263
2880.911215488304
3246.9535579005715
5858.107183875076
766.2673489609859
2394.149192403334
2647.833862752742
1987.7798304990206
1698.2169952620993
2098.7630982342116
3430.8090199980975
1767.1322963802538
943.6117738762129
1055.7327033152758
1608.7618951924173
1149.1424940452503
1780.3417336928828
4266.215953866215
7287.592168982615
4028.112478246948
6145.500406962992
3310.6446680888
5641.086835543437
1963.5640925187317
2712.3360997633736
744.3379865291262
1982.7512197058447
2228.675017627358
1920.0089794660746
5829.093686566887
4782.866097347611
3314.9764187112687
4076.4509313306025
580.9307285415422
1848.903678237676
1005.1217048562805
1273.0311225801775
2263.6633891816728
1031.682129253991
3293.020486606396
758.3645375560162
2632.310739309821
3585.83973791156
1909.1087549244514
1377.8341469621373
2021.7622549848072
3841.4945280600955
2866.865112274055
2392.679939414758
937.5079541786549
752.5556752565599
3151.818171185702
23222.542353383484
3144.1928275249056
2369.1511740947153
914.3344132638786
925.2600728648341
1073.9984131719011
2353.7860201482326
1938.7715991547743
2726.747966924495
697.902618758414
640.3591322943164
1992.2186753478563
1289.2006830294747
6852.347968133534
1562.5849752945642
2684.324858308313
1084.541299494457
1703.745695027901
1602.983070952546
1428.9702259510937
1243.0499248102328
3089.1632836747895
2304.866251644427
2991.932318407125
3620.0972338173674
8277.860998749651
9610.11165122723
5394.231676615879
2191.6536160755268
2702.093917106579
6356.515536798477
1053.386213311704
1935.987225309424
3519.202858606251
2970.305630218298
3580.6883009577014
2866.456306018939
2260.559295033968
3249.129992390147
700.076163110281
1339.0247177510182
2144.839655518199
697.5389716703606
1996.61734596562
1020.6962732514136
3318.0147151811943
1646.888942998789
2267.2614164069532
1908.4215893176888
1384.5925645995562
2593.086274479013
563.6803655171482
3645.7430784328444
2466.333441775561
2891.9838490406664
1063.190489439331
706.7505280620845
4036.8735959703095
2224.1150071116917
2726.7111422102485
1419.5926535356339
1191.127148461822
1612.4869471169602
8485.725762658954
4435.209747768707
2811.2729046998534
6840.146125197767
2246.1197854975326
2844.4635410935975
466.138292444876
1968.1666249629964
1193.8784693769544
1076.82204396238
2075.641539463862
1989.2206648120177
3536.3894358293614
2497.678947285686
895.5658231810294
1386.4445404943788
1180.8864853492148
1750.8077225799827
7091.223720869445
3143.9823224897127
2364.084072310027
1473.5974849868094
2180.2087338547167
2030.0488758682218
1964.1776412246206
1147.4196939183255
1545.5427569749577
5650.447188785221
2518.115268778542
2494.675649809053
2052.1031043927283
3643.7335725349644
1220.0877811866117
1257.3828072497702
3598.7098470936503
2696.274661798364
1816.9453372051823
1891.4787616460856
1777.6018766139252
2703.785344449645
7628.414071560176
2360.030742096656
973.0024817284395
498.6199161366914
1012.9731423397097
688.929115889377
2674.718026955456
947.5465079068858
2377.921168587503
8793.142726673497
6054.392696921007
1271.0140845636568
1766.4381324336935
2145.8900737052745
1600.5640088285766
973.0753380872859
1587.5634589289418
2103.9563549845047
4119.907716800628
1780.2649783402405
2215.916453097639
3830.9581067511253
1612.5784190177533
1848.5620418808753
2311.730077860057
1165.3916464139802
1502.5706447136724
1916.4631015455343
1490.648299890827
1324.8735142291396
1023.0334186752737
663.1314431780156
2039.878910633422
1928.3185752405711
661.7231162489309
1288.5781677647287
4206.196450188545
5159.786569708328
2524.5362673169493
2404.4330903629466
7101.924287417643
2559.76391570398
1535.5175020283834
1614.3440081414415
3840.216543017941
2937.360721770209
1759.5340655104092
1954.1886292299853
1266.0892020891479
2726.408185086879
2222.8495286279035
1283.4471749966658
1095.053450396066
1173.0790162777
1944.838886774797
754.2741952322576
892.467657413776
1781.5936000877093
2957.2682339148223
3706.3585081178558
1976.1119972402234
511.36490273721745
1004.2629980294836
923.8458741049506
1172.2647794096392
1460.9875640877588
1741.6402789977944
1203.07338848058
177.7929507198935
5112.380791168306
2556.8792542849837
3957.6374551937706
1499.6480399616476
2119.0273719589973
1040.4748359414968
2967.5455480104097
1635.3411824791988
1152.8325240415832
1777.555234482771
2933.923305420682
3864.487040584977
2138.3085596687615
3784.589278842032
3367.3222475760504
1687.609806118624
2470.190982553949
12122.453721774787
2906.386724275187
3761.8570034285462
2877.123229890142
1939.3444780844068
1450.0718039643468
3105.24213923844
940.3701111228562
6908.201810911929
4301.719146726824
6584.693095678312
4318.836394936758
1672.3221116375719
2684.920707429411
2353.0208083869834
3220.5683862332367
1411.430626503213
1131.755811082527
880.6863092750934
6235.344908508125
2447.6544179781667
2226.4727182613005
2347.887757635107
3282.725148436155
4708.166528116675
2422.5967113507463
3725.5324448445135
3637.0016065767763
4559.786737943974
5685.102719208473
2991.838768818076
1093.6087663648268
2554.5713137896614
3788.345504229734
946.045635546578
1540.9595477028327
4562.161038514638
2563.7255006418636
3193.188906154392
5123.001365819882
1924.479798563532
997.1676351259177
4399.226485350268
548.9833803525912
6399.888458144215
4315.151754213526
4240.0023441474705
4807.090659470062
2391.922402554986
2329.610874020312
3960.3133435795908
2947.72702366051
2155.6660674711943
6580.559692104971
2433.703028138354
1930.9307077625826
2336.6768703402845
1448.2397086244473
617.2244851247939
1590.0028457346352
1617.5316108471234
2623.535370707507
2841.1164505865045
42.90005924794579
4039.5042351961347
2297.0456341193967
1400.3104057428607
3565.733902282892
4075.0494851561784
3725.0616344686637
64.28073861050397
2797.5940691424253
3815.6887839860005
2113.682510037771
1679.5243769657711
1536.3126935557711
48.83727147174354
1841.1257007746512
2380.101594326181
1717.271085691117
2867.7854572703495
2223.2733728882995
1579.775404435877
4087.165983483559
389.0893801061984
4016.7482344261907
4747.461600456928
1431.21389031369
1806.9073503209545
1489.6632062144706
5291.718466770439
1311.8708679745387
3087.6030650784405
4764.8522880449245
2230.042877275038
4011.114764714476
4301.19751145964
2371.8291677204465
86.7045363283453
3025.5753819731726
742.5696219935744
5385.488532477112
632.8636648604996
1486.025568704534
1286.7817338460768
1497.7922508601928
1440.1795511878731
1851.5650884498564
805.2345086849269
1105.0943201897992
1168.5380161969185
1340.6541875346952
2055.775244431098
849.3335745375335
1381.3808554093218
2602.2806519988803
1130.1152832475134
1564.1764563488946
5833.368109834014
2358.3788781561457
2643.9503242952387
3658.5204158517417
1627.3724682577447
4546.077489325595
2765.0733428567473
1932.4357325561832
1270.1867698164165
735.64162307851
863.3714153292013
1210.4578867791383
791.0821767879229
1154.8098706536691
731.8531116263011
1812.5578586976894
1834.5698921118924
1511.1022078901249
86.7045363283453
1248.6296706407911
1966.3682832816587
1263.2682186050959
2650.124055611025
648.1287688537437
909.7283518748759
2481.7471691917167
793.0793830236801
2155.4290215773026
3128.344949896307
830.9299882374136
1652.8135347116815
1788.0448646268032
1179.3734111864449
367.2316072003754
556.3910938931825
917.7111764540881
1108.7436784451659
956.4795219519449
842.8645669114342
878.8226900572818
877.0883913853712
903.206409270921
536.6119125381047
679.9585248420589
611.4777544307904
621.2622907098004
911.2856620876745
1154.0426995718099
1305.675076886081
536.8875685752076
1085.2946093477096
645.2363581877262
566.7594132549831
988.270188241389
854.790142973176
748.6048187184001
895.1213327466226
754.0261904103526
1158.6957119658696
696.6721955225782
1635.0767000669778
483.195914735275
1509.2029173477067
2248.4263415785877
631.1541888206842
866.2478467072057
1095.4157502451953
895.173219502166
1853.7735190320434
209.83862013642025
660.3758307270089
1324.2363475881955
1262.643322128753
387.37664756904616
995.3001066979061
891.1294384875607
806.8042778830275
997.4363134884826
922.9245619224866
916.8423015742105
1053.2573751618932
642.430418665325
656.829247144799
1460.5208404211135
2252.1339247659716
817.7426542470728
533.5790137323482
1457.228530342413
1872.9925366627795
1252.8496929106202
2178.3930533317985
1898.7138628588464
2582.5898260926697
828.4268154686351
1675.5918764960581
801.4313938280691
1025.5813517824176
1287.922462859665
1559.0123199999073
1414.5249684847538
750.3761768310983
779.2750953687444
1030.6756290931628
7675.821312303648
15453.810579246487
4690.516292865216
1956.0271240978198
4556.128699302949
3677.851302848517
700.8717152498923
4098.835633696411
5829.735089270159
1927.9721473121394
1608.5584193404636
1623.4975215124182
1877.4583494502522
3337.1015296647392
4780.976505364305
8457.032948413376
2295.416742127097
3665.4396630173533
4753.997177794102
1886.7539047617415
5140.88974588694
2197.744893566301
2314.7727574918476
1652.3443635822039
1500.9375097356528
2772.758000599679
2417.9368989286263
1688.2335865525085
5620.941237648612
1742.3929281496398
2281.0581568481643
1391.3465919505975
2147.596335866688
3210.024509247131
2343.528275014684
1518.8995677444673
2254.93529525119
1386.7930412141102
4003.8784419941053
1664.9604304182526
2484.0478766377264
419.6643979883511
1907.8955162851273
1047.899481230801
4290.796510502106
1483.6918451210959
1023.8830784327223
841.1074428733014
1349.7503118705956
1341.138302967914
924.0578125045779
2696.412207099422
1041.306965913273
2210.835652412842
1639.1894325854582
1274.803145890845
1706.2459020875153
2493.9731089927946
2386.0494362488835
1975.1632336481841
4084.6711499517987
2564.274821642115
2912.8448960268993
4035.11776257479
2288.054222623655
2868.5782167646917
2304.4681308749396
2221.4605760540135
1979.3752892995215
1831.7307181198473
1174.3513897728085
2050.261826091245
721.1141460928992
2296.964140848197
1798.337005935374
1999.9795129181043
1673.8647843219965
1975.7750258938734
3201.8705520142485
650.759730731973
2293.332132397202
424.9280213697809
2940.8548137474636
2580.129129859344
241.2096190654012
1577.6266430593662
440.1342107664265
2516.0265637100047
2437.079517802117
1892.0948347610884
1082.6575105564673
3339.4506571587494
2553.8002616878116
2459.5878454237604
494.07880614023696
890.089640163527
1976.2936137504716
936.1376843768372
1736.5253237107772
1731.6635828325625
1835.9472521910423
1857.4261881010236
1982.8289696138522
1654.0039458613269
4758.275418371514
1947.1007203124755
3250.4457819474533
499.31355230581494
1705.3047911275755
2881.7336840776165
2640.7657684150295
2218.890347737979
3638.8558224977296
2085.7388221249876
3373.282751992784
2315.5014560267787
1579.5692686215416
2804.0797741783167
2700.0436988785154
3665.044334434436
4141.327374879044
4084.6406384479296
2513.926325712956
2318.5507007106444
5997.914814483291
5420.404684565747
4438.837654143424
3226.47270933205
3200.493132030043
1705.441586222367
1436.0176683044506
2264.7494696340596
1028.031828947494
1189.3148364828294
1396.104523749798
1409.875221142733
1854.4766412548252
1381.6002548596457
1085.6454228762511
1011.0490275769681
813.1042944116373
1028.1905237859999
578.3032956020783
2280.3559921514993
2801.0434654594487
1700.4677281871361
86.7045363283453
1207.7773721846509
1189.3148364828294
643.6564874392037
164.5603457087634
440.7796210765014
1381.854053803684
270.0778573067956
1468.676640871122
1042.6391561848777
872.4371997534164
820.3833362331728
1024.6641878835549
832.1279113748286
686.9693702070042
209.84230458427325
2161.380127774348
4284.05793279047
2598.03921669508
3647.8521825187086
3890.0609133902913
3256.5861388660037
1655.7058908217023
2134.5630169020574
2451.972169002389
2653.1869219498108
1661.8968114603522
2765.4675972899645
3596.149244542672
622.9766169882022
3653.8144612610845
2182.2740822047135
2718.8014631411957
1482.6672763218821
10888.614208137671
1996.9711976564608
3296.139220254066
2484.6972231938935
2007.9900283049576
1485.3958433519613
2598.4811854106597
744.3379865291262
1987.0630679113049
177.7929507198935
2054.855288091163
1811.1475931640932
1045.9771923043204
1780.3882332590993
1193.9611617013952
1606.5590915005912
1180.1101661679786
1116.0555694569885
1516.129702483883
1377.7364628934301
1504.7910783807442
1530.1391378894853
1454.8554446131059
913.6913283976684
968.4934027744423
1162.5617293372832
1416.836668238808
2244.0092108000113
5159.946289616208
4406.841562615484
3116.1164178177314
1121.5026894264422
1760.7472576160378
1096.059222120139
1250.231433726257
3316.511057927884
4337.9738084360015
4071.0573112161446
2916.061545209126
1963.1395949229675
1653.38897542835
1245.6849411051799
2510.2893256925927
2054.3209554327204
833.3459477328732
685.8046049492137
6059.410113374972
2814.531970399341
3552.436329604606
1681.0953576832362
4644.967790224531
2696.1537160404364
2302.7316352038815
1024.8811224177841
1907.4799026761714
2186.41780313285
4484.407818687475
4533.487736535766
1938.6444598587132
1218.7758206858293
1537.7052302595362
2239.43364970748
1309.937663578763
2419.997966071716
2138.0206811950725
1296.0176790633116
1255.9699893173497
5288.953153475731
903.9328553918581
1194.0754262694459
3585.9131339302226
1750.3425690627002
2086.1220246013454
2172.339343168383
2272.4736736200416
1855.052853988894
1724.1875746321964
86.7045363283453
1746.0281757367623
2312.232681929178
3910.586095217209
2931.673777800499
3139.6131255640703
2524.2826388482113
2012.1597762661797
1667.3326371829623
988.5945893264435
1155.1644899756102
3044.0535089779073
1592.2375804730702
1372.2587661968553
874.1274315976781
2204.146408341835
752.2854705103325
1623.9258239410296
2593.3981246679014
893.4905598391172
2565.8392149421657
778.7073837941415
2291.4755445633664
2039.0743512244806
4452.547694202444
1657.9136889940705
3877.81319973577
1656.2888376691442
2147.3360847128793
1328.7862833685901
1087.2715586057382
1341.4168629296685
1233.6589473918502
4023.5202603453813
5883.437056024976
3386.213042554977
3683.010993249663
760.8170930559537
5312.372666826422
6350.34850809191
2343.759124021443
1940.4893290604234
1862.1303055493686
2866.082306332285
2961.7025603273587
1662.9791539437635
5001.501221482407
2938.3823532138413
1567.7123726229788
1794.7929778760933
2979.6747484912667
2490.421699390853
1280.7915468145122
1856.051974910935
1774.5831423238917
844.5293983184247
1687.7075095343646
4371.943841654271
2550.9952225266516
4436.820222609399
888.745752496477
3578.145530168542
4244.496845436106
3055.7442999720997
11613.50849124418
2658.7362491301305
1648.722880414502
1388.9175525597184
2933.0323383601567
1620.6160710649924
1448.0022763980055
1100.8422999465447
1258.6120640685149
177.7929507198935
1649.9567994302588
966.3632694891095
3125.3330478645307
2285.517601102349
1362.5397541062036
1556.109545707524
1182.9615379923146
2879.708600789348
2531.2678647781695
2996.8775349723005
1938.1971362780776
1514.9004049209607
3211.7120200073355
1115.5195272634653
2597.390546060807
86.7045363283453
3101.4280710040266
2447.8723562031178
2327.194059137668
2036.1054434699663
3526.9694092420427
3754.4639522395682
3622.4482518635887
9586.902052413147
1153.5843811124798
2372.6691649069326
4542.262983886005
3064.659949738129
1625.5024264884164
2633.0775369145813
2844.604685605812
6411.106911873662
3330.2945457404594
2149.8449960367307
1939.3417772276448
2695.9007706413136
3389.7306613468
2513.026837638703
2385.721362418984
1307.3132943860942
1032.6839101239912
3295.68293491719
2651.681411408433
2795.214225341887
2271.6683308402103
4145.429602709234
3052.8644915019854
3349.250530920488
4005.463537240622
1797.9802360367992
3203.9189560064806
86.7045363283453
2788.2004079297303
973.2094716538321
3993.184909755947
5315.169553247467
1793.1123089042042
2070.2804034494434
6945.258104529047
2381.451930157631
4848.031845618494
4427.061896322
1234.6106426289539
4138.936477752885
1202.5456767626738
2932.987123670083
3034.628144048117
1972.4818616005684
2076.995915014414
2055.1667691449843
2247.5987608554915
2169.4021324484047
1925.1476868751022
2013.5732155409291
2155.9578033306316
6832.219359669398
1768.5972563011226
1614.4353176096183
1707.8556038424297
8206.887345639881
2663.1089583936337
1235.6167662951405
1532.558147310622
1030.4243450335255
1709.8818494846644
1171.878139626843
2402.743074965775
744.3379865291262
2206.8549994005252
1804.1310144345275
3432.3387154673314
3013.107508839855
2477.473656648551
4545.924086691178
1132.106636086265
5219.755261160853
4157.1751023660245
1772.5130676627848
4401.664839836864
1993.0072238112339
2320.5448348184095
4318.550197101938
4204.457263931122
2055.4886380384023
10932.761491281572
3745.116836405523
3007.1758258041677
3555.590788729399
809.1371220283659
2246.0315549834813
3835.986722552787
1122.921879380636
3185.6538453463454
1447.0128393609084
2654.9627101522674
9086.712116602444
6404.084424209856
6268.350846954108
1585.749871128963
1231.4024883534976
2681.64905108803
1085.230392663076
1222.0082677336618
2475.734536682186
2145.5583163329015
3586.1144995507866
2147.386525306919
1274.5513815942518
1686.299706079341
1454.7770358109285
1093.0288810147306
1125.915578955783
738.2969076696604
1725.9342395117549
1963.4736362872572
1257.9837037851794
1672.7506588578458
1931.3868250171784
2001.5682759297194
2854.003800148573
689.7989128529265
1750.7688506830402
1579.0363183584243
2329.756117752639
1014.5901847272092
1188.2442826024228
8852.165239754408
2200.3098702316834
2864.9856441019524
1737.3651588458292
1311.6708520960026
834.8020181867923
1645.0933811666748
1545.5698875283806
2462.9803066273525
483.1352174724722
1550.5196223588687
1838.5415806143283
3575.645272117557
1357.6605137981096
3939.5395475615255
1705.109206015189
1707.2971254872089
3003.8841653455856
2011.5212285988036
955.317631952419
2241.989125728343
2040.669330072473
719.0349343260995
966.9874205008018
1035.8247897779734
6874.788812363395
5623.203383591695
2013.1295348664298
6740.018738138625
2575.226021693045
3784.9439990964165
1314.2980466446522
1295.287627158999
951.955346475742
1855.9791842487923
1616.022798432766
5427.081526279501
2062.683227602498
1019.4258566246835
865.9144616600502
1177.380695077773
1790.493527800397
1696.7586193004215
2857.291232335495
5629.644553152506
5380.648064125766
3883.4343442390627
1563.2300355998661
2623.3796912730786
1664.0490856858942
2095.7976972765928
3080.7460582834565
1858.9767022640847
3656.0540075457247
3332.600827786369
2726.1483180670057
4911.451772211922
267.81505678533784
2619.978235584604
6164.424598727356
3404.1505851379343
4062.1222878758526
2282.641365350891
4144.129397734021
12301.914419558705
4178.912392903067
3276.4925678704426
4620.619984984067
11312.42986248955
4086.2014256085304
3238.9101843671897
3369.290174186421
2219.1479628810944
3546.533045926197
3762.119679569223
2814.0329277422156
3513.4575105090335
6355.639257277297
2030.7215157916835
2774.705991032166
2009.3867376025376
2735.9387855801224
1665.7639799798933
2041.2992246685933
1776.837753804481
3987.2458747230658
1953.4104861465914
1860.417582856318
4135.680224249191
2253.5884302004342
1778.1736682956928
2796.338077388692
2334.355814585446
1302.4164567362634
1218.6776091451452
3509.4859427083165
9613.181810863034
4881.282420906399
5081.421438029421
2318.5643032012918
6300.004130847653
7394.402506306342
2377.2419761546744
3807.4345654345184
4954.009241854628
5471.384434008974
2069.5643330564326
4837.88732776485
6806.982610171208
7951.449319463836
629.3216043240908
1827.7562184828644
1181.600854638392
683.8891193524253
10118.22097427885
2749.5328906648992
3637.016137960044
2587.748317677975
2210.831379402758
1029.7160555131657
3878.405884292815
593.3199569744932
4968.1176565384485
1894.8282339371824
1881.4795086580048
2626.604585866706
1661.837961288054
3031.537469666819
5819.92865784937
1241.051225532847
1285.7127910824731
898.1189722139038
2202.40028983738
2642.60013109632
2836.0898169323764
2265.9409410713515
1673.8007037741668
2584.784124310368
3271.157340701377
3563.314564552108
26468.22250363596
2481.682140869725
4609.00684825813
3577.5257110105404
5122.920133785265
2303.931301036943
2299.566326927022
2261.259009034712
2228.143530605807
3107.5185424905017
5986.052408593392
2572.057334300941
4275.354180130777
1535.4327033447933
1831.926214645954
2358.3793105105665
6498.5780461975855
6139.331563935946
2068.398426025991
4720.111073280609
399.0200196141291
4479.018778774739
357.3112189372589
4428.893551098088
2559.8506624766464
1804.302212634861
5501.971304183467
5591.004484051031
1360.7445080807418
1334.258160067983
1624.0314145720745
2176.9047268033237
5374.201589267172
5033.433239306474
1067.8375534938878
4221.227803651047
4478.185920376116
1676.6993051490106
1333.0214587742944
1198.223006286884
698.3095161685907
1541.8712145611103
2658.263528078921
2869.789520478414
6120.962135118745
1796.112563047914
1671.6198974300864
669.6611583153724
3461.096916205082
2087.1878939742023
2197.3633857950313
2515.194443576973
2321.2593397647875
2100.868124860973
3194.862692222095
2195.892731926424
554.963063031046
3862.0995429262994
1170.871038592579
686.3102529161243
3353.6038695723705
4875.871794984124
11395.608505737193
10029.59846542798
3712.641935235938
2341.4986984837765
744.3379865291262
2094.111390525505
1366.0319776120273
1847.449815496148
1038.0032420397038
2089.0182246845848
1105.3139967223406
889.5056720732582
413.0214581955939
24312.661585144502
2934.524985346955
5666.955367076305
3074.7076391414635
2846.567941194684
1239.8241596733415
3629.4540368936523
3127.0155722824747
4359.339705290783
4423.187674152781
3414.426310221884
4504.113060007375
1826.2000186344953
2394.707421244713
1414.4782277077059
2524.727831503785
2035.3633259095539
1026.6235109026384
1513.3888896677006
2230.394150159882
2150.769285034557
2399.7384276742955
631.2435351126218
1883.2116459034687
1716.5321840452991
2058.50663744492
1181.5939591208146
1536.516946349643
1607.4045389139164
1384.5207250233448
2090.0064853877393
1776.096084796653
2912.9806539810834
642.030839023601
5206.369153888932
2878.7933608195844
2391.324672487433
1720.1045967990246
791.168939652055
1777.4167003981615
3067.033161118902
1460.0943040449242
2091.04348566399
1113.737073909154
269.31057789685246
4378.95897969663
6767.520346146458
9888.853016275918
2469.1649673825027
2876.8285987135387
413.0214581955939
86.7045363283453
1523.4277630232875
1283.5930303206987
829.2368735371348
2029.9361596286765
2661.945319760414
1641.2640146343376
2132.058290510708
1739.4138580199317
2531.622405562464
1861.0353340136364
973.2793649423356
2414.881701945568
1157.473372428066
2797.606901305058
1424.9342261346949
1960.7598094259088
3247.2054068712328
990.1263362952249
854.1717376190594
1675.9033704081276
2328.1599516312713
1275.8012376648683
5348.894060706683
5306.288105384336
3058.464457932806
13274.28132306316
8358.755354158142
4012.1892856250947
2664.325092626094
799.6850330823544
5143.306984432231
1444.596409027599
5393.285239759137
2743.762647097777
2187.610043539426
2866.710989334194
897.9807212268032
937.1054919276003
610.0493860272518
1558.6396622840177
6241.787600744063
937.1054919276003
1198.029436428658
953.5133604095346
1337.6960087867155
1337.6960087867155
1593.365219652583
895.6814297452606
937.1054919276003
1337.6960087867155
5765.342355847207
5006.746173076338
1071.1191796381568
1112.7743562212925
1923.2326233140966
1989.1824458471267
2209.4447808603963
621.3504240894442
3232.11173631222
1278.6076121182584
6041.15438407406
2471.215131345967
4926.624388607519
8117.320032011445
3885.9318383401087
3199.35833329085
3707.8291836654803
4951.999739067115
2644.0246971752536
1290.4029031081748
2316.996996223868
4045.9528668021826
346.78935869842223
2131.3305419180897
2788.387705766874
1790.5494868105873
2588.1639863549744
305.86450656761036
2887.558588154244
1540.6998830911532
1804.1256662279347
6031.893869934761
1811.409645701539
2260.6573481358837
1675.182660767513
1625.1151446981187
948.7143497939775
10241.310295158552
4111.902265187215
2358.5668888520445
5369.674705786359
3744.275604735319
2793.586559351212
1602.0036076656008
2532.3236691284364
2801.64572688868
2031.819598238051
2798.627556076583
3828.9827165004804
4858.56813296212
3111.535614000939
1030.7554245725487
1844.1859782462357
2401.765987884284
4957.65942113031
7949.914435023858
3693.859020079124
4083.33901902146
177.7929507198935
2582.2514560571262
1908.3884761015283
1984.8147558261296
7784.505493056788
1989.7810802389638
1604.3974020754251
1469.1773083270157
5179.193034262922
2057.513389329289
1720.49287396107
4273.508100287979
2434.2396050327075
2783.4707923794754
2095.369670152284
6169.13264843781
3590.213487739146
973.2094716538321
2377.9126315094004
1586.5733146817715
1993.6422175631387
2093.50490208663
3171.3249657412107
3126.454475197583
2237.9503230965865
177.7929507198935
2850.1176048479433
1243.0297854237515
2779.4755731434907
744.3379865291262
2113.9140848230495
708.845914528408
3211.92496900779
2479.040564644151
1452.7613915697584
2169.682632716133
1435.9570078772833
2060.8838938076256
1903.1718742182738
2942.5268363959767
1303.9032876431759
2873.8020610062913
1896.0186889567033
4988.70849975132
2683.4908983822506
3303.8495317929346
1958.5999642045063
2015.5059634929894
3217.6885026758146
3336.069447316105
3799.8740434186393
1829.4588791791575
6006.871078104722
1271.6765231675179
3338.980696255658
1736.8504309091336
3497.156533947296
4325.000448602767
3415.6408689613977
4107.198334792121
2197.2371193286854
2198.168105678982
2142.9087195074744
1675.2042774845474
7100.880134006345
3867.371456416273
5789.915845977317
2086.1502120230375
1531.8472311239345
4771.121107141209
2801.0639311433492
1678.8069060994283
1479.5258202306388
1587.852671304083
2184.780028559851
1506.3802580542606
1485.7575390809434
1388.2658426978885
1280.3215591265146
2624.669376627524
1240.0123263513135
1423.1606838565615
800.2454938503354
576.5492843879741
768.3006260579639
1277.4850756039507
2142.9381029437614
1221.638200031045
5889.242058566634
2424.582136709018
1753.4519727746986
1008.2404281910722
806.0845264080306
4293.677400279936
177.7929507198935
4338.777776934289
687.188536678497
5285.780799607113
2791.67025660456
1875.145743156026
1416.7125505502745
1228.5057718979542
2178.8279752837902
1295.5267680086629
950.9472661244456
1806.4712932906418
1182.6901054348475
1770.3049456599915
676.8797435708096
1040.0841829399067
1224.6595444526768
667.7059024718224
5952.5963048952635
4858.648190335937
1330.321984179534
1262.2334949878632
13086.121123114697
3434.125403436143
2243.8888228519922
1822.8826774020379
5981.584602386555
3008.1401943792384
3078.442679913963
4100.75873021933
818.7753742114496
760.8170930559537
4063.2160542478173
1688.0103349037054
1421.3301791705137
2003.0013562640288
1828.1351058077646
1485.8297666290393
3130.8436582051536
1766.4381324336935
2039.387847718245
3932.5299430991895
3990.6600265566617
3587.4474066836583
4824.7201605566315
1141.0652167556516
1125.2675051048645
1787.83400701289
952.9657047673106
1434.6779458287576
2005.2769207175381
1209.964894514279
2025.1113983641367
2151.0632191575846
1322.9766087651585
3196.836025019546
2377.851158640856
4351.403439252968
3707.943488121614
4204.944542031532
3379.3568173022118
1580.4293607013274
1207.2773117474674
637.8539312732339
484.3393491479104
1662.3349444644878
9257.641977894567
5470.250586668063
1855.226403191151
3448.089985331286
1148.7494329326312
2747.4868776371422
1760.586636773661
3323.3396374005315
2098.124049688796
3716.486853047614
963.0162646645883
4759.962545378916
3716.6293294229004
3159.27006765551
7425.8713296447595
1049.6186073058016
3668.157374320012
2780.3065108036412
1215.6942179118403
748.3654147166175
416.90431179755296
1228.307887513353
393.96977934892436
518.648769805716
3290.0455260738177
1915.2364563734475
231.89054149827285
858.3473979555556
838.4843518369942
1018.5731463657141
444.6458075007154
2631.2986613748253
2772.546841003835
477.1549924404136
449.8791026277971
140.16215589809738
350.69137044023455
905.4058241714534
894.9150746594453
1163.6103649287938
1748.0640299560027
1512.877778266762
154.06496811099248
648.6561269198546
1628.9113414903363
712.7513538677499
2400.2316908652
3238.4481565139154
5416.859731964652
4286.731269351649
3822.2937552179746
3918.699644952151
4469.463492126744
4841.589008156182
6339.0910957191845
1695.1280467542465
4223.495187291192
4974.094021510779
4703.168573987826
4745.764606898082
4631.546448772719
423.52157610124203
344.202222368588
3205.743766699504
2247.954511638203
1947.9953271140437
2123.261718036008
1048.2607867199672
4652.5674087845055
1335.6088836302347
2556.332774381045
797.3553934141626
564.8972669522051
1598.7211899599079
1104.6767221179146
662.3974241551646
1649.723063503124
1294.386587444266
1211.6923549667013
317.06780913589876
4920.315856563767
307.810895566613
2479.5718827491914
1904.6157798633915
419.5469650946371
635.4736216621116
1669.1076026035767
1401.696004813378
2237.334958896183
1566.5214875913791
3414.4520372886614
3044.442546622044
3151.8055930610303
2215.2736207047033
unigram, add-0.1 smoothing, average word perplexity: 2060.944904442865