893.9774542235051
577.4270907356438
2279.9642887252926
969.7868530734858
4584.789680196395
450.96209483863817
1816.7132203853569
395.794050832506
1557.4449589082767
1190.745494557958
995.9631087663367
669.2967961267215
2975.545602733836
803.7210062949549
1444.186481379517
1461.8062525851512
2142.4036044838645
1174.9553272214896
1160.6501375623818
3995.7708899384274
4340.718174045249
1877.1307864362834
4567.955714751022
2792.725351400432
3333.7505363025016
3699.6012092743954
1356.654644458096
1128.6338357313857
2690.7806541805144
5951.668677704899
3469.8707374989567
387.6101940065646
683.0822408086966
1134.8955152518242
955.8157822894705
812.6631636674337
1054.9112172446912
796.3538663468198
3266.5317801119268
2317.9124668382965
2123.6706086324516
1003.6900236453389
959.8129063294346
677.8393209741662
1536.8721250929862
828.7709051814479
517.181743048107
969.9276028991362
797.7607462195648
881.4825448019568
531.9112586656836
939.9818100391411
1102.8194160238206
678.1326806141795
980.2499900649358
926.8649440985629
2511.9924337527077
1804.3789069206223
2634.658238427823
1824.6433044111666
1268.8462291615454
1983.7335638787417
816.6748002325126
2271.2497161222004
1307.1360461410889
823.6854135426132
1629.5066043504544
1916.6811438226632
915.0831095457496
1627.6846275014766
1800.269385620697
1230.3762845232775
1678.5731857892197
606.970261309982
745.7767590559714
1588.0457786300863
2237.2512242982643
1732.3852011759839
3445.158009287114
2332.317405883709
3220.0609024393966
1335.7509683851954
1637.6774165126706
1037.6311460821564
6081.379769721541
3125.0460600838246
2594.8300548410552
2108.159805162011
3631.1055455863593
2114.744383593669
4032.161238428283
2400.170918436962
4337.612000653977
2143.984687523075
2991.730712615606
1575.677050142148
1572.7114113036719
2649.368535483713
4690.060025650509
776.7899310285419
3264.5336275079503
755.9477929425079
995.1842067730319
28321.957887569788
1711.845370781155
3646.964836212966
3885.545460784462
3107.4546577790925
2149.0735945576316
2665.6990282573993
2977.701330339181
1926.7775357486162
1792.5447202494536
2910.3782646774716
2514.764281573728
1355.4919151166696
87.00378540184472
5623.783754444884
764.5503465923556
1198.117365809368
1846.1643787196017
2140.34640245636
1177.2512987789314
770.8686662249605
4577.428048711997
1840.337147404914
2061.227634162358
961.5473174833041
295.28491064549996
2174.8976852532533
1607.3511076595616
2093.3017121062458
1610.5685563603154
2193.424787591415
2490.714383108533
2823.29744067124
2789.0943967273847
2172.741426629769
1648.052149952363
1163.9251191763904
1212.5637679008005
212.03936723959004
1318.163530256304
2769.023133913751
2475.3485649279314
3169.408009770011
1583.151680994759
2355.3375496965928
1892.3975194300924
1464.781955814378
1250.1991540789916
5069.1753246917415
2528.95716452189
2020.7067185905282
2468.759341773171
2952.0166256538632
1914.1446871785126
2361.653061742819
1564.9940933673447
690.0394355272986
2167.7672578470847
763.7907100299185
1967.8128806909333
3862.93731168736
1665.1209202875252
1323.8800693042822
4278.305272170731
2579.08527618876
2236.819160102495
4466.936133410971
898.8622413765179
1109.7626031745745
6690.237190034987
4062.9440150108785
1335.484363279984
2487.4597560270354
1265.6693544991488
1663.263142629461
101.91713858854511
1142.8166678995235
2898.1718823066167
1733.0789088259394
1642.9013286834718
818.4303134864555
6367.9038689784
2423.8186618277978
4280.3404085671045
2937.28462956739
2944.2345970192155
1859.8035833753474
4878.065360656541
1298.7070269925996
6815.88865098579
9103.22546568223
4661.359214749474
3671.3939072126454
834.0041332304274
6890.194060358094
819.2250560343689
3126.3694556269998
2684.4084250583323
1182.604246552841
1446.5123065654166
2269.6798206720787
4537.518665850062
2684.6465197408093
1576.2515095906151
2505.0090653609127
247.48616521949245
2137.730951978181
1361.7125042354505
2207.2409501761244
1262.4137758310849
1213.160716059134
6034.658996795237
848.1571901166409
1374.7870981079977
1466.9302805457621
918.3041354192003
2721.302787471326
775.4337313943772
8666.788593212059
13134.080584682015
3331.183408440908
5365.327756920413
3884.7566981719365
2335.0930254039804
1820.756989622606
1596.8449524709429
2189.4515902221597
348.0246148915347
1462.6480869562974
1656.3372230518873
1711.7754547741604
1359.2575603900498
1206.7399114371037
3737.7619116064348
1143.2133851686422
1601.8019753359451
1220.7688418778416
1635.5733706003052
6893.214874862199
686.5523813257886
3484.0138412363794
2085.2271817870524
2383.133103392269
2760.4391388493145
1901.3229168956611
1737.763699622545
3203.420197968433
2318.530526836842
3478.4158098341495
1364.0288696722898
1519.244308469029
1858.7891391684043
3918.0970921164635
6791.181465885021
2050.638677372596
1078.1342523569526
909.6536825493686
488.2596908821619
1435.487093450257
730.3280683288264
7060.461868288477
4313.58615545852
520.1334177414603
1611.1902759570341
1522.8536905489284
2140.458656624885
2277.6752930156063
2994.233123864069
673.2996584632454
5703.120214528902
841.7339896971208
342.8588710923013
1368.2588655420543
1253.070754577161
971.724237798173
1445.3183375403316
952.1374999564348
695.6307307739233
2400.3428331160976
1142.8746132030603
2818.0804779063997
2886.0617109781697
1685.6306811060817
1626.7038492730774
1749.3527632249206
2323.2303225184114
9202.853304063405
3111.5382521854535
4087.695564376585
2937.4991026019275
3506.0297585129674
918.1560377890156
178.39000402387606
5119.634712411163
2210.2034284031383
4454.759148491837
3286.6061169740087
4300.19854757748
2344.9752978601646
1877.015338594086
14871.358309528396
3373.039755199096
1786.0346069597479
6475.112199017124
707.3022863089377
2177.7635433597397
2984.180533130595
5555.759768758524
2238.530517854581
2193.972357106274
1066.0268660591114
754.7102116399399
1580.183794641801
1146.6911392175102
2009.9179390630015
1787.0698560778578
1623.0650886054475
1654.924845572203
981.4444472852033
1419.487393413784
1157.1090028858828
2447.4670185632835
1161.1051970075098
1103.9434207366567
3380.5526739742468
2346.842033011904
454.29246668223396
1323.1521540327872
3034.2308828955274
1281.6948416684795
1872.5731862915018
1980.112268677429
3475.300320248653
5339.173698861253
1839.0170976744023
6274.759163602774
2253.9622492525496
8405.883414776186
2181.455505157583
3479.14889199841
1590.0440734879724
6301.379498881821
3326.6331887031783
10833.09467942474
722.9356024888317
2986.9135039071966
7139.578642345481
5924.670799825911
5132.967432299176
2997.469479281576
2249.8768767797637
3422.947380383341
6503.1649477762385
4854.770675527896
3239.059544357733
3459.0910118428883
4127.032396464232
2873.4865847205947
4021.8357120465002
1739.667264839039
1102.5213278485028
1189.520473490455
1548.3098149370906
2085.00154713731
2377.6740548124844
1100.4444096751877
1177.321480010064
1304.7094540751734
1621.5247044512942
1559.001652735166
1887.260607661005
3870.964072328549
2738.943892246592
1244.8996385775038
1338.3225158681828
830.7999156642655
1543.7674650778474
1513.3466197783237
2307.980770147513
2859.7399986597197
497.1503617617775
1756.8451477267035
6774.811277356012
2591.2405193925597
1389.2402002992828
1687.4764595388283
1268.5964624018409
1708.0132712074721
1770.0784613786007
1651.9454083138571
3075.4712475989804
3305.7706872423123
3090.1758773345164
1519.1551609092658
2667.850646147633
2287.777910084406
2579.7418508719725
1187.871798491295
2538.9904198225872
4299.637773444064
1181.0304753272019
2473.5747644067687
1405.7745817860723
7225.973938577489
1957.0666207570082
1917.1442100876604
1194.472642205593
2273.1434699128017
4427.436584731884
701.4329040069615
4140.329984796275
285.61148949737463
2521.9663992340097
3397.885701488597
3245.2843469124255
3198.782488712131
1289.6953522631102
1410.763986960212
3817.891520533683
1242.142316765677
1518.675830838023
2242.3316742660268
2122.680010879819
2269.379127285858
2411.4856489501217
4860.237500193487
2362.5921781679904
3061.7263412465586
1258.8027388111507
2711.3566779449893
450.8786932498136
6013.697101587698
1539.5083345869764
178.39000402387606
3958.0370400121665
1573.441773385216
1742.448065845624
1270.34485068051
2740.173570683544
2852.8005251913955
3003.7850445554277
3436.8230502703987
5810.955307581677
2544.9649028588506
2594.8671457522382
2877.5936484950894
2664.8061869439757
1526.0980123691124
1653.4439481512459
1540.20178715477
1832.3554593647289
2735.4373946524015
1322.3341392166433
1430.2508988363822
8684.203677844253
3012.679027163719
1863.2734153663903
1910.5402890560442
2429.109385406932
1805.4961680333267
1306.8239180200508
1023.0343264294697
1592.331258742391
1644.7472101879823
3657.1656855665447
2202.564422573144
2175.1215056519113
1055.3206268305405
1252.327114786666
980.604364905976
992.7676108116531
740.9620644101294
1972.5971462951625
2710.1463875062036
746.8870113194198
2189.2455228083236
2389.5077812906143
2160.1074680685365
12055.146021485278
6542.326383329385
2761.59486164402
5667.9952776337195
2435.1639760754247
3749.647675277219
2736.1163728308093
1859.2919727465644
1527.3058091517291
2531.9040867154345
4181.591814393721
2775.892192375122
3210.927007929036
3494.864992331333
4734.693142696012
2125.670118844589
891.2999606303254
2386.73252968298
2163.0126154093045
3626.2852658876427
3824.3993551025433
1893.9896691930294
2819.9052997406448
3432.0099227200067
2808.7395330017616
2403.034468860569
1277.8785290600313
2042.6700810776163
1664.7776133180205
2332.27876427492
3659.1264590258647
3714.5452842567815
814.1508775945928
2718.1525169211513
1747.5398682391437
3641.8795210164544
2131.189832189013
2277.3983018523513
1549.4279050766145
1847.5681756138788
4065.577770217757
3939.1684587767327
4621.161808100983
3280.773295515597
2136.4146079316047
756.1554463984677
431.6457906333443
2989.3858883959683
3857.6420236754643
5976.8769116106705
3443.35492444899
2482.406377110421
2336.516844029782
3300.534706045412
1358.5770292206105
1766.0079808209503
2663.2262993535123
3820.998446954842
2394.8775505418325
8270.813849324235
2410.438656516765
2227.6174125572593
1733.2854126300188
804.0540051413955
2168.596632571069
603.0182163767955
2382.2629652104283
2305.1481977232415
1643.1492581390044
1157.3526330761924
2089.071159207363
1094.6807718797138
1336.930603161811
1633.7675004002726
1002.460121219709
2604.850821275821
2048.5871832427965
3769.1940471526145
4261.267676268514
1903.2902879411927
4620.327463399667
3321.6699231789366
1756.14883800122
1679.8048205557068
4219.891420963416
646.1372295147023
1899.2355148010622
2854.3644519583
3579.017779420222
1641.7628904033627
1376.9322180113486
1617.1868654587458
1582.3477496332364
2627.8699709506086
2320.5385432420376
3774.1861215668337
2455.658389305045
1331.866842884461
3376.343339141111
3417.4613212624827
1284.5680272795485
1489.7034504699661
1556.4203214233544
2022.8556793071486
1049.5353484283228
2566.158631769414
1225.2724558771026
1473.5561947859455
2091.520991980909
1186.6845757412173
3159.226806569534
2667.805665405553
1474.633749289674
1874.4050387123855
2368.468301909764
5009.105335640931
3205.2733983756825
6205.372546786423
1436.1225069677957
1795.9434064296884
1289.2623085241926
1595.0478572011973
2222.8762303577905
4202.362624086017
1446.0210881650885
1134.852432801017
289.95824756473377
1442.1714911878926
1069.2264710539391
1678.5729189080666
1074.5288488369665
1085.1848182012623
914.2712883624157
1265.753716973634
864.3461845896634
1367.40782728185
1326.8801655564853
1273.2042341785498
563.5003308516165
2121.7788925016644
1277.4416860517558
745.6377520942294
1618.954554101636
1112.6837388928534
3557.823045745172
1472.6617813629591
1254.4145607225805
1579.982228350406
1612.9319784877357
1234.5216012740277
1380.8451591060782
1557.5404699274784
2150.075006400607
1260.6573883339372
1016.8479333101263
1487.1343195671786
662.8089713199796
2302.1701467200855
533.8165187136118
859.2596421909179
1610.2027624656378
1458.8602182929028
1237.7261510661806
1325.5729727202345
1267.4553621530013
2224.2973212774104
924.1966988261801
897.8213283719562
1771.4593174330005
1365.6990996328477
1117.807963641189
1015.0696888828745
892.1641571209866
1692.188460042942
730.8368714826605
1506.056503549567
822.0699573550594
8085.420023792173
3370.409371123339
3748.357465983288
4365.746816652171
6364.216765533314
3991.753154113982
4265.814762544862
1336.032641168561
3399.504859166184
3669.880235990236
4006.3150782116445
6656.126509150087
3919.4747554514315
3063.3168416860203
2672.0967110781608
5564.838118661171
3925.0758099611244
3673.020865049897
2627.99480454306
2793.633769931585
1644.555416541939
1646.1248076040129
87.00378540184472
3190.1641679885292
11248.80447423197
1433.1749594557646
1389.8184642861772
1998.5825477941075
1954.903011024008
1910.8535376492432
1870.909013782231
6706.284474380228
4365.946605275581
1472.6535334585565
5922.180667189352
4245.335289715865
6126.553228609656
3495.6903937890793
4846.34239052798
2130.6219750453924
2540.413569823064
1613.565052723167
1612.9560265158814
4630.880023531646
4348.31236595601
1993.1022847049228
2865.696345941568
3632.636066776443
5161.720554066963
1294.8333806429382
7703.226876539658
506.60343732544055
2019.6723007165024
3621.5323437758
2866.3138170120683
3359.575900995206
3279.6729552637757
7233.0476957337105
2923.896714538019
3816.8742361078603
2917.1024433044895
2199.2028692451413
87.00378540184472
830.895308296569
2609.7153744309485
3209.2601833708927
4276.350959758901
2654.9386693541305
2135.821929104236
2887.5307120291345
1127.6904308413436
4911.746059240431
1266.6358866129615
5963.394444576664
1597.3350806940334
1878.5700893626133
1611.5200399691034
412.70288507945446
395.0057521624357
1391.0790901779733
3356.643413181293
653.013405987782
906.048696977234
2690.7806541805144
889.2073363600396
1588.882573203421
1175.764272260172
1495.2461312707976
2258.184700820082
1692.819381339071
1712.3517770946953
1218.3015239482868
1851.0288720473425
2694.1164572170323
1774.2680401527523
1652.453985666665
2656.102044402179
3395.2063315860296
2126.154705857374
1946.2561444064952
2138.9222153749465
1994.6124871877248
1927.814701698533
2472.1476052767316
2937.1083783562226
1644.9561756187143
1507.8165349811868
1516.23677228244
1222.2453441912078
492.9665735570818
2295.928600566314
1382.7616239299482
1644.1536313947995
2406.360505766351
773.630961256927
1334.2328013720557
87.00378540184472
2674.2765473989853
1694.1511125402815
3419.186548770271
2969.2540018033947
1772.2330783810971
3442.9147497062236
3932.831940633183
1743.9876713025128
189.0395540196136
1642.0985131772966
1785.223031928541
643.4192243449387
1498.8434850087172
1486.0030079695703
1762.718146364733
1947.004404447304
3168.1794693691636
2477.0908401605293
2806.1337039824075
15046.066874608765
8813.839123312306
2211.1480357071164
1988.6657011674652
2211.1480357071164
1988.6657011674652
10592.627350065879
10478.429260125991
2485.138838599524
8117.018275140398
6334.444666525806
6692.982482290618
8136.053682916996
1375.469227982448
8331.467060252842
3135.633089871571
1800.553789202916
4620.331926927243
3956.6784629090707
2256.217461897959
2165.897465936211
2109.9595372417166
4903.580731027305
1989.525473860872
2327.2248673229765
4809.014893326722
1593.0400076962842
628.371517904413
1590.8758763895034
1555.9400604320901
3202.7983379098614
1202.4923377881453
1522.1806860083227
417.1392462523712
1312.0422369478936
1760.2589757853382
1492.4793427451898
910.0324667152282
1663.6090141572495
1968.175004993096
506.60343732544055
3281.719892210429
2337.416212760793
1806.7438474213602
1628.549265062555
1842.340673356047
1923.2900784412511
1594.613174933956
628.4506637067514
2540.237826618082
1648.296495230301
2037.926722383814
5832.004237662853
4071.044692075957
4862.560918008615
2387.26082806024
5346.132596199647
4567.8263864951805
9961.424437380458
13108.280095414817
1013.7099577247961
676.1638005551828
2055.364001448794
2103.153369715791
2178.294991882832
3042.5108190370192
4044.807875748558
633.1714003753439
899.9410826148139
2923.686223035987
6847.56324350801
6514.717503815396
8324.004993917539
2834.018731602969
324.2903069280806
4807.752138065935
4852.811301344072
3239.193927735966
2400.491244547769
2286.807851033099
2343.3671336566204
2683.457983469353
2085.892379885477
3610.2366688675934
3424.4137648702504
2504.0796248992438
3673.7435419148765
1445.0170907649135
2298.53787683116
1482.7176670567292
3033.032120677987
4283.469901093468
1050.331472222261
3622.6176528208607
3118.9997375218
19913.13556453978
1769.763014417662
2717.043053602442
631.6951967191911
1996.6446849682088
3080.8821320940806
943.7806991716758
3152.9505385948532
1212.837773613609
3083.8639130954807
4329.802900810586
1307.6944891124244
87.00378540184472
5762.431455161143
2196.9903667820513
5228.8964762675705
4406.800348815296
2268.8899368443263
3315.812671973649
3434.052332806343
4200.177665153911
2423.3063222305705
2828.431900087034
1421.7850057118792
1847.9255286145374
6650.804284214602
1078.5657832002935
1322.8844620156979
1332.6889703663892
1403.946466735526
178.39000402387606
876.7723593507561
1246.724302376237
2418.151620831091
8785.180928932483
5965.672336135351
11401.946755651961
3902.582659491783
549.8662649556444
920.7919088856822
1133.020044834669
822.4008018988802
1502.9750899307392
1131.1136417405107
1112.9725774474548
1695.6476757463688
1846.9288557977682
1669.640022374176
1460.7538800192506
1805.5960931680636
1348.8383051011658
924.8078959615831
1447.6814697281275
632.6857568077297
734.0664409980471
1190.0076182082953
1156.9331511328492
434.8439363960734
1415.667485493532
1373.923912319911
1912.1606859644435
1932.6690162415803
1818.0616802863237
1207.7986544766288
2702.4155247286894
2340.1287233348103
1588.083499446034
1805.6737112880696
1005.459206795741
423.634098676911
652.0782055733121
644.6477107124645
651.6615114499967
1341.9369653917292
2558.563838604717
1130.2397994065861
5185.8686637584
1403.6998422494457
1402.567069762268
1932.4363752852303
1357.976765480045
2107.558542510318
3334.437252546676
3082.2100565744768
1608.4286277713695
3524.502545201522
1824.551928629083
1404.264975440091
2829.523605151398
3419.3929931216626
1690.3805144203734
1308.1240453960868
1272.8403251488382
8177.589693249634
603.0182163767955
4266.522120759276
3468.8830506838617
3825.888620066698
5153.370060834754
2394.4005366401198
2063.7111501104905
2145.72232147098
1557.1848941362737
1482.4222226131267
2621.5215822358846
806.0343297802327
1844.7229578999004
660.6211679003768
1175.0455124054545
1538.290769275792
1611.1902759570341
2747.2462875693277
1386.02737838904
6184.941603283681
2802.8367139789993
1668.1295353606306
2697.585585094964
1947.3854846951851
5192.581522499399
4012.5235059702873
3037.741652220755
739.0530490691225
3241.9807226435278
1568.687090541434
1196.0060888144524
1209.2744972060232
1541.3634308361559
2069.5863554807747
2259.690020974642
2547.0650068856057
7424.432335120283
4022.0018681010724
2853.0442125751324
2625.023396838621
2108.7705147103925
1739.8038534652392
2726.9362218785627
2189.3477312819614
2773.009754813907
8421.380222325288
2545.1053940957504
1561.6667075706425
4176.053739945213
5067.1751083330955
3103.6784646753827
4297.589274574103
2375.728306427539
853.1871883974565
1439.280130526358
2410.5706237762474
2102.7935476316347
4263.584775586058
2449.5693859550297
2724.719925804621
1537.5364057348356
1021.2882593175813
1277.3565065873042
1435.1568283749928
1185.2252451022778
1143.2787942538596
3083.0234449758955
1802.5212600400973
4073.713641709405
2957.6690979501345
1579.3070973307426
4065.0106387128594
254.44153503474033
5117.818072022018
5169.810267994311
1587.4061603189396
1716.425719626585
1940.0774525479242
1793.0338118667103
3354.191512096603
1880.6399347863014
1020.728064083617
1049.9715976913988
2452.2385049895092
993.7887617541668
3571.082426487124
1818.713945586697
564.3029825797122
2366.9012847450604
576.7882966142611
1650.7555921963578
1020.3563673077377
866.1946371979707
1027.236175816695
1121.9557298204636
995.2570199268489
1014.1083946208953
2664.4400271901104
3323.6793122661657
1989.1342253113212
4096.92907313638
3489.3008524363827
2564.2259797308566
3086.5820814090293
1712.5805138215483
1502.1766159077729
1750.0930087278214
2206.9522860403795
1854.3293420487098
3215.0070282667402
2159.542316804474
3453.7209277302295
178.39000402387606
2760.3472250185673
1813.4165881995978
4015.756370713798
7747.457434896049
2487.526586123058
2116.9467825982
5177.172894368511
2803.5950416940227
2094.2821504325257
2851.4539912159485
5009.293023914024
3049.433011518153
2200.766608022923
2893.034363446133
3753.9861850471407
1693.8508097641668
1826.8159569592526
1261.4277075585217
1160.1793309459756
948.003801979528
1295.125044650155
3808.250075411141
5844.703065155797
2858.043526599979
5696.133475197387
2139.89261785786
3164.4751170727955
1374.335537898673
4153.629862158678
2708.9929073441317
3128.3984390739156
5559.562817604803
762.343183518292
2311.1341116989183
2528.027923601809
1962.5497923019936
1651.119873734077
2079.2593895828927
3439.7426651583482
1745.9238932639407
946.8812076781838
1046.4609897917583
1604.1837422515912
1148.713208984953
1711.6118759716908
4274.583004240644
6764.827567809364
3858.93159531284
5699.206474813297
3162.0856012905247
5517.6548421214375
1866.790656508982
2721.3202952121655
746.8870113194198
1989.5325285483154
2232.9359776668803
1915.463148028469
5533.367013746632
4568.421043610276
3276.187654362882
3916.399361392138
582.7554950870948
1797.6662168804623
925.8944487687555
1277.554519145982
2266.956481899664
1035.6790605279762
3291.9653243340563
761.3639284140121
2630.8762365687403
3596.4900380126874
1915.5826697521368
1382.4223678599928
1962.4667724217393
3682.4969822741
2794.315339429279
2354.031523870303
940.6609792856913
750.1013367563728
3147.757781348593
21786.04685721746
3070.7447719320926
2307.0732739018304
918.5316454003482
929.2551444705939
1047.8656250731883
2362.364837148511
1914.6137971607263
2683.471602935455
700.529287003134
642.349373168863
1920.2059690600943
1289.5464029680857
6760.806921345453
1565.5138625509194
2687.321086374386
1085.690009644757
1706.9951114731682
1601.6147181231206
1429.5015175818444
1245.8888038209423
2993.601104902839
2308.1580167751845
2836.8328454923108
3408.700275713232
7690.110347494972
8802.854200146305
5224.120328750163
2097.8474598877883
2632.898182453025
6224.545956129125
1056.895292995014
1941.5445116498108
3526.364697060578
2855.257834059257
3451.321701153603
2870.8071245017863
2265.5890755170362
3257.1780633838425
702.6842624169079
1341.5198162405773
2151.7221630900754
697.6978920656164
1908.0101039732815
1021.4101504123556
3243.439516745672
1651.4977179226237
2251.9553162292373
1913.5399073273074
1387.6957249839209
2596.678652615255
566.1499166624105
3563.54068888403
2391.439600066411
2840.339722358136
1042.225824506809
709.0185389145641
3708.8991351550226
2171.1569589754113
2681.691725965338
1422.3075176671819
1167.5974298022234
1597.038891674683
7914.396455374926
4364.875852268373
2713.8592091774003
6805.02521567251
2247.896700074648
2785.2472513462353
465.859827015987
1958.9736945627799
1190.048078006936
1068.559596462924
2065.1922553814056
1968.59715842028
3541.4708233502033
2476.8079599504267
898.7845862629333
1372.590417260791
1183.7864869413827
1751.403004940133
6759.031792868429
3151.353967258887
2365.456613740284
1479.2467700716259
2185.49028972438
2037.82541131463
1970.19082518937
1149.877371870113
1549.5445246086513
5183.13505860578
2471.1188521359163
2441.2005434895223
2030.0686708982305
3580.969489147456
1223.8128770930584
1246.8070520380377
3520.619479221587
2519.6061258911404
1761.4887046891545
1895.699721587745
1742.2106946709996
2584.5651340444015
7304.236225503048
2304.5394330126774
949.3962937009909
500.1172804961725
971.8782946699814
691.6465506541114
2579.1910455019893
948.2568885667398
2326.623737811846
8760.195305577241
5820.046485699562
1262.0785609014372
1769.9790433215142
2102.771104718805
1596.7645446932736
977.0658525112556
1573.457905117969
2099.249623557021
4107.627708001734
1787.3338359576774
2182.063031432883
3715.4652619410103
1588.3336484640608
1850.8883088601783
2305.0435006929365
1168.9887355483345
1506.5136192688276
1922.1119066049048
1486.3932475570027
1310.80401400428
1027.5462164323594
665.39839428918
2045.9517111295606
1909.739563887331
664.7135565815375
1294.068061226584
4067.849330713089
4800.774365513155
2475.0614577895676
2310.2403413958705
6550.72849281368
2513.7429971585407
1538.6667595279416
1603.8047448923585
3647.8610749002
2949.044148288426
1763.173065025896
1931.3600194640421
1271.7545470536913
2686.3729041686743
2179.865393881196
1283.050825518051
1098.7604915919599
1178.0701418296132
1942.6998967987686
756.7669929807186
896.5187032132045
1785.015872460176
2887.0908163808735
3476.6235716755536
1907.9562987198187
513.4022936877811
998.869473142685
922.5064778660061
1161.2464827204776
1424.962164064826
1709.1981556707276
1199.8141429151558
178.39000402387606
4645.774856518961
2543.51351437276
3938.244856236385
1503.7125524186283
2123.1797622220956
1044.793293082251
2843.028709803445
1616.0446883519644
1157.061212781285
1731.2502185205203
2807.18567505648
3731.08949368356
2108.9537508678227
3602.977081191725
3165.8444994970855
1662.191230587102
2312.2371098435924
9944.776496264227
2684.1777582648165
3578.045403459982
2736.5593493994716
1946.5903083348685
1449.9498495464825
2958.6376561344277
942.8658830606429
6473.103836137164
4122.453740695684
6327.1824352354215
4273.772952679829
1673.1310430365374
2597.7658112545564
2350.245992338799
3225.887959121482
1415.6316318720587
1121.805211544548
882.1793532676376
6197.381480967837
2401.831559350461
2137.494921324604
2297.9869830607745
3291.1158585165404
4486.165042169442
2377.4377928296412
3445.1756473454634
3588.1184330903257
4477.115409933835
5286.676153167393
2781.5137165303704
1073.7058599405375
2498.9507792391023
3616.5988485401067
940.3664881233468
1517.9192473889054
4477.355143204876
2566.19582672805
2988.2599356072697
5121.6399799652945
1923.671378441544
993.6030726272994
4064.031479713117
550.9142375851503
5101.439700826872
4185.977729812297
4250.90918651595
4372.539474553385
2367.5611490746865
2232.2185981335215
3755.441524908456
2817.126417966516
2114.5428692806336
6579.532310720773
2393.1515183963593
1938.3176202779105
2281.3046254149726
1451.3910949494768
619.1962273574488
1557.3074189086706
1575.9028296106856
2460.367861518456
2778.8323165988113
43.00940927590695
3792.136888680476
2196.8195141802657
1401.2834029233877
3461.6596030382875
3789.072961035729
3544.768398336449
64.4368903173019
2612.253446777374
3681.196229195031
2065.5774670818028
1659.2040160196402
1504.5597497627334
48.9603651390589
1804.1116842454749
2296.370863315613
1704.4903371208816
2814.7414654399017
2152.4216284560775
1580.4910121956457
3751.2713128926353
390.72890534363245
3753.900650179125
4351.701428845828
1415.9702178005878
1749.3973279098798
1486.568914269569
4358.856641028424
1313.293020545217
2899.5602831290776
4434.760453085325
2151.7328207281957
3820.25066047148
3983.528124697659
2234.824592405378
87.00378540184472
2883.81074076126
745.9636456848441
4926.936274401016
627.2089515758465
1460.8012728838244
1290.2029441949585
1487.8617480872415
1433.0627186594884
1748.1710500500367
791.145476163945
1079.6143638724727
1148.6483796202579
1305.5186240219025
2063.2577688496553
851.1530489271292
1367.023046758701
2486.4086061761095
1134.5982414684893
1524.3155299291352
5475.692276745366
2282.941925162936
2570.218536850077
3645.7818212161364
1627.4253811838566
4223.13501676582
2762.833723769074
1904.0039017894333
1228.8571006050656
738.6325378880225
832.6437444553123
1201.3988347670884
793.6639871320338
1082.3215204000214
711.9834905212036
1766.5832909540593
1754.7193235412212
1474.5439960984988
87.00378540184472
1116.8890448994614
1868.061402861557
1207.0538957220124
2604.8651995917653
649.9318895678911
910.8233951813055
2430.437815912697
795.2054593402456
2160.086522703402
3061.980676928079
765.3630721329744
1601.17089153715
1766.861076061269
1159.921947990773
367.582644111039
559.075931065873
921.1087947035311
1105.0936105660287
959.7367809325949
838.5205585783306
878.1124761315324
876.5422517319173
903.9094682371538
537.3883100875531
682.3632408086497
614.3693798505532
623.921087346765
914.9921876432027
1157.3418044628984
1303.4525104929562
539.3880816498291
1089.1509357200173
647.6516335901707
569.3049430165684
986.8274217612424
858.4336568967601
744.9783093318641
897.8886237679105
757.4119341706974
1163.0711431903846
699.4348714882002
1631.4465492196475
485.48093157094735
1496.659350016799
2234.5797926308555
632.8761930288615
870.1001059996804
1089.7286588414743
896.4973238394755
1832.8752505655625
210.68034614206135
661.3321351099645
1304.816086354038
1266.892919230018
388.98183677625474
998.4693727108361
895.1212607260717
810.3133313780468
1000.7940067174507
921.5319471702921
911.1221522744567
1047.8062576131954
641.754744538399
656.5061996782396
1459.7345028730429
2249.501324082971
821.361225058297
534.4043303920016
1447.5694570443407
1839.540696695586
1244.45797761766
2185.469927725965
1857.6025972396924
2490.707191030947
831.7527656827123
1655.0382825320323
804.514668430126
1014.8391890029709
1288.3165198628046
1560.1165685944147
1410.114631905952
753.620167797145
782.9243699606382
1034.9140777537632
6894.176248964493
12316.233438304089
4389.620534830707
1963.7043493314945
4303.0770962854795
3468.462989773277
637.5843996398828
3646.637615280449
5576.305796223421
1857.3465574610657
1594.7512382218558
1501.0793662920296
1817.693542376114
3242.833119014058
4464.826101737025
7595.617587370942
2167.718484918837
3526.4080406018907
4335.758138540746
1807.2621458593119
4868.419349168138
2121.8802870627046
2178.1846482324277
1546.4653656031487
1427.2051920429456
2673.318100555802
2330.4128752201677
1636.458322689651
5212.417931602027
1631.3712224216135
2181.1828384426067
1360.2814749029633
2074.3181547432882
3083.0001900240945
2266.819326086262
1522.0438563427501
2231.7902942169076
1341.2473189221434
3743.9042100884835
1661.6331411514282
2412.810985595089
419.8755035165786
1829.1691843735098
1029.7209433703426
4044.431408579085
1451.821977428116
1025.3300550135568
825.1242626803853
1320.5116422772846
1313.8064270413602
883.4914333788303
2586.4463873783798
1041.1155298398198
2143.4102780344806
1610.9051614975876
1221.2639492352207
1675.11955113277
2382.5538896877083
2258.50824351491
1939.5469161168264
3916.948869577232
2493.3547877308833
2744.9712080415447
3850.2311205148176
2266.53007585379
2615.5086514247987
2301.807586340376
2216.0289110963477
1942.0877754713367
1733.581438599712
1171.7052458062558
1978.5905960300076
723.8614571056022
2254.3963255009808
1782.7321960738914
1959.6418153321135
1671.995357851513
1963.883405498531
3156.680402013743
652.7403126907979
2264.8133152221853
426.58074112250216
2939.9875399749885
2580.6058052049248
242.28569578039836
1567.4951705550861
441.81260619344516
2198.6992829349765
2414.0653869555126
1893.2222353279735
1086.077414310011
3330.3105032550707
2319.068678723418
2251.0496841138565
495.94282951897895
892.7276723635903
1768.0288205657064
937.9761928059348
1636.7168508785394
1730.6214719187126
1830.263728375845
1707.8417498701265
1966.066983027553
1642.8024557118993
4669.39300357698
1792.3229221801366
3013.538260244076
500.4708346706625
1701.4188309136769
2885.4293792717062
2645.8401001240804
2175.0325052825215
3637.556279493419
2083.356750243968
3260.9218698604664
2318.285928694961
1583.3794798563326
2583.169029970913
2498.289845155475
3374.1859783163227
3712.5256637332513
3772.132442845319
2447.654160299657
2276.123345886842
5446.71015892799
5081.391330437986
4166.164234779566
3191.059134184183
3116.1840911112195
1703.545438743529
1442.3791020823862
2274.479152309865
1030.390922015945
1186.6845757412173
1400.3045165668723
1393.4776471107762
1844.0468310006033
1386.8194458196347
1088.3564122257474
1014.97230912464
817.0199535693048
1032.0546981399063
580.8049039588342
2268.805189084588
2779.6894820563357
1698.5698905380154
87.00378540184472
1212.3334210479638
1186.6845757412173
645.1255749680128
165.10618273183292
442.3219317501201
1381.5409709946816
271.2567815317601
1445.4725188983093
1046.639871463637
875.5944969555427
824.326970747912
1028.4687972335496
835.822617974404
689.9652929063625
210.75760091112693
2161.4800741273734
4244.518781808278
2580.7237633440955
3627.505679540601
3799.7538881657665
3184.356304980523
1644.949716471785
2094.617066213486
2376.1654981562997
2589.957983391936
1619.9085391445374
2729.921409627687
3364.838176929393
625.1714185217418
3486.7510566956057
2102.0043293236117
2610.9598877771255
1296.1240924370452
9807.84577272313
1934.3357754713293
3097.345533120882
2493.336658201623
2012.8069982883883
1489.8024585527255
2607.513010788064
746.8870113194198
1990.6606141041493
178.39000402387606
2018.2745787410056
1814.685528972425
1039.145483573898
1787.8669041169671
1198.3017996681754
1611.2957557924785
1166.1577565891641
1120.756719411027
1519.416330997486
1381.7402395252802
1498.967843787934
1519.6333095404736
1431.4909132647715
916.7217236689395
970.7443772747915
1166.607172028201
1419.7734909269232
2218.532072174765
5151.387779551577
4420.364741155871
3088.5668572058225
1126.290605258673
1764.860109342513
1100.3796224560117
1238.8633392643965
3220.443289796566
4216.190137910577
3835.3682590668127
2864.2512983003407
1966.3214648411754
1656.3736750969883
1246.645082990067
2389.1587031708714
2030.1064625402473
836.9544967393289
687.9243418707358
6066.8965882847715
2772.614892281735
3527.9298211705313
1660.783898252989
4494.425992054538
2623.712892943244
2281.9058289911527
1010.5557619997038
1913.0618929760062
2182.9054631676736
4391.282991314341
4546.8590642042045
1944.9901352051043
1219.9414668543277
1527.439832614938
2221.688785555788
1304.3340234327875
2430.2595578821083
2119.4225551862846
1295.9155931708112
1245.030344337584
5011.774031225099
907.1621961158384
1195.1597177808558
3487.3184776409817
1715.6466880863668
2062.845635184673
2101.4036753339224
2215.6280519908028
1818.6998271708508
1698.0857473448862
87.00378540184472
1689.140818882831
2319.222547608014
3800.0950537353424
2894.7856975796326
3047.1470096874255
2387.5517654372193
2017.7202189524915
1633.6009840769045
991.625845113123
1158.9328161970832
2971.3203780867434
1556.470583382539
1374.4688999612604
877.8642111478857
2212.083967470542
755.7683914131808
1628.277881891449
2531.930650487459
892.2760267687541
2568.8617043523063
780.7831268279914
2241.5993753775288
1968.592723392622
4177.186089067341
1619.0914918186397
3684.595225458947
1640.2701022231406
2155.2284868509364
1334.129787235969
1082.4132879160873
1340.9500456872672
1238.1619729361357
3844.4855933496574
5561.010428410457
3267.1173048378014
3583.8442338432947
763.715428420434
5082.145416701694
5951.763036382766
2292.4440273640935
1881.867190985458
1851.8407839491335
2606.5184365134032
2914.36051742873
1625.5977956156942
5008.701697876392
2896.454032021923
1545.6900988438147
1772.1135408691623
2890.536681952548
2462.0765146363733
1285.7910631974737
1860.9663878524768
1779.2889167973437
847.775278284305
1693.7317597122792
4329.16277678891
2412.11338105211
4207.875195378187
891.0533842326104
3562.6862082055845
3957.479245761749
2874.2640398132767
10917.538791812178
2584.1108367646575
1630.493935620793
1387.0454683173257
2935.1991902532545
1604.7248914505071
1401.1226602610495
1105.5881283214035
1224.1292613503124
178.39000402387606
1654.4092609462773
890.1942512868852
3061.8700506565615
2282.638629039983
1367.6609281256667
1559.5109753773822
1169.6580624453088
2746.10491927792
2499.206491698733
2867.236367846905
1920.5444977791449
1487.039473334535
3061.9686705474037
1109.8390259699447
2556.0798813291394
87.00378540184472
2952.3907382620428
2444.862546105662
2326.527188460596
2039.2088320254286
3412.437647315292
3671.573257521483
3316.4243655497507
8965.923829235266
1158.0364541703996
2375.4596552734915
4384.216331451533
3073.030718980241
1628.675883811057
2635.486542707037
2744.554689758191
5862.766720526907
3239.4643576369704
2146.081885704189
1945.7398317982506
2671.570179602658
3249.479668164869
2513.817949416365
2311.714989406125
1310.8296600487097
1021.236913125717
2961.328893268996
2659.3483368254447
2697.9507417680397
2209.400702046883
4077.2091724918087
3053.9668285955167
3348.883290336406
3826.240516243095
1767.9900640845603
3067.0931335247233
87.00378540184472
2768.1411975856513
974.5361657818736
3801.232974353168
4974.111119071294
1783.4917288560728
2026.391038441251
6046.913249505635
2329.0232423410016
4551.494722809476
4156.018219539331
1208.3519845095393
4139.045192891449
1202.2730166188808
2827.1895069673974
2908.477376810269
1951.8112975871325
2046.0556733193887
2009.7854706566682
2219.3652063920945
2101.0979645157045
1815.4898309260043
2014.8700612310308
2135.612825591947
6249.763672159253
1774.0035001693097
1600.848663250857
1675.370793806666
7507.6523365281
2619.173186050308
1227.0909369952203
1539.2746648775862
1034.5990804943312
1691.7000761629777
1166.510648634832
2411.746681204828
746.8870113194198
2195.733665439787
1808.206640901998
3423.294470675145
2767.4538624191623
2340.020308545473
4309.91815852919
1124.5903454721022
4834.372281174264
3859.05232360439
1778.6955620463584
4316.808411453926
1970.5974520520701
2320.0870461243367
4069.040033678184
3949.374979540623
2012.1361656022839
10874.691121781612
3688.3623058345315
2925.89152870745
3443.9463142483764
808.6927299690809
2220.911344224941
3694.74854943195
1127.0489351653086
3139.03995211712
1431.6751829192683
2620.916696226933
8338.80576923232
5764.0174174851245
6250.686552278534
1558.8331124016706
1237.0558082529558
2603.526572571979
1080.9974241510445
1221.1170970045935
2383.0158973426915
2127.310672428086
3364.506083926888
2155.071041016577
1279.4477140674505
1665.6233336153919
1460.8223625673904
1064.5016923645119
1119.7225098839413
739.958187116562
1645.520226726457
1969.8714796277427
1263.4818447257985
1678.227020041713
1822.111111056529
2008.4824401971593
2808.679362525782
693.1128239156583
1698.5981213025104
1568.4830853781607
2202.371419743924
1018.2283130549845
1187.994831947434
8484.76618683651
2126.853854505376
2795.4797838044974
1731.4285409579043
1314.8279731839589
836.3901596460015
1651.642181949286
1550.8394861578784
2385.2367389807423
484.64712531469644
1554.7428104633857
1833.7931122335347
3492.2489175349892
1346.014803892002
3719.3066860707213
1667.0983724559808
1679.6478273032533
2995.644791094235
2018.5952515344466
958.6915456881047
2243.546654215253
2042.798056751165
722.0240373289967
969.5366474966079
1039.2427839456761
6468.726353477988
5377.008531238139
1950.001218322023
6226.990890376605
2584.8514729499666
3451.176357355353
1278.4815118859526
1265.3746226975088
911.9499082614279
1798.961753445949
1524.2691404210345
5166.613520365639
2029.4141857448747
1024.2073487164184
860.6572182423822
1181.5075568012915
1763.41948131854
1675.1174144313943
2824.2612645432687
5343.32815373361
5017.471740463056
3892.5254402791484
1520.0189089764813
2572.984274426898
1629.1732781555274
2061.1475700417254
3082.5252348821055
1860.4926832480887
3498.1851085357553
3280.921979812619
2560.4124990345304
4456.497057536484
268.62239607605
2576.4609899052493
5892.196663723703
3208.7644174502607
3772.2080112726444
2234.819610654828
3827.3748597580907
10728.496339269122
3979.4654920385865
3138.8898847390446
4241.348623084575
9730.601679931202
3795.513030856101
3217.1661707753624
3290.5671773802674
2124.173852846203
3347.912951676205
3541.6189192786505
2661.989432754489
3350.152578716657
5857.44811655234
2029.980118522203
2693.7953630385737
1983.8386028151976
2656.1661721926707
1668.9014140075717
1921.7608114633329
1763.9602058903552
3982.4862624004795
1937.5231551536428
1844.2560516561925
3920.8412111092707
2197.657704493404
1753.7028509693228
2756.0734006271264
2253.015729910236
1300.710261909041
1220.6308022716082
3400.3037873600515
9480.928269758204
4780.865938755727
4719.238555934017
2323.329367769209
5996.003852083476
6682.905505319505
2363.117312103024
3543.552645578084
4921.581913391654
5183.548173078515
2071.70677950752
4616.707248463856
6246.903812503869
7419.7650476726
628.8857542681225
1809.183780152724
1163.6326381288945
677.185654412943
9302.740677015467
2701.749416585729
3552.8822531400497
2463.1405314239123
2163.5277128296857
1000.9051326004702
3781.358368950027
590.9465541835676
4713.679727978589
1886.3318681242629
1862.1562460485736
2573.19301577563
1665.109064491678
2849.069023414073
5281.269131287844
1215.007345159256
1252.77127217907
881.7354026089027
2063.868105596083
2309.404629541894
2536.389471752886
2235.3164711455784
1635.52179622647
2492.772819432164
3133.24622468369
3420.962514559626
25204.741094225632
2482.0996653915236
4526.442915063286
3431.147517192746
4988.176326491187
2269.0099492338636
2247.47782197412
2231.5656589164983
2215.220621418191
3066.5391103988477
5846.501162482299
2473.8688676830097
4019.757766279014
1525.8103724198038
1776.7112455665422
2246.6333346089755
5881.794832612358
5744.661402578564
2029.7921818709044
4398.666348620133
400.6056198981931
4334.914189196847
358.926847675117
4217.566157124001
2445.0759056037614
1737.5866992640085
5139.06835735469
5608.980914182069
1365.2984605721629
1332.4623166145611
1585.239955187978
2182.613748995076
5282.143056374167
4963.885394745702
1071.8131316696163
3918.9414552652197
4321.850562453936
1608.4686012928814
1311.1178843393177
1182.2957834868419
701.0957704686014
1547.5729540905065
2587.310662645327
2814.0794353040574
5538.272474550608
1570.0281910835731
1563.0752678253114
672.3647549554577
3354.144695105843
2059.5329784663245
2070.764549494408
2398.3593229554326
2247.0086075290897
2011.60733314252
3071.119121232805
2112.502336360208
557.2196755933136
3780.233091377939
1158.768838712965
685.2183413146029
3261.997888847458
4523.528894880915
10438.478311106548
9120.51488105739
3525.883139557504
2350.419318934124
746.8870113194198
2101.2979532408553
1371.0446835798896
1614.9137530145515
1042.8638192712922
2066.0316078704805
1108.0274670791598
884.6321748278597
414.76682878784266
24059.27628281704
2900.5119141462665
5332.686576500834
3000.169868244998
2709.267058606522
1241.342602645329
3520.609746522616
2960.657309826431
4071.387315769885
4294.670472787738
3225.893171296926
4339.5984939268465
1798.843192958606
2317.5016941159843
1419.0281918101814
2530.9703262446174
2040.237990831254
1031.0747549371824
1484.1700078523247
2217.137544210638
2157.543956803322
2337.244800540117
633.7206275470309
1888.921884610877
1721.5802753043015
2056.976843386464
1175.9786793078233
1540.6389544021038
1611.3071273475268
1384.296150655834
2064.599382093771
1781.1112738636855
2916.2633364508206
637.4946617695922
4915.299594896968
2789.619940415216
2338.7640661745754
1724.0400196485302
792.5967340678976
1779.774522189814
2983.8635832642885
1461.5209868498453
2009.1287822674574
1060.2661280548036
270.4078951006061
4037.9030403128154
6135.975646346551
8808.939038891544
2390.386181091567
2775.213789752075
414.76682878784266
87.00378540184472
1526.9187320392145
1281.1033248173637
831.139972795842
2003.7720366714682
2607.551796713675
1625.0439221480228
2057.1106929987036
1718.3020456781774
2499.9395459979473
1811.0603859019566
973.7165916338141
2318.9063200106084
1160.6336151863811
2803.392783615383
1429.2885024368143
1911.6291704653713
3135.7614289423177
994.0728826430818
849.5185013125913
1642.6107805273268
2281.994032469149
1260.9039684349107
5161.791661322647
4704.869573221758
2920.7257703451373
11710.23663718937
7525.552568424318
3988.402975222713
2660.9603177279796
803.4061664006131
4905.6250556566565
1407.743545279247
5128.508473375982
2704.944871097862
2160.996321018812
2712.8604682807827
785.0254007736916
819.2250560343689
602.0396794499837
1362.2012847804992
5494.856202328255
819.2250560343689
1047.2676275071885
951.9431990301006
1318.16599495941
1169.2896030538934
1392.5020458820466
756.1554463984677
819.2250560343689
1169.2896030538934
5264.47736165886
4734.389220710595
1045.246346745619
995.6601866943442
1852.6300129795147
1937.7473240278846
2113.746996140626
624.2010631645588
3135.4166708896573
1282.9690877816583
5267.106034916929
2338.1037249907185
4628.437332623489
7803.257016595106
3740.653321371801
3060.5086849115014
3455.3445096511946
4523.3797268518165
2504.2425711373307
1287.6295130573396
2257.9307683693874
3855.1105329025536
348.0246148915347
2061.105194340467
2687.3607692168825
1765.4968761997907
2493.472966756434
307.3449156844294
2737.376732092858
1487.6599360140742
1743.8744375789788
5596.518330976177
1717.200445275853
2156.3162394914593
1650.767404736133
1606.4300178978847
935.9566676632268
9702.120399464013
4003.415181184449
2304.429592311246
5047.7620049232455
3559.668956716518
2647.1008036129065
1549.4098783231136
2472.750237899396
2660.061234754744
2001.5493343431492
2706.928781112462
3542.072989074579
4658.799033540016
2972.1625672591476
1004.363491671899
1797.7215114758649
2098.7486876724975
4696.575026606237
7283.499826787513
3558.05244803124
3809.2110752100734
178.39000402387606
2464.451885081905
1907.8051678904405
1948.2676427096108
7291.720536604013
1951.3576211379216
1609.62197429199
1461.7053306161004
5193.853247279426
2017.8605193798248
1699.3119775875732
4162.545262337883
2357.342412429417
2713.131217215615
2029.2618725064942
5842.43493779928
3264.191429555621
974.5361657818736
2286.999879226264
1536.1003388890429
1978.5911379927163
2074.544807824635
3132.2724394030693
3053.2282308504905
2162.599199536375
178.39000402387606
2756.5418826382866
1244.8815623056016
2790.008252118111
746.8870113194198
2120.899740571099
707.3022863089377
3107.6416786280597
2408.3543350796836
1431.5642517626284
2150.920013143379
1439.584203783067
2022.9253186928138
1854.0391048672664
2842.87133627535
1298.3428569268033
2856.6058803531078
1891.4758674481973
4913.897237853386
2601.6037850720927
3174.2127504986665
1918.6821519633556
1994.6091907906061
3112.061820592754
3159.615189152017
3719.83472084551
1806.568469086132
5518.404111993383
1276.1044634046132
3222.280286613374
1724.910997529272
3449.5058362057066
4264.891725028973
3368.5041627737396
3968.638283670287
2145.4410947529204
2177.650242713731
2138.5991940042018
1654.6439903818014
6518.374909402952
3597.1763605058636
5109.881280439752
2081.4266079554354
1537.002026596427
4780.739843473285
2811.043124161698
1679.73699739177
1485.380269867357
1593.5007688363141
2185.696058181339
1510.9203415543723
1488.6240212081022
1391.7685226921594
1250.5508214466854
2538.3985157196344
1244.4559627575973
1429.0477225735874
803.6010099609556
579.1494780497334
770.7358527682931
1281.8118500530695
2146.0630071726055
1173.0332308337047
5201.188394378149
2288.0442336585347
1645.9956835431562
965.8865148605834
794.5464820398316
4022.627493752701
178.39000402387606
3970.7021541372387
688.231252925288
4868.922554523234
2794.049718972271
1877.2089111612854
1422.085366052891
1230.8136388742225
2164.8824572828585
1299.1475480015117
955.2428434811989
1757.6451558658443
1188.0102193826697
1773.003408993962
679.3972269957812
1042.626655414466
1190.2613451621905
668.6789472109753
5887.504246843018
4716.131239912558
1332.5938880268855
1259.5450001125103
11636.475172962228
3273.388742397317
2180.123257850339
1829.8955092678057
5723.57837115436
2914.4349246503643
3022.8848045012696
3950.9020537005313
821.9891413866739
763.715428420434
4021.336857431146
1671.3411003133642
1425.0381340985743
1982.2391679196223
1803.9923706317738
1440.3367788712765
3124.854081263476
1769.9790433215142
2040.0993737263225
3759.0967386202256
3865.0999520542223
3464.231765195903
4565.5304609265495
1145.1776574714443
1128.485450502842
1759.9311681089737
956.9638883650167
1436.7207584229268
1923.9871972296687
1192.508884028499
1915.033897537897
1950.5339424197118
1326.8815826387392
3197.42216590845
2320.899212013437
4302.321483813725
3558.8794551369324
3976.0241139237087
3387.7861612971874
1586.490615234107
1211.815558086991
640.5882216537715
486.5100461700298
1659.811837032514
8936.705848919664
5189.736961283393
1860.2991997104912
3307.962918806586
1150.5024047704171
2686.2636718921717
1725.7168294356875
3223.23571693808
2084.764380455335
3586.8661237151896
960.5620402685146
4388.581174955433
3554.6701638894474
3011.7631357864097
6721.332606172414
1016.1763644322427
3430.0696935458986
2724.4912304319737
1219.110807110062
751.4711090453429
417.80171747942416
1231.070806607894
395.2765103770798
518.5411206837132
3005.957387200284
1904.703041749583
232.83280117751502
860.8997080525064
831.3945244029461
1021.4681418342134
442.22938657291945
2602.5879150935093
2778.1002350515346
479.11260282495306
448.01967151129986
140.70822188805496
352.04869050454835
907.6386388219811
891.2648825321982
1016.4878597536589
1746.115811493066
1510.9876801289322
154.6643036488384
590.1390161462745
1614.928878267532
707.6548577805419
2286.5355158638135
3231.0769696257776
4960.022518866159
3973.403477068472
3651.765249513744
3658.7138932935914
4318.77234261883
4502.86588562634
5985.921463472889
1481.2579228989828
4025.095629408571
4677.858898979395
4486.03415879005
4444.311305194462
4412.506510096948
424.9155891142394
345.06594807956697
3119.4081559720175
2230.272403357828
1921.9096191670449
2104.069733001572
1051.9739979618137
4199.495334650337
1230.2801378826055
2539.323828422208
786.819763274903
566.3337923624434
1397.174976606477
1004.9285393829961
659.8326459948253
1497.5460542082274
1285.557686313686
1041.0316573902671
311.4705674466828
4395.726160201376
308.68494455646356
2255.2569941754123
1896.094221372709
375.31637912549166
555.5104516112458
1550.5603317092543
1286.567245779194
2031.9133318185752
1548.588248872204
3077.657522494324
2998.2695810349846
2874.8532819517277
2179.9439402989565
unigram, add-0.2 smoothing, average word perplexity: 2012.8182535556036