897.9769838692373
582.7149636677783
2284.4256368755414
976.720707289236
4596.391038994397
452.8548104053723
1831.7905154234393
397.9698743736258
1557.493435155263
1186.7062811892665
1005.0120298571712
675.4744065909852
2881.748736221608
809.4866002356596
1435.4071200245414
1470.2259207979255
2079.3249257343928
1180.1623803957823
1165.8064563960424
3945.7258009170923
4129.802651556368
1871.2816305030237
4490.458982285345
2731.925795252384
3147.0390733868257
3349.0443822139064
1218.8474535652185
1131.7916405372428
2393.5745070825965
5461.214568406966
3286.2036943957096
391.0377089094138
689.4463678810645
1136.3364874354256
956.3303020667463
820.1637274218941
1054.258420127296
789.7190384447497
2981.533228867172
2214.889204935014
2102.829371147111
1009.6923861212282
967.4210552538333
684.0799557950866
1541.202575209141
835.0000481418475
522.0768443623803
978.0155296027494
805.1777128419023
889.5102452413498
536.9585454218269
947.908313767652
1111.4017697583822
683.9957898244796
986.5570697052051
934.7732224314142
2453.105768637588
1796.3354117687618
2544.174010709722
1818.0410310637342
1273.9760477879636
1920.1187048633378
814.8829826797305
2204.1613753180977
1317.0131377750433
821.9126768955033
1630.9033975295872
1887.734424636029
910.0930547742477
1640.0667500196369
1756.0882068420603
1219.91181115068
1658.76267534189
612.0567882018937
740.9780709852402
1584.5773452975343
2187.2679540398567
1688.214933530377
3447.662719128125
2344.685591390694
3109.03104096992
1334.184169734325
1636.1498568801421
1042.715875054723
5790.6059554041985
3107.4869078700785
2546.2672692309275
2116.818149680756
3534.6319165330433
2092.424622683803
4049.648411425314
2381.3793133228646
4238.467629207408
2140.859679086741
2896.654749923017
1578.837500586355
1575.365111717633
2608.3832153084495
4385.151149938426
781.8080307606681
3152.2254677269934
761.5071644574592
985.9746304088352
24039.481252584992
1637.5121807116632
3485.387509633377
3754.9589384437913
2993.7693548474354
2091.306731352887
2592.2816843587952
2822.9970079750046
1934.0358985710993
1763.068875405069
2775.34358208362
2480.7966838470115
1357.0724852697867
87.6005410626088
5123.383044938581
770.6317486343534
1171.3190883778548
1844.339835516768
2079.737052087891
1183.3425956156423
777.1158879086216
4133.464484981885
1810.787249533726
2016.8982494160996
966.0904009358246
296.7251519558253
2153.667069522869
1613.657625421666
2096.334209785812
1617.8476687852856
2206.0265812533894
2444.1945861049303
2715.8949062624984
2594.432397639738
2115.1786639499414
1631.05237511854
1173.7905981085855
1220.7809295998138
213.41744022810983
1260.6758059619883
2611.2844707195313
2386.3657913524817
3014.6918245837387
1549.6531513590464
2283.218983846384
1830.5342848351568
1473.048731366456
1219.603511691816
4593.520086011055
2476.819517431658
1966.7336546773222
2394.1431993464507
2866.416465435702
1859.2606814721155
2212.4147240691095
1446.1219246906444
695.6471378804755
2176.471757307238
770.20701069164
1965.4803861191656
3551.141533241692
1529.933551275324
1284.9367194511067
3986.7462850240013
2521.8302307398567
2208.1598978035413
4392.146805679213
905.5508666817651
1025.658741292969
6098.623584065378
4042.61727701242
1327.0034446821508
2278.926763706668
1272.752264054966
1670.0099706665007
102.73879127115967
1126.7214868893677
2530.4582062908667
1613.2625798759334
1652.1388294094045
819.787770829075
5852.454861936909
2356.65500653983
3969.0248425186664
2828.830160954176
2840.1379031692377
1838.1261719586555
4633.772012760869
1302.0125850144836
6442.407111303136
8938.981941708384
4607.05287935666
3596.098210572187
840.1614092172763
5503.7928169202805
719.1340902350074
3003.6257500339584
2566.8791121060076
1151.671144675195
1452.3829466678474
2146.0507815431292
4338.3983412352045
2563.868091420878
1547.9630888938696
2409.498524610171
249.05533117387262
2095.9050455779666
1360.8785874871978
2162.3642832990563
1249.3975531699155
1223.2123339733114
6023.625806912024
856.2536802918715
1379.2244317841066
1478.610831558555
927.1390050033996
2676.726199061093
782.7287738404143
8623.667588498909
12402.91118112313
3246.4086520052415
5121.0962201356215
3884.6306797130355
2354.209151652696
1832.2423243186254
1600.843775739855
2165.9799809174665
350.4864685494896
1458.3591446697799
1654.4071109546612
1704.6948401324687
1349.0069929510896
1216.650291889879
3582.2685455462865
1153.3955810467485
1612.5083352049746
1231.3359165145105
1644.6582034269009
6156.294561739408
680.3298837602848
3401.8342592456547
2083.4082433292638
2297.2553198889705
2666.1672992344775
1892.6791893641844
1746.6395112736905
3108.240067215485
2289.0428443014926
3492.5727967983
1374.7852670917546
1505.1623154678332
1841.1736269492828
3530.7444200197065
6222.928326004097
2065.3761971896465
1087.5466341967426
917.753989267543
492.9091113730863
1443.5673899267022
736.3880754889045
6729.001652937694
4014.4520661317374
524.4812715553676
1540.6723663188006
1477.1772244258339
2058.792369756819
2179.799521595477
2837.1814774249424
677.8021769654556
5488.5927621554
848.9777031657978
343.9899118916051
1374.5876461670637
1261.7415501016162
980.4254686552607
1446.6783379496878
955.2102156648156
701.8177161350815
2375.742551011014
1150.4848991636482
2562.512007876319
2896.742348533715
1698.4746695963613
1623.2454670766278
1719.4200932107888
2213.561055924042
9103.10461438449
3037.7869226049406
3778.548768337599
2891.0123693731516
3374.3528426294615
925.7660255877265
179.58021874666537
4872.124600882781
2217.821408667515
4226.152254580451
3164.408922960709
4068.290697428572
2257.8789862543395
1860.13885878969
13887.664807911658
3168.2568323671862
1747.9842095141528
6166.093961038164
704.5830617197513
2162.3524868117474
2749.075262249952
5150.482203480728
2195.6501128387886
2192.00405032786
1005.6214574103768
757.9105892437562
1554.4922925127178
1129.7533748626204
1940.9938108970434
1773.0128638865754
1571.1311182765849
1625.1800171929744
987.2660438202328
1381.561603787647
1143.2702237836213
2394.5990819984067
1163.556249792262
1107.3101765400336
3362.476232925814
2333.2655410209454
456.44222321584965
1285.5773584265212
2949.407768322554
1284.5297838685028
1820.8423319576532
1975.9577611737013
3422.162115738197
4937.48072362766
1783.637843009511
5755.737698437377
2207.2650941324223
7702.351053225255
2142.94045786689
3307.892096643659
1537.2847582816096
6036.540811270655
3100.4991479361584
9561.244960214695
687.272725359258
2907.0611228168477
6646.082339727913
5429.796558349409
4852.404922656732
2864.9874431941153
2149.949688459915
3280.158440417955
6134.7409110001545
4593.612195591147
3129.100461056837
3309.0400412758904
3854.568470825968
2748.842142432699
3883.1601428452063
1722.6091797665488
1107.2736665976615
1181.1648722610894
1499.642278736216
2008.5346575258197
2318.6152552166695
1099.9983551943872
1164.099280961938
1278.2209992389817
1577.568325346958
1536.6162719361098
1832.8612698387342
3681.6822260893546
2596.932129179096
1224.2449907349865
1338.8552804149012
823.2858987342373
1497.2649177258777
1503.2510179668222
2234.779388885475
2781.8641657041653
501.2829973671337
1714.199301702962
6299.901483312642
2421.8643017436184
1362.2421693895392
1662.8869884263067
1246.2357744771869
1660.1798944159377
1724.9257696207894
1636.1813321720906
2962.1940660893824
3077.166310306595
2951.316056913463
1505.8909191928428
2545.99634680969
2204.4450359401812
2512.2972366477998
1183.2461490313842
2447.1973567246855
4230.876059951419
1172.0613704103514
2446.0805444492885
1400.9419928333689
6773.513093864786
1952.861899845311
1925.2140317304327
1197.5634922599697
2242.4202740455967
4266.874532116499
704.7697010032399
3897.1262226903605
287.46143367796
2444.7133353599183
3187.6712267542184
3065.011772853031
2990.861583797404
1262.0565317621765
1317.141226482138
3706.1031556627863
1195.4511094162676
1505.1550385275295
2189.199621855891
2112.8818878946504
2281.002901968296
2402.1963895593494
4764.122546172791
2334.222149969877
2772.613299185729
1265.3581032023446
2654.9745064814147
449.16972723521747
5455.885897625494
1547.20793776426
179.58021874666537
3851.800514411088
1453.564110722677
1743.940999621696
1242.8154584943027
2709.3261383586173
2598.1563582926783
2924.723781439735
3302.1580641795017
5573.6152017578725
2337.3632836147062
2454.5843418079253
2689.6027568216878
2551.7124495529124
1465.5281011518402
1607.4968077602134
1501.2960329542982
1794.3916729943178
2747.3229947769373
1332.0927888856206
1434.6768373589778
8070.5295286339915
2948.6410677520116
1828.6968345559717
1873.480063366923
2445.9614199548278
1818.6389865248038
1301.6865630518794
1032.0945011827293
1555.2316802912308
1618.775401303582
3611.8488470772945
2109.8964684668586
2107.2609940381653
1065.15425112047
1263.3346260471021
988.7910070406934
1000.7121696802403
743.7401667703381
1984.9238236869467
2728.0856042676005
751.9653980916111
2182.5603337370185
2376.436120972437
2171.422284400488
11230.532396168745
6208.027059960478
2745.7462668771673
5670.117111974715
2438.0494350290833
3640.05366159585
2680.4441743294187
1825.152379660906
1500.6007921784233
2458.231142372538
3936.664579295938
2711.072434480438
3043.402730001959
3339.4191963379926
4429.140355607065
2082.4369431891632
898.4928140369104
2335.977514974252
2098.80231491368
3387.064602357662
3728.2208758597394
1900.0193160275414
2777.1144914487854
3159.4295038348478
2747.659144001124
2356.8523629325264
1275.5752183454
1978.0349527202397
1663.3865043511303
2344.2273663054225
3525.3933848618735
3738.7400602185226
818.3477041903574
2637.316330820149
1726.3105403462687
3492.2873229153274
2065.9909633239095
2207.3724158624505
1525.4221438347001
1829.0379484429318
3881.4107693209935
3669.3656842624064
4362.823917972258
3111.7780244432715
2010.3918953425084
640.8502754277196
431.2556427825487
2927.56554686485
3641.144672046078
5530.1487881821795
3281.089997780575
2433.1695004264034
2291.8420046150122
3079.49455677042
1326.3167140304297
1747.3025908838238
2617.840465153987
3459.49549506409
2263.0369813508873
7317.030627591903
2395.4277306578306
2208.3022552811603
1745.075812798162
809.3999497460638
2134.8768770039487
606.3913096138397
2203.1436066096085
2228.488312223989
1599.8751579780117
1137.4961326553716
2031.6200511801583
1104.2182012105034
1307.6934414019022
1627.5530256313475
998.4761767678673
2563.8080467854347
2020.284980543717
3687.7764698654833
4268.573024465343
1879.973906780859
4316.122010614587
3106.6525913140495
1698.885944389365
1641.5552282333317
4006.8881552171083
651.1419650010713
1883.6176802484574
2770.39180087472
3475.73197497547
1653.2709244576033
1386.884387683911
1606.0581822932263
1534.547476038166
2638.271156128426
2307.5373849772072
3667.549574070522
2453.453670290864
1341.1055125275736
3197.8178639679254
3306.116943474991
1253.6414332717916
1475.632424687762
1557.5414636180517
1972.3748994657376
1058.4921431748649
2571.5054499175003
1229.3903239425492
1485.3650644832796
1996.7300077246703
1182.2716495376383
3157.7249012808093
2621.3318015297605
1420.436241364676
1840.1117639057388
2365.1679778851803
4947.049585427753
3059.8561963508005
6151.455773330754
1448.377113687769
1808.508505614482
1298.7335187019473
1602.2083140880695
2237.571176426277
3965.970894747705
1455.7242395368135
1142.7583050071155
291.84560970383643
1450.7869384549688
1077.279932982249
1690.6610950868308
1084.107497037871
1055.8456639719816
918.0881303496552
1244.4711223627178
868.0192516984622
1360.8566600781971
1311.2742397099187
1247.8222316084136
567.4989816966
2100.154683222264
1279.7435963659434
744.3587312879654
1570.1608854449178
1121.744826528065
3390.240077768897
1469.8351759385887
1263.1919340632576
1566.796632444869
1610.6657848495508
1233.5658069367887
1392.9394466004433
1557.1848128038348
2110.678749385452
1259.811118648902
1016.3569644676246
1474.3625292655631
657.2667391594445
2278.884563280624
533.6670499540511
865.8519382030419
1611.8863490264157
1455.3603709715953
1230.8333415741345
1318.1166512634209
1275.0582246293611
2216.9349452828055
930.9172312680652
905.1885788449706
1760.700785022355
1362.5120507224235
1127.552844459619
1023.1647388033042
899.4111884762643
1697.3821011876562
736.3820949034223
1509.769578680018
829.5400758339558
8109.678009604963
3342.904943661945
3684.507595447777
4345.908505110729
5571.210566076158
3826.200405913223
4088.588337355527
1344.4763502068597
3261.8332003772202
3436.445103991605
3780.468809402864
6623.881829302825
3786.3301391659074
2898.123808446866
2597.622332006568
5554.960594375533
3858.2272598485133
3516.3893271630145
2560.8092887658013
2738.4861625125463
1551.5382076114092
1655.089900554322
87.6005410626088
2948.972027866176
11200.267743878121
1423.2670747842512
1367.5038943573845
1904.9490030967688
1869.293830337424
1874.3803357104873
1807.608882630831
6105.525655192627
4127.0972291587495
1477.3916396018935
5878.421548767722
4173.534907897808
5523.438986778622
3322.8396457843482
4488.555395647907
2094.608538430815
2519.4486905983235
1580.371673092886
1600.6667115763075
4503.918143834363
4070.6637255792843
1956.1212109519927
2720.5797729313504
3376.4940555451817
4829.6516972210175
1301.8515741150154
7023.671145153987
509.28478183325984
2025.7371972228336
3470.643963271315
2830.961390921059
3207.4883409858303
3091.721519041451
6531.171003351094
2749.0287958288955
3571.268589150536
2779.2727503947162
2104.3561588287143
87.6005410626088
836.3393545301406
2621.470088638401
3181.3545915909967
4098.076328568134
2619.634309654123
2128.418127457051
2759.5378486645823
1122.126186463166
4831.732549858703
1268.624505208498
5687.819784571748
1590.6163401060405
1886.183663557175
1619.8252543126446
414.52450408201446
397.65502305883535
1398.327955454002
3260.9206598314604
655.8112426197209
795.3254465678222
2393.5745070825965
897.0468846181483
1594.5683898768427
1172.8036829427813
1485.9384566122528
2088.8377202611828
1704.9064705574333
1699.6834105135558
1210.6562950049347
1786.9732829352452
2705.7302244961406
1740.5688765542961
1648.000431095547
2618.59695600249
3332.1908739586333
2116.5432876605096
1919.3467640636168
2128.4692605051478
1983.3201866145318
1900.078971361798
2475.3754075342567
2757.961577447217
1560.6566086097973
1470.5450739744583
1525.4894903542847
1227.5009198862056
497.28309090026295
2279.021385479805
1368.995105258959
1586.169885243087
2313.1224429182407
780.6328001349228
1344.6215411730436
87.6005410626088
2682.875593254005
1679.4921892258394
3415.413469380566
2785.0258230064774
1780.961202463782
3319.151840126731
3828.5007525344968
1752.3883386762286
190.26416826603003
1650.3633458448521
1798.6878359602433
645.8582453726681
1459.757953932609
1498.6559955208347
1777.1859383722738
1948.1808226317994
3145.2727229221064
2476.8447112214462
2794.3346309231883
14955.205016646712
8776.340926324607
2220.7422424753795
1997.9585334106505
2220.7422424753795
1997.9585334106505
9471.124931185946
9032.115575694586
2478.6606879964406
7256.436106947104
5550.352456426579
6319.195968065416
7274.754508064737
1384.9904804947673
7314.779845511762
2828.000628481722
1748.2491152933178
4262.562694658217
3758.6670036303567
2103.6880255883225
2042.671472710462
2068.776447023836
4669.737419126141
1778.0608347771647
2226.821971758672
4520.7009779200735
1533.8812550864366
630.1161997741243
1560.5497157832012
1526.959164769674
2987.6586494196167
1180.0753603713026
1499.479797251899
420.50031794790436
1321.691237536782
1681.1302489931336
1476.3241075560861
904.5431871383986
1669.338953588214
1979.4099062495136
509.28478183325984
3084.9178258096053
2233.958647767013
1800.7402517482733
1638.3277192000235
1771.8032109533654
1912.1946489845295
1605.0594106352873
626.009801408012
2455.026348391268
1636.5829764709101
2025.59187200646
5722.062631058108
3774.2547245823894
4760.843159972752
2378.0044885620355
4866.289528583671
4011.1663001157162
8992.35700437335
11067.643303945035
1013.9370324020479
679.4836996931072
2033.7833676803555
2077.5997305416286
2121.3953156853972
2908.560329907916
3812.711131462465
619.0578985544221
890.6735880137542
2783.3441120725274
6164.654945787333
5718.3878466253755
7351.030901120765
2742.3507356402433
326.7556426272687
4789.4183653855525
4550.9067216607355
3219.0650019626564
2376.711868243967
2245.2485117186275
2315.910409410525
2589.811582602812
2051.2717023044856
3431.0167406837986
3289.6325017667896
2509.2539524132912
3522.2110269589098
1423.1863865837213
2267.305361227437
1452.9041273817138
2941.7737660809466
4141.851780952449
1057.2792234221401
3459.2553735451033
3052.852677479342
16640.340364790853
1782.8347719923886
2687.319913319456
632.0872438717435
1965.2018936506186
3058.938061281823
951.2044874664241
3050.9520605677785
1222.061580275797
2944.7101934704115
4134.528046039511
1317.3030781116029
87.6005410626088
5260.085826476219
2212.7355215041066
5126.941861181968
4217.70990475432
2221.231700068826
3180.3716839358067
3257.6700515258453
3995.653565811371
2437.289317804725
2763.4095197372785
1420.518278021536
1816.0147999846597
6204.928772383625
1041.1658725873822
1322.9307563485645
1330.9768052110164
1412.228422728057
179.58021874666537
874.6248347532236
1208.307798394505
2239.9085398376706
8006.890771485325
5447.918716033855
11321.84250791169
3752.38929188086
554.7496965294795
928.906834817868
1138.3774502579986
829.197540970712
1506.0868132031162
1134.3584303958592
1113.5250037606916
1673.315899664646
1863.0352159446845
1684.0700751645902
1471.749103370397
1795.9378241162353
1360.553618248663
932.5358383079608
1457.950007717122
638.8200100526884
738.3390103949896
1189.7442338380756
1156.789420878473
436.6294074507938
1414.8718058498298
1360.6332207365074
1886.711304695683
1934.3856969523652
1828.2961237674344
1184.8104499061837
2606.318510844685
2333.6255363240502
1601.9235217483297
1815.5528638959145
1007.2942919662133
427.6243789611481
657.5323789153254
649.541304905645
656.586564957381
1348.9010738662653
2563.7977438657463
1136.3134783034516
5215.9018667524315
1413.4886060722495
1404.554972312845
1947.501193125724
1366.6760466522826
2104.645337410569
3202.74296691983
2859.190843341568
1577.7602558823712
3513.699377664215
1837.9543026371937
1414.8931610620389
2743.0489169710463
3281.181342101208
1696.08079768334
1317.6430095361723
1283.136794202958
7746.733756097478
606.3913096138397
3986.5840592672043
3334.0397221498747
3672.4032826226385
4698.527569082652
2297.5081041254784
1995.5673126028053
2072.6835426638995
1515.9318965820564
1443.4352070331333
2595.3697343233653
810.7574465791113
1793.6824241782072
665.303918990529
1183.4652201421504
1383.460387886659
1540.6723663188006
2609.748420432772
1388.6471687061658
5574.668414130862
2689.9956729685787
1628.1002177368475
2536.646650491817
1928.7468930938069
4795.038429204312
3701.6440845654515
2828.230753877789
745.7062692297386
3090.1674259066012
1542.560146222142
1132.0521486178566
1168.8664895356
1505.8745466248038
1888.9163532930772
2262.6199119827047
2506.909168316271
7413.118940939694
3885.9905561766664
2869.595101800714
2539.8313883651126
2080.8642786877394
1694.5389710347126
2437.4054300971557
2203.464979144219
2717.1969262333823
8288.5622846189
2497.28302238471
1572.5311385325876
4051.429392821336
4609.894826840535
2940.0987686764097
4062.0303908173973
2380.788496336042
854.8730334278532
1450.662760858602
2367.3059052118188
2118.2833153817905
4095.141442103246
2379.1430159784754
2723.1439914338134
1523.8118764483354
1023.7729861042955
1284.6761688059344
1412.8762726556047
1181.601990404648
1146.2298966800818
3001.647883140571
1763.5537813742646
3894.8557270823426
2744.810428685849
1542.5018208932677
3974.5338910336345
256.41886939285786
4768.1143612035
4898.7690725811135
1598.962555321183
1729.8486989577775
1889.6273055553102
1743.982276107547
3346.835290489226
1885.8357801266334
1020.3523180221897
1048.3561313061566
2386.2619999082017
995.1857427812787
3437.053145547318
1739.2835410487266
568.8300341830438
2321.7016502947104
578.97746987196
1644.6944011928379
1019.503397841181
873.3602109030355
1028.2611087515431
1129.107110085648
995.8863808403843
1016.8887397977428
2336.681276405926
3253.113608199125
1949.440772765686
3823.524200490076
3331.229947084839
2526.5770317196366
2999.8215337142083
1706.6736142856719
1510.5773004307216
1757.4849296024568
2196.142587574185
1815.2586338873734
3158.6680155592753
2163.3505851205528
3430.555256216021
179.58021874666537
2764.122284590694
1759.130517876466
3686.232339511751
7735.044690265971
2419.5516732615893
2088.5392937046086
4966.946659039225
2711.1747213475146
2075.5394916830614
2816.843280316779
4646.832680353958
3031.571462066657
2009.498867489067
2874.538130908482
3702.6496792758485
1702.0409003722632
1834.9133420719568
1271.766296446189
1159.8092863049433
950.7103451205027
1303.2415001157563
3489.089936900521
5116.825944550192
2817.2158270907
5191.962629138353
2088.985488785164
3070.4547567250606
1371.6162819813558
4007.838110287437
2551.599423331639
3018.8123104144006
5270.710840640633
755.4152249568232
2236.5227162377378
2415.453883035471
1941.4345610970538
1606.8934635624917
2062.5988229653003
3457.602695332305
1729.6753451399525
953.468258767852
1039.8072446466053
1604.1490691647557
1153.0687189349865
1642.9306529422277
4291.289287600447
6295.559125417115
3708.9984098365117
5296.22751032777
3027.95589490504
5394.911572977501
1780.3669297121128
2739.2141516890742
751.9653980916111
2003.0873711461727
2241.5014853785005
1913.9663980480575
5241.255108694365
4364.255816010193
3209.612741488173
3758.327560053966
586.4055134235784
1754.9825514032154
856.7307762862042
1286.5678160618268
2274.067422789372
1043.6846572712786
3291.0402767881565
767.3459487416957
2629.9412711282775
3617.70434459987
1928.6697242526511
1391.6373999282632
1912.4977498748374
3543.7755225326155
2725.1320583192733
2318.193636837499
947.0676195934739
750.9311988650452
3141.190769904547
20285.60980925604
3003.0030616453437
2251.2520110681157
926.9117858973412
937.2406144650962
1026.6537273403499
2379.485908591593
1870.8551113339997
2650.804387651354
705.7666837294055
646.3122025941586
1858.019459929246
1290.576142709162
6602.4510529728805
1571.6470865865258
2693.785610255642
1088.226245593334
1713.7469305457062
1599.4328564265365
1431.4999216762442
1251.707829601917
2905.8912423813185
2314.9866419916175
2697.8137929393656
3218.944096629276
7123.219490300561
8058.125370336731
5061.603083464303
2013.0817393116647
2570.232224278691
6087.30937056535
1063.9008617943607
1952.6853303096593
3540.8194903644217
2754.9959291898767
3332.6907381745013
2879.755041889961
2275.7151103321526
3273.3800318041012
707.8891925906563
1346.7241422925192
2165.4674545480575
698.1347006244184
1825.1850417861383
1022.9726613837815
3175.0028288804297
1660.7297610226437
2242.197297276137
1923.951906322677
1394.037584699368
2604.123744524277
571.080186296913
3483.9833859781365
2326.3513140055184
2792.0588272097098
1023.3543139803201
713.5355276239715
3414.2409589079143
2119.465089301
2639.485714340061
1427.9593821929361
1148.2197312482863
1584.054009107044
7380.4811785647225
4287.615291349594
2624.3317027644375
6745.408473236331
2252.6224073128274
2730.0197840836254
465.3463040825938
1955.2967715704292
1189.627921052521
1064.3673718425612
2059.1552634822056
1951.567301341776
3552.726629254103
2464.3597386504543
905.2978266948502
1363.4336661790085
1189.9852154543673
1753.5933679754721
6437.733869320522
3166.235498953654
2369.590842725215
1490.5258891360927
2196.2032150327072
2053.357486247099
1982.2370734213066
1155.3059210147853
1557.965902395251
4757.353888537267
2433.526789549108
2397.3268403889037
2015.521505767963
3526.204490703584
1231.3778302274347
1241.680091579118
3446.0263624399076
2358.9033756851795
1712.7442536632145
1904.2805955694844
1712.0621508309337
2474.1727734183473
7013.212877328913
2255.866110468014
929.3095488734639
503.15368167811073
936.8590433321591
697.0859415473382
2489.7963930191427
949.7751521750828
2279.0904501406853
8697.571899278302
5597.17495107159
1255.04370337711
1777.1051495765319
2064.1079909479013
1597.0907304576433
985.0531319487787
1563.9334521552507
2092.7428318762936
4089.171587886534
1801.4449260164972
2151.428804596234
3607.6483459468736
1570.0731958968706
1856.404732846208
2293.5538976995554
1176.4383412207023
1514.82507311074
1933.6674304974028
1487.5776468358595
1301.383580098162
1036.5595855719932
669.922059019299
2058.0844442562925
1897.8614643441326
670.6873180432458
1305.0303394002199
3942.803883863487
4476.777011928042
2430.409273424889
2224.718894239405
6048.520148832558
2473.132148722403
1545.4251200597482
1595.3429275469098
3467.6131981823055
2972.3372473301597
1771.065759077326
1914.1296564007607
1283.0625517363278
2652.8472206138827
2134.4347939981703
1282.8990843403553
1106.1498787770481
1188.028797023639
1940.4611470987056
761.865227742144
904.6074895755559
1791.996346708632
2813.91089470121
3264.348370186669
1845.6938931730203
517.46726154309
996.7582827731701
924.2397950294867
1153.488843618558
1394.8358892698695
1680.4600041068584
1200.160757665385
179.58021874666537
4220.661006768801
2537.4180591074046
3906.628335024868
1511.9244717247097
2131.812421898878
1053.4143971726887
2732.8865488210317
1603.6643786395675
1165.5163130508363
1690.4771439593148
2691.8338204986585
3597.1386550077673
2084.389253459506
3438.086276735941
2974.681493163663
1641.3808019581115
2168.389165858211
8164.626723379222
2487.87614991158
3401.1919936101694
2603.9628537794406
1961.0579266818713
1450.0144243288369
2823.4757722436734
947.9021229760211
6072.7952534399665
3951.015687765657
6045.748962912863
4196.3080606857475
1675.3023159999161
2513.5632935267945
2346.759237411655
3237.0335350864234
1424.155593359841
1113.6700965517646
885.6914203509816
6128.185291705815
2358.384308066687
2055.592715374245
2250.6564141074914
3307.846109030652
4269.67763047193
2337.5081091584248
3190.779255492502
3540.1698611722113
4394.5898750977785
4911.766341774941
2596.4764493790008
1058.3128459922484
2440.561112532434
3451.989491153893
937.6793152316775
1498.6727800129872
4401.810799715233
2571.696516261853
2798.0968397478755
5120.030461943451
1923.7577603292427
987.4360703440852
3750.448884918351
554.7699882659355
4083.6339824159277
4051.238841527029
4272.6072597049415
3994.004329298139
2327.105803329679
2144.936595150465
3563.95023784348
2687.0008341943185
2076.528219826841
6578.172940217853
2357.964188932678
1953.0653171837134
2230.5418584731015
1457.7606726641657
623.1249220987436
1528.0094584779877
1536.7342693813414
2314.054213760061
2721.6215894592583
43.22715444570642
3566.1461762130916
2103.939404576593
1403.8473156001974
3365.0749079463453
3530.1426985914936
3375.718773752442
64.74766325304546
2445.560665033512
3553.944758476772
2021.3975535270476
1642.497176768876
1479.09320061338
49.20544628731657
1772.010018731603
2222.0759384650755
1695.6029381426388
2767.0817423447447
2090.4322619775817
1582.0797722910734
3446.9084760398214
394.00121089528284
3511.2623696781766
3990.925809519072
1403.2185427329382
1697.863107453189
1482.0781519327043
3604.9816711009707
1316.8414432636853
2724.399539337386
4124.135550698848
2078.57521452616
3636.999679395775
3683.942287730745
2106.834578383837
87.6005410626088
2739.888362141346
752.7418398307359
4518.145780254326
624.6003290637243
1439.6799539613344
1297.3448912001068
1481.9972469248285
1419.6508303456844
1653.6863998115582
780.6675575627565
1058.9493621944391
1132.9223645149714
1275.36027351281
2078.174075593625
854.7884930963571
1356.839238289472
2381.4569479054617
1143.5400373480713
1486.8411369135317
5139.01531326048
2211.1206409205006
2505.1242188844385
3625.0058445626096
1627.8063007328824
3936.332854380332
2760.113421121791
1881.626006459753
1192.9364026653975
744.5992538409047
806.5981066826529
1196.2257803125426
798.869430908193
1018.870350712491
695.3780492329843
1727.2842484923085
1685.0306115325566
1441.5324816530817
87.6005410626088
1003.0101319862822
1778.3983474251497
1157.8883903442047
2567.068642989035
653.5526219509676
913.3419573829068
2384.6352500356693
799.4743185022203
2169.360509999046
3001.9629752009428
708.0616231985125
1555.6550194247109
1751.4609836161571
1145.3747901965814
368.3477481126942
564.4425629333398
927.9256751622852
1104.7579252534101
966.2370856345209
837.7746319018644
880.6485074521659
879.3820889850351
905.8500856021413
538.9913901002185
687.1873554353785
620.1460205526041
629.2427125896401
922.4185520199081
1164.1975529001172
1305.4268238615582
544.3879629245155
1096.959217324337
652.5907342031511
574.3877338602589
989.4162507105206
865.7125045323938
744.6693615121007
903.4076494013723
764.1746532668933
1171.8312862074552
704.9601610372405
1633.1419912423332
490.04621278901936
1487.304142362996
2225.7939700830366
636.5422163117934
877.805222377078
1087.491842974751
899.1873890083764
1817.8112090678867
212.3598045535953
663.685780460719
1290.1915630195913
1275.509359366323
392.1848632478968
1004.8577970163552
903.0971753446273
817.3635434348644
1007.6231581717448
923.3808480883672
909.596110096726
1046.339634180004
640.5614837053047
658.5551497225978
1463.376126912448
2244.5987669010324
828.5949960438817
536.0967621399175
1441.6604738214103
1811.4334077437866
1239.6656679485643
2199.732818630729
1822.6416088175024
2403.099851804478
838.3874976650606
1617.8447437384177
810.7083509391235
1008.0919354956995
1289.9555329949053
1563.0164018877638
1408.9433868893993
760.1132921984516
790.2124475863521
1043.3711730825455
6205.434676795418
9855.434246183542
4112.625635567592
1979.0124155833794
4064.450953344625
3285.157527042694
582.5181521874691
3253.3148008377652
5314.061870864652
1793.4144728658873
1586.5245063054879
1392.3007852971082
1766.384091448684
3154.4771798218203
4177.435471340215
6822.21573624635
2052.2389657349413
3393.8035462761613
3952.8307799189424
1735.5221240456674
4612.7281049901585
2051.540483127386
2052.6754082443626
1445.232325961191
1358.5135923586024
2582.364039228121
2254.721348306423
1591.8395216883293
4820.981617307593
1532.7610128441208
2089.7844780370933
1333.8937320788343
2005.9523759923638
2967.15589281956
2196.530093342495
1528.9088513754796
2204.9561328726127
1302.0853989917248
3507.8473262593866
1656.674372290645
2346.0954309274653
420.3080879838212
1759.1656609083668
1013.139369080122
3809.0021064418856
1424.355375963995
1028.699689245937
812.346351074927
1295.5869919595102
1291.0550552333334
848.550513675224
2484.1242611835605
1041.5484438448993
2080.157936389353
1585.3970930822804
1174.0400821459016
1645.8887968676756
2276.2488007948964
2136.6491396833203
1907.5196374591426
3750.039280669032
2426.8470912152043
2589.003457064936
3679.5042815856596
2246.097117097243
2390.886405206844
2298.3781592891887
2207.4353401739054
1907.0644855775772
1645.2092390259982
1166.667943240415
1912.9840964160962
729.3415146415118
2214.1508133930533
1766.9324892536054
1922.0038878737148
1669.9000865232467
1944.2421826469806
3080.248413022802
656.6906158820657
2215.842235595413
429.87685371202275
2938.3771494758557
2582.3030648538293
244.4348871561645
1551.163271202091
445.1595418216265
1928.6116313979076
2374.6751291274504
1895.8027170355003
1092.8854359116456
3313.753142659902
2111.3642092271507
2057.5953972516127
499.6626117680002
898.029754405391
1588.2064896984512
941.6661170018031
1548.4569205170844
1729.1322238027149
1820.2924840768742
1574.5202666751134
1937.3637414367556
1622.717330875953
4517.638196095594
1656.044092382796
2797.773027781866
502.7815401746421
1694.8437790563166
2892.938433690547
2655.933267930968
2129.882403087683
3635.662466473875
2080.276254685313
3152.9510497313477
2324.361104050609
1591.4319245837244
2381.04674081754
2312.537359167823
3106.3095253559604
3331.8146120524675
3478.77962914298
2374.720292372258
2235.441804341925
4940.331755866111
4755.246119062504
3906.897594227741
3152.3356043406643
3031.858671172574
1700.4563033888844
1455.0775317062496
2293.892675221543
1035.2589386905547
1182.2716495376383
1408.8152353191806
1381.8754032815032
1834.8063528448909
1397.2750309064863
1093.924229106105
1022.8353685713533
824.8436693802885
1039.79474801774
585.8268907916865
2259.440418631763
2743.4509174212353
1696.2391540854521
87.6005410626088
1221.468170398856
1182.2716495376383
648.1674996360998
166.1941472353735
445.39742368817923
1381.5445161633802
273.61069269311207
1426.6341052076782
1054.6592586090942
882.0950998413466
832.2064969747582
1036.0904993262654
843.2098165197045
695.97523386306
212.58513975600843
2162.3486966876644
4172.634809470417
2549.731312504774
3594.644050475592
3716.6154713845444
3113.412196061197
1625.5456111790033
2054.460063020379
2308.9488733360713
2529.861813117164
1580.349876572867
2699.9963475067343
3142.9389192183658
629.5449167571525
3324.13368871423
2030.3764361218825
2510.7425030628824
1137.7045984215667
8819.159412921119
1878.4295735381006
2914.086637366429
2510.5433917553128
2022.8746240988849
1498.9107629953503
2625.5039242167013
751.9653980916111
1998.2451236899194
179.58021874666537
1985.9169670019958
1821.9526101347844
1028.093130804119
1802.789411773967
1206.9552970461793
1620.9764049328537
1156.5743430120335
1130.1702645190915
1526.2531081194295
1389.9140523892645
1497.0084137946706
1510.8489931182626
1413.1709019909038
922.9811671541124
975.5816241345432
1174.76042756382
1426.0779548356393
2175.777646392172
5136.287297666914
4447.302677467914
3061.9080148952057
1135.8482084206198
1773.2951419518613
1109.0376058704733
1232.4272777416672
3132.162006329558
4101.9091386933505
3620.172029372085
2811.773701490968
1973.293216195647
1663.1295657391117
1252.2009749802983
2282.573542601978
2013.324260776259
844.1879026599855
692.1615138190823
6082.345996737924
2740.133861067947
3503.8005521274376
1645.8525236287983
4349.560646307388
2550.0988693294207
2265.9956299911214
1001.004336592988
1924.3023444187565
2177.7266996617514
4300.063938470414
4573.456457255376
1957.6503072627543
1222.9012493790428
1523.446861634908
2191.702851938649
1294.4266117330585
2450.7311452463714
2107.872064359976
1300.6794821165959
1236.8861249862553
4763.990034981984
913.6147028070194
1197.5328403664864
3397.345910027489
1687.0993289472176
2046.4096893949986
2038.2100034565442
2163.878460424833
1789.1750620044133
1677.3681936356204
87.6005410626088
1637.0257697373772
2333.148056312824
3700.8940557826186
2862.3266512909154
2966.540664424806
2265.7337059416536
2028.940047394471
1604.129678269683
997.9439553470567
1166.5951517537694
2906.100592219036
1526.5975856280797
1379.0570738028964
885.3216910376677
2227.9250059611118
762.7238711244117
1636.9525351717425
2474.9072795746433
890.4583090005762
2574.8387283252696
784.9450967276059
2200.113978610667
1903.705314252739
3918.2425234634693
1582.9612995785383
3503.0832137017806
1627.9984451255548
2170.9539766607445
1344.8039572412067
1080.0512628628423
1340.4733464148794
1247.1416038951506
3670.9079661316773
5248.147467267479
3162.378145635748
3491.3612340353693
769.4962282416509
4854.945525435168
5579.958511827925
2245.5401726415816
1827.8912319128472
1847.9409788210492
2380.012479781672
2874.291354661454
1593.908860945034
5023.487883333035
2861.28477116805
1529.838986759633
1756.9453035253305
2811.5012415695965
2443.559878712524
1295.7779229939963
1870.9201075062817
1788.7850288482036
854.264815130139
1705.7529385949342
4254.772157492982
2278.078408069219
3982.6124633082914
895.7440457803792
3537.3434355546965
3688.3272573028967
2708.526655489734
10276.13554840417
2519.1602811663756
1616.673343392263
1390.5223731807816
2939.680771729738
1591.9697537266723
1359.365715517895
1115.0673618775959
1195.8303407533774
179.58021874666537
1663.317100882059
823.7032062299871
2996.189006069693
2277.736345441236
1377.890163689508
1566.6300093782481
1161.1897036865776
2626.0290076305114
2470.6711136160297
2750.4084212961566
1904.8849318568264
1462.324117411625
2923.3793526351537
1108.3103316330903
2486.3934017322863
87.6005410626088
2818.5112406689664
2439.272236123101
2326.901818220815
2046.2634158920312
3297.552357224933
3588.6801183484768
3048.6806566424066
8404.711893664853
1166.9428116620013
2381.252077019723
4222.116623412236
3089.7921691839497
1635.1854861254253
2641.1721250448268
2638.1024033687468
5364.341319487768
3151.533275208414
2140.35688951052
1958.51900027467
2649.8083502467225
3110.864987990521
2515.9917543968345
2247.0760197774407
1317.8782111263076
1014.1495004219047
2647.1306808904565
2674.7249762894776
2607.8483108264472
2150.804149508956
3998.4342730864732
3056.591822255265
3349.171683697678
3646.6544005954493
1742.831226851108
2937.5730766544016
87.6005410626088
2734.076544211416
977.2187517710652
3620.7909705014213
4651.308311350025
1777.1255341567464
1985.4542899353266
5266.196439010989
2283.5677574082524
4281.120265827853
3903.9559710200274
1187.5943819731567
4139.924797082657
1201.9166849052733
2721.1198585373854
2787.9395892995767
1932.319468547045
2017.5817227662626
1970.2108679647215
2191.885164892161
2039.0016127379872
1719.4430227189782
2018.594031683554
2121.050423409802
5706.980115317799
1784.8348021705435
1590.6853831040821
1649.1069587120783
6876.208518461411
2575.852956135958
1222.47764814943
1552.680377693503
1042.9704668250838
1677.948614336334
1165.9768654378208
2429.6860227332886
751.9653980916111
2189.972374002041
1816.4428458278214
3407.978087673696
2547.150212098253
2213.3836600257055
4079.204526790596
1112.3893588922385
4467.896609619381
3592.066848924785
1791.0078250823753
4218.557091690708
1951.6839330584448
2320.7197459546805
3825.155983779033
3706.729681514506
1972.35419055345
10765.978794028444
3626.0156356530542
2841.0024091434643
3333.517667625368
808.484655972738
2200.912925165783
3560.6974328621745
1135.349347175896
3097.86422170835
1421.0668442749368
2589.1374516269498
7636.026834776219
5184.817019375762
6219.707322433187
1536.6589164671254
1248.3434399191524
2535.469997173247
1080.8207875761825
1220.0645366803662
2296.735880261068
2095.282322863742
3162.164726649603
2170.4245593762403
1289.2096333677393
1651.9631011479187
1472.8919970683999
1041.4184885008651
1117.9447147543744
743.5189149931844
1572.0112625953793
1982.6646420555287
1274.4614770333928
1689.1780055283684
1723.2352179969544
2022.3461184780085
2772.965530588218
699.7332844359396
1653.8028823089385
1563.850450235144
2088.5795943469757
1025.477205393191
1187.8993981171566
8095.163414928497
2053.9717365007596
2726.127876908279
1729.8774886500507
1321.3044392365287
839.6041047959634
1664.7092575970255
1561.4342139485375
2314.3595533629305
487.6589438202754
1563.1582449996883
1825.7791974254476
3410.71257129902
1338.4408795932336
3514.1692473094085
1634.1133488464648
1655.7033954983776
2980.7547523185194
2032.7222718387552
965.4486332000757
2247.88423084913
2047.5675095907807
728.0104043425993
974.6684641843933
1046.1142738020585
6099.812648118472
5144.561843454477
1895.7411550613776
5751.551363588285
2604.0345254641625
3157.223797694474
1248.4111390877997
1238.662346319864
877.8208364731553
1749.6617239905418
1444.1879508681257
4938.663995281735
2004.8108259244473
1033.7561684472073
858.9345989677768
1189.8159201619098
1743.6520560381787
1658.9522441967451
2794.4713154681685
5070.2101229543005
4673.73145190964
3910.5812427572323
1480.2713136936568
2521.615332796913
1599.119989346595
2030.439711927682
3086.6007472919855
1864.0148435909127
3345.8555676298784
3223.7746454601147
2409.6349634141875
4051.108397879996
270.22995251367036
2532.6178253855564
5627.972066234501
3025.8243500540684
3505.6080017741356
2190.629123845403
3538.2297627596326
9373.43046529636
3778.8591884439634
3013.626761328403
3888.188628509129
8370.728167984955
3527.3651549922397
3179.8343456620705
3214.1064345642844
2035.0826589035532
3151.214391757658
3342.6487753635624
2526.166665670245
3194.4752418119383
5410.017995464709
2028.739637629638
2619.469679796731
1965.0904332054156
2582.388731766932
1675.3561525532139
1811.935613991766
1753.1457820795713
3975.7695731591425
1925.963086647262
1833.2899176599913
3719.797839701433
2146.0419041427
1732.3756006667431
2711.1612769444405
2175.286348932746
1298.5029359383777
1224.8191484337592
3294.8365765599715
9240.526217147595
4665.735386342131
4374.950520867288
2332.8511431711313
5713.159826636805
6044.493649304649
2337.3703786395668
3297.610147375491
4866.4250360152755
4904.187667268955
2076.1842524383483
4406.369980905021
5737.8445529984465
6912.820309484402
628.1837441358535
1796.0476095080385
1150.2400264814917
673.0587841273618
8574.988781210484
2658.9277320756196
3476.129014154458
2351.679690301254
2120.244864573209
977.3384208857326
3618.1533813666138
586.6128517386849
4448.77105900232
1880.4772587755356
1848.8458186187024
2519.4222517425796
1671.8874341009107
2680.6469139195005
4811.222730543121
1193.5411387094575
1225.0706440726779
869.6559190067288
1942.3358904427075
2025.8863282280822
2276.9383446450597
2199.50425688554
1601.1886880590018
2404.9525712293
3005.256484820196
3286.2893623111327
23862.569433729208
2484.2392767764613
4430.239487381913
3291.327082697702
4859.786878447245
2239.756459209684
2204.692123970321
2206.46170214382
2204.774366329669
3028.414921325125
5666.066540512138
2389.7366097541367
3778.6647719611606
1518.9955944752355
1727.3616066182096
2141.1671312295434
5320.990631305459
5386.319555479835
1996.7191787886302
4108.118058765239
403.7688160517285
4197.909702169609
362.15377567002537
4020.2830186199026
2339.0193406061294
1678.5307484311752
4800.208546779039
5644.7685420936505
1374.427951359841
1335.2140930277772
1552.3701666337495
2193.9849314311946
5123.835023174788
4843.730014068674
1079.7822958471868
3643.784234697095
4168.359559493454
1547.0397289925809
1293.3557562732346
1169.9093449128573
706.6534436710847
1558.9700291951478
2526.8169321533155
2761.3739929704334
5030.47899339285
1377.9468892144534
1461.514489091647
677.7584345170264
3255.180614878839
2035.8024353126548
1954.990311014673
2295.16771429605
2180.9902191382093
1930.7264840645103
2959.648604328763
2034.1681570504786
561.7226457869893
3702.0445591701696
1138.6258889113362
683.1293748768429
3168.8160540604845
4188.677761553819
9517.921984321421
8251.692047123892
3349.495164762549
2368.195568070444
751.9653980916111
2115.6586154654233
1381.0380402454934
1417.3591603505085
1052.5714877382445
2048.6704820990667
1115.4247009195944
882.336777928072
418.2506169068752
23589.596416000208
2870.1458713550523
5017.243356358543
2924.7222680274485
2579.2896680246467
1244.495530164547
3407.32318526585
2808.494805035316
3810.8028770987694
4169.719022584245
3054.6205307753926
4174.652381383923
1777.454885470655
2251.016222033167
1428.0920186370179
2543.604133508197
2050.192972872202
1039.9691064391563
1461.8299868735378
2211.019687237173
2171.122117604645
2284.8120968405274
638.6813492146955
1900.4266137969119
1731.9883781509143
2055.910035045508
1174.1567817217622
1549.0537980321399
1619.2905888381244
1385.1434208918517
2046.982582244958
1791.1942592185162
2923.127626353813
629.0855727226827
4634.768582017684
2708.2874586318517
2288.0376808292403
1732.1316667686142
795.5136544667976
1784.80302596685
2902.9285399661308
1465.3789552852015
1936.9609153290403
1013.4633854138992
272.5979181808073
3727.5796906413702
5561.137773499629
7850.908188166053
2317.5968157172015
2683.077964223854
418.2506169068752
87.6005410626088
1533.87090852327
1276.8222676503108
834.9436765401033
1982.9515432343167
2556.1416212957415
1612.8850250042713
1993.0218606615244
1704.0153893051922
2475.639822918412
1768.2737164120724
975.2526979360499
2233.207892619535
1167.2984091514274
2815.0878095636654
1437.9813882629262
1871.3063012842506
3033.6380483805324
1002.0154192308522
848.598717511115
1612.028066752652
2243.6435832558054
1250.8173999701496
4983.817887738716
4176.01927662534
2785.0547888190986
10328.171017058497
6797.480841527694
3946.2474175512084
2656.366700840935
810.836988138615
4676.063896139217
1377.6375916549282
4874.064589949923
2673.823348769525
2140.1673862329885
2572.377638077588
689.1190623612439
719.1340902350074
588.6302691723647
1195.1162331255941
4795.749712648379
719.1340902350074
919.2110994560654
949.0809180837203
1285.013103228938
1026.1921451191486
1221.6160696923962
640.8502754277196
719.1340902350074
1026.1921451191486
4824.518352306201
4468.043010743104
1024.4513019568435
894.6658504026051
1788.86731468523
1890.973476366891
2030.3503476052372
629.895274247675
3039.671150265556
1291.6788341645622
4599.523716241651
2206.9297354161304
4343.195555818771
7470.034082981008
3598.102023231589
2933.392779001828
3223.362311874266
4135.555024385454
2377.670042306739
1282.8626088536594
2204.77058599399
3668.115122979865
350.4864685494896
1994.2796807093505
2594.3218293143145
1741.4086833036952
2410.6068294499546
310.30300813080635
2600.1925747373584
1440.317555086771
1687.1463993021077
5197.3396725021
1629.8987966833024
2058.860367049986
1631.1598017185001
1594.524706353824
927.2424472780267
9188.1741723812
3896.5632710733016
2257.9648642806756
4755.956850692461
3387.076374320773
2514.3149347518493
1502.802676929436
2418.7999981826733
2532.940772827567
1975.2736925963172
2625.6254106143615
3275.7676938642353
4474.582066122289
2839.2667968279707
981.8648202196912
1757.508234054283
1840.7648479195448
4440.927399929787
6650.853161346258
3428.3769168680915
3555.534490523513
179.58021874666537
2360.753732902576
1907.2694247545162
1918.3953603901273
6821.295738470523
1917.2296222921398
1620.138132198274
1458.3288570832556
5223.047239719226
1986.615741437416
1683.3316957021736
4061.785001549888
2287.9130525985606
2648.4772663951653
1969.320407482923
5532.205501215365
2978.9383071988977
977.2187517710652
2201.426120419689
1491.863471244839
1967.9771865012906
2062.9091848780054
3102.221838033416
2982.3312561940024
2094.6680553913116
179.58021874666537
2670.70988119753
1249.1427289486917
2810.9945144872554
751.9653980916111
2134.8831041970498
704.5830617197513
3014.4777335104727
2341.146140773139
1415.340465310397
2136.830421873207
1446.7901120433316
1986.0887467900634
1807.5703630358946
2746.690460199309
1294.6240635398926
2825.437850066544
1884.3135835308133
4827.862562741946
2521.260053793171
3059.6280348053833
1885.137524314934
1978.4097922421017
3019.3651630810546
2999.5646302805035
3643.3019949814466
1788.037357150699
5079.26643790106
1284.9942416478377
3115.006655081376
1703.2982021748344
3397.0051604134846
4198.460950141116
3316.6935873971556
3838.2761203192554
2096.5027352219117
2159.518173715019
2132.263836228459
1639.45879619736
5986.421619367911
3344.9308927382817
4503.66174027981
2074.274391830743
1547.2781854828754
4800.356421641331
2830.9944722434934
1682.4973361291575
1497.1058260620855
1604.8503566128325
2188.703190756665
1520.0739726807512
1495.075748602985
1398.879942478756
1226.5254327942139
2462.418637720448
1253.3489085499798
1440.8024624511027
810.2987512746292
584.3449803052567
775.7744571238765
1290.5675027063464
2152.6493214333477
1129.5477339245415
4602.5908577950095
2167.646739852004
1551.0857550813007
929.2771485817171
786.9079286172424
3779.3281250986174
179.58021874666537
3643.715180672867
690.4158903590013
4488.986015481954
2799.822325032249
1881.9164274705615
1432.8202941794018
1235.9620321560549
2157.6690806247675
1306.520073383803
963.8189880729583
1716.3653395046663
1198.6306637565747
1778.8558491225428
684.4195702458135
1047.9495214009166
1161.244690904024
671.0048286047012
5777.405648525931
4572.907611523
1337.472379291438
1255.7926097336708
10317.893414774051
3126.300805445617
2117.7009262054607
1843.9024572851483
5465.5183953989
2827.965399908077
2965.987425862314
3807.4210664247953
828.3974198997591
769.4962282416509
3981.068648883606
1659.3999412435946
1432.7871551023675
1963.1470686035843
1783.5935471715513
1397.6443895209582
3113.566425055101
1777.1051495765319
2042.1502203327534
3586.938287135181
3728.147497404653
3346.549223018874
4314.159868284706
1153.4084608872386
1135.2002233529677
1734.6262157903725
964.9421019301585
1441.566827578645
1848.2938148069181
1179.2178293479108
1814.696510547178
1777.1200935287745
1334.8159643237384
3200.105365900671
2270.866935639954
4218.153318688181
3415.2188842973223
3755.075340508907
3404.642598902545
1598.5894735509619
1220.8948866699689
646.0877809097643
490.84656366358803
1661.849265302317
8615.82769502009
4934.5833164724845
1871.0254165895633
3180.1835310634046
1154.023675897809
2625.3022878709485
1695.8593762635344
3126.1499885243593
2072.205032840081
3461.4706513629526
956.1604569109968
4040.8930631509847
3388.777879724004
2873.170848062322
6078.81732430681
986.9272255429265
3214.7205784410394
2667.2013979378357
1226.0118022279469
757.6673241829494
419.59854223727683
1236.6359719412537
397.87977030494324
518.3707423976468
2738.600125539596
1885.6711331671745
234.71296226234776
865.9955160694922
819.6647775266573
1027.2459788566891
437.93542769195915
2554.3901842136797
2789.1901009341427
483.0179049741089
444.6155252639364
141.79792118447074
354.7554369366695
912.0827215132177
884.8441245156135
890.9890598590542
1742.5102913009314
1507.8342434896967
155.86028029096212
539.2713272883341
1591.0375485109025
699.2680250457762
2178.4741493391775
3219.2433787862456
4539.107224272715
3678.535472011326
3485.013203903832
3412.4880806481574
4165.455567936702
4184.278045545844
5655.691717431773
1299.168645664905
3835.0158175589027
4382.133823863439
4271.1500102608925
4155.941806379042
4201.113455121415
427.7376686757774
346.7832861856437
3028.7334223355197
2212.9660000935346
1899.0358516162053
2088.870717102837
1059.4151957013607
3780.6644580788793
1138.2841539281253
2508.236586646105
769.1644789522192
569.1974592628966
1225.7018334184572
918.1393515879342
655.3486720607989
1362.4728670648083
1270.6771513998378
886.156237950719
302.0489191414966
3886.02147152275
310.42677714173954
2039.5591388545638
1880.6835074460148
337.1115469633007
487.59455319854806
1436.9183980647756
1182.1765689733825
1850.2992286323754
1518.7063081025956
2740.145698408649
2916.9738600263
2610.6974013082677
2118.4182600479785
unigram, add-0.4 smoothing, average word perplexity: 1969.362555040344