903.9159086103379
590.6312035201975
2291.9718668255746
987.1919724418013
4614.808130332593
455.6647304898536
1854.3100803601737
401.20546467640503
1566.4443562875144
1190.4854180264856
1018.5457430209309
684.7177032395948
2818.165691580741
818.4630882042679
1434.406011556115
1482.842126772872
2038.3351267460407
1188.9688514823854
1174.6119764919176
3889.2699657473804
3972.5626232440213
1867.3474249880653
4395.38684036714
2684.360529016714
3000.3084638534233
3102.939209506458
1124.2095703199293
1136.7652553637513
2177.405873690643
5100.356049162749
3156.1483298834855
396.1648212080885
698.9715195311644
1144.2165893711947
961.5032476013693
831.3998938767544
1058.9914784728949
788.8316915077224
2784.0923885649286
2094.3287025370014
2093.9997386947994
1019.1269020632838
978.7829610739312
693.4347651699956
1549.217022076662
844.3860289150552
529.406448090496
990.1601998496418
816.2833035534707
901.5193886324563
544.513838043242
959.7648939449779
1124.2793296923658
692.7631290563181
996.3138910581365
946.6246429749233
2417.12093062028
1799.7233916341356
2482.4065196455554
1820.2342393323388
1284.6593103763737
1880.5477918684542
818.6792645789708
2158.080660208519
1331.7537599613875
825.3933791926852
1637.5119310623254
1870.5102787601418
910.9123058411707
1658.5379929339572
1728.5794667167447
1217.0373705561237
1650.4717176546746
619.6586324188738
741.7476381565788
1588.3704737717107
2156.826451935954
1661.0154146050481
3453.437294489081
2363.0987382318367
3019.4195546308565
1338.5964385573081
1643.0879930533774
1050.3049457590666
5553.943004349511
3096.221685003302
2515.1258813177233
2129.728395565576
3469.3827886722406
2083.3842654452865
4075.7135329528255
2374.1061604545744
4159.410460757784
2137.6675801202127
2828.2843329778148
1585.1973152721444
1584.2820024210391
2582.0675407270546
4160.207805293352
789.3060964334843
3074.533226603778
769.8133142009613
974.6412953565347
21024.282611862844
1585.503779397234
3356.0954521056033
3654.2942241750065
2903.6155569998573
2051.987115876194
2536.8407078095534
2712.557612124213
1945.4157123474167
1744.9097556187066
2676.830422581834
2458.7355631376045
1359.821097834366
88.49137596585507
4742.4204055289365
779.8268900246478
1155.978782178785
1851.6854818133581
2038.6284654864035
1192.853354013675
786.5155931979644
3819.4648765381203
1794.9931874547117
1989.9363362308202
972.8499353518158
298.8653097016486
2129.498710175617
1624.3247129889141
2103.0972313952334
1629.8641760644166
2224.838677515969
2409.662528557215
2641.511648496447
2457.458396064491
2077.286578000583
1623.224442946938
1188.5360679225178
1233.4106203564656
215.47336260411342
1193.6095716524774
2489.9917521584966
2323.930443767967
2897.4753528038727
1526.719886684634
2232.2306318555566
1785.8321395857802
1485.366640520551
1183.718814642513
4245.5610824268215
2432.0850470686005
1925.6945075704405
2341.6623203446525
2803.455964114308
1818.0952669222556
2098.022704371855
1363.7584885480494
704.0236010349746
2189.53166972295
779.7957332740057
1962.7201680817543
3324.184354920289
1420.53027081037
1239.8817454671205
3764.038232710354
2453.1492125064788
2171.858446802741
4296.171404930203
915.5345734588664
967.5097703398712
5609.4745168928785
4023.1912216065734
1318.4052009455402
2123.5462492198344
1283.3477738122167
1680.2963767526098
103.9669066815805
1107.8415934745915
2273.5872637906828
1528.1890997927712
1666.0612270244187
822.0937031257467
5460.363677967655
2306.488180882459
3735.528450808931
2746.8066319722284
2762.0673480917803
1824.371601506915
4464.621343271929
1307.3175725814606
6131.423223459075
8728.64048044467
4531.863728987352
3507.4067305246863
849.3473838520866
4610.657237005219
650.9545085894546
2909.088471165
2476.8784730566736
1133.1085828839362
1461.8255667685403
2055.312861120115
4174.794461127354
2472.0828474629025
1528.9492188185468
2336.4254427452943
251.39207657497576
2068.9846736851714
1366.3317965305514
2130.6551714071034
1243.593485789968
1238.2298840896906
6019.7339761423955
868.3741923405047
1387.4457971921051
1496.086297233499
940.3661038034686
2641.5814454373526
793.6521862160934
8566.462000481191
11766.608430842432
3183.953187657858
4936.446659352592
3885.537291091041
2382.7524797317037
1849.9832329157261
1611.6766720964395
2154.9147165492273
354.1578765159066
1455.658151660582
1659.069049291722
1705.72650301536
1346.8585482138549
1231.4578221765319
3464.4547186536124
1168.6265773786288
1629.3383622836568
1247.1834725346948
1658.6447954361647
5593.489729008661
672.7037005218582
3326.719647702587
2083.2715051315904
2232.3848440374495
2596.019994651707
1893.4049098447715
1759.9287936369076
3039.1756495963386
2272.577918280877
3513.6358584585614
1390.8757306582515
1498.5609060129648
1835.1345951330002
3240.1694543570584
5791.8859183705035
2087.391018926501
1101.6259359943283
929.8739867701621
499.8708609588157
1456.1167638078189
745.4521537661859
6496.406279102651
3794.2119405464755
530.9816429900112
1458.3554548543516
1445.643309670082
1998.2109530687835
2104.5703823219496
2720.0920399705815
684.5531342444056
5320.08386820363
859.8070303382584
345.67207755447754
1384.8038901752882
1274.891718477822
993.4558549481416
1453.8625205712801
962.5739473550319
711.1098904255144
2362.402849316377
1162.0010844781957
2379.9032052133525
2912.8251335278155
1717.6935650859893
1628.5279551422288
1703.5246621902727
2137.4247213112317
8986.68955535577
2985.9539546656347
3565.195237678687
2861.587749789567
3286.6989260813516
937.1666162284573
181.35593524859817
4688.006420202863
2230.0811212888643
4051.3349791094106
3077.479537227966
3888.2778436130634
2193.0890998387445
1852.2978425342371
13151.305073169067
3025.872017285626
1724.3840828419188
5930.037750881039
701.304188923038
2145.285762810312
2571.098807240929
4823.792787065592
2159.1786357265987
2190.0768929933306
965.0428982139368
762.8015516132174
1534.9883273316007
1121.23676900769
1893.097517163026
1765.0010368875037
1536.2656590880802
1607.9815545927743
995.9555998446989
1351.3697314358355
1138.6194497197098
2352.1674293822934
1168.8428050927641
1113.0547041332613
3343.15559366034
2320.1360170485614
459.6786765701165
1259.0032526915609
2873.0335460713236
1290.317713941415
1787.1969871406848
1974.1202022774175
3383.9677237400933
4653.937039252865
1748.9962525388846
5367.227766279009
2179.316512526115
7166.017817086228
2097.6401478123107
3166.1838822460036
1497.6533356309533
5826.529770435007
2928.528188036729
8655.3634229484
661.5405480864325
2845.7109746310357
6256.442324532687
5063.648256931386
4652.480981123762
2766.268559600596
2076.6971688199765
3171.7717766127566
5848.336206621528
4392.051241889383
3045.6550977014113
3192.194111481985
3654.5880089446455
2655.9543658742414
3781.7140300661536
1714.77117555704
1114.6997486680386
1179.1570717953919
1461.1737290450735
1954.8819063150843
2276.151759266212
1100.3829944295212
1157.2496832313086
1259.0213966834751
1551.3889740385082
1521.539008243784
1793.9806253000659
3523.4020647860866
2490.866590217809
1210.0078280192636
1345.0902010131365
820.6369274892021
1466.4530215392276
1498.3330159565621
2185.851605648491
2725.0723855865926
507.47022812374894
1684.19846900843
5932.476789693153
2293.4832611592365
1344.2147372809982
1649.9078698451485
1231.7919063857685
1628.3168038182541
1688.8599517197702
1629.0735723048965
2880.880964961753
2905.745705380537
2849.5112351434623
1500.647795024453
2450.3813623354945
2137.8793402789556
2464.674987773263
1184.3125594485496
2379.2853600669073
4173.273489870224
1168.6621651293376
2431.180688104292
1395.0575881258653
6400.226876909359
1948.7992112792301
1937.3545707204355
1203.163014603002
2218.4263021796796
4131.797702126113
710.1034683609574
3713.7863477802366
290.23360203864894
2383.2104403886065
3033.744893189642
2933.4860223386145
2843.483181867805
1247.2706582205592
1253.1179490134082
3620.8482548012303
1164.0367510070978
1501.1444811992874
2151.890138510961
2112.058143947202
2298.2603612654198
2401.230294536596
4687.296962813569
2323.3710115285444
2560.8349634416318
1275.184942510234
2617.65969824142
447.1159290698028
5051.263879181509
1559.681127382591
181.35593524859817
3783.267655418064
1370.2908445164792
1748.2472911833922
1225.0217997532493
2695.306567024486
2418.2469477024606
2860.6616331018276
3208.583676087661
5371.261381500502
2178.5662938165615
2349.9697016962177
2550.578521712112
2464.6590782392745
1425.6351969959687
1574.6510243491005
1475.817434125566
1768.2464440957376
2765.250693064301
1346.7185518688673
1445.4757563233072
7626.267094136089
2908.650146918534
1800.6851940646231
1849.9202788732496
2471.0764990730086
1838.2777844009256
1303.9638022254892
1045.6535105843568
1533.533461794682
1604.8211212190147
3588.7028552091965
2049.429662768669
2060.354598376493
1079.872354600091
1279.811960274975
1001.087168748444
1012.6641262433142
748.0187027117727
2003.4865223986496
2754.8093991735586
759.534369507282
2184.9419771951148
2359.6363373954414
2188.6966251467957
10564.01037683629
5964.451927767901
2726.750997779449
5677.604839026452
2445.53459326103
3557.25299398193
2632.5803951373546
1784.8777787498657
1484.2774667259291
2404.2237661572326
3757.350479211521
2665.2164179903366
2921.5758225637387
3228.8858073410383
4199.283953370508
2056.8967398310815
909.2373891817276
2304.362455811091
2054.484231798367
3212.0622651656413
3653.9706107584902
1909.8634952520172
2748.2203165179812
2961.7483454976013
2711.125813325406
2326.9358918118237
1273.2667585788452
1933.3560150691346
1663.1618944847687
2362.8441007498313
3417.8060653605794
3774.757233104742
824.6039815499142
2585.440258610673
1716.9607070889324
3384.549221255301
2023.4145547316314
2162.8037046660834
1513.2168924527014
1823.1014047112303
3741.637360655709
3475.737324407925
4173.240634685579
2997.5654704891513
1924.2988418260231
563.683536532745
431.20453595059575
2881.5198770566863
3484.6619544352525
5196.427671941762
3155.686793261573
2398.3526367718046
2265.3144379102923
2923.800895596407
1307.5047726906803
1736.6103877967728
2588.660101406028
3208.4829482180394
2173.7174695744916
6648.37999047927
2389.0624296601627
2196.849477333674
1762.8083160539034
817.3757969932883
2116.612562324504
611.481517957143
2080.222400863963
2178.9249014645816
1572.7839820431054
1126.355697635312
1992.3703031180964
1118.4802941855264
1289.2502340325077
1630.408994392586
1001.0678392365262
2537.564024816433
2005.1529307710496
3630.6768268993596
4280.25840051616
1868.655621870663
4095.4300510843123
2954.646305346289
1659.9728674028413
1597.3518918932202
3838.068984056482
658.613993423753
1879.0457974636467
2713.1265863553353
3394.2793827953287
1670.4530555270553
1402.068984981707
1603.6119865549483
1503.2608355965056
2653.790571862043
2304.255978463693
3588.3693740219974
2453.2382385136953
1355.2332713463625
3061.27644915546
3226.120001341189
1235.793335069264
1467.79429695523
1561.7658491370325
1925.2463092272926
1071.9041684858626
2581.988998533396
1236.5696652573085
1502.9952695775476
1931.1751839161514
1177.4078477332503
3156.4155497728175
2586.8973317975674
1383.844781329762
1812.4343541970084
2362.1591914687274
4908.183488956991
2947.6958226502193
6093.139897186295
1466.7124733953776
1827.288407806703
1313.0016700058222
1613.540895759401
2259.588862162948
3787.754514066045
1470.3996488482592
1154.5347118991215
294.65888706449323
1463.80804054683
1089.4377946056966
1708.8876158020544
1098.434030199678
1038.2511989709196
924.8088969693147
1232.349160752369
874.0827056520164
1361.111779042763
1300.7601189742163
1233.4947788719512
573.5504054680132
2089.9302892527203
1284.8502513941478
746.7543660549889
1536.7495966687866
1135.2913265763375
3192.588435830305
1475.8251543450542
1276.4664758186073
1563.7335449016775
1614.7718149339944
1237.964971114902
1411.0209097567367
1564.8086187640695
2090.0296890133177
1266.063971411028
1021.483354663957
1471.5516520617907
656.9549291515904
2252.7576829459904
533.5206019969966
876.0318615593146
1616.9519032304058
1457.0799159321473
1228.1535885389342
1317.0979608188918
1286.4846337004167
2215.658852244908
941.0422727934641
916.2480268504156
1759.6118581935998
1364.5709242940136
1142.1337970017926
1035.3457193824775
910.240260415369
1706.6259359652831
744.6588013360102
1515.8170149322696
840.7163411792801
8146.447548584341
3328.961202555889
3633.0184262317284
4325.521173677575
5022.37664107416
3686.994803625627
3964.7639769148477
1357.3808135420975
3157.0761154711327
3261.834954834223
3613.777712138288
6584.2038305601345
3674.5708919651534
2773.959309010599
2541.948350942351
5544.6055647555595
3810.5928095169784
3402.0303243221874
2504.207801698931
2700.0599393491525
1485.457296239434
1668.6848256048554
88.49137596585507
2774.9325838219925
11136.088252045298
1423.0752654936985
1357.1858674914822
1830.900343918465
1808.9079328279215
1848.2387198509127
1766.5013503933512
5674.507262520528
3941.4069349997903
1485.7725937173884
5818.716999220898
4121.590909195282
5087.450578244603
3197.052426872887
4212.430391038991
2072.7074914227273
2496.9358858853116
1557.43535741044
1594.0671113442259
4391.931138913574
3860.713639128967
1931.9348980380562
2609.223473266489
3164.5551830572376
4574.76629646136
1312.2746335919269
6548.677719346923
513.2926663197052
2036.00373125966
3361.8746790168966
2816.712336543114
3082.359899681598
2943.2614922203347
6007.939325212467
2627.0622369194384
3385.669692570823
2677.8045502437344
2037.300631090358
88.49137596585507
844.4525182200126
2639.547907331309
3160.3910572017157
3963.5499548379257
2592.4939118376215
2120.969356773697
2665.2955697021125
1115.0861156714777
4732.920354402127
1271.6916284056015
5477.554176824487
1591.523228041001
1898.1833349072463
1632.3210798524753
417.26171647795906
401.60570085007714
1409.2099274360155
3193.774460817665
660.123054843594
719.8892490854258
2177.405873690643
908.7794264890283
1606.7234635085606
1176.2448397431122
1483.927928543607
1962.579960948749
1723.0883871087747
1697.4051498437325
1209.2373076215697
1742.6109706990483
2723.0686247354265
1722.5757803548438
1651.5105221168517
2576.5128629434053
3283.5293837726144
2116.3296555781385
1906.508739685178
2126.196839194041
1980.2625543183822
1883.3411123560084
2480.890915726897
2630.5423218254664
1501.5145855396809
1447.1183030968905
1539.463906889907
1235.7047295642335
503.7374464228998
2272.706833207245
1363.5158930146845
1548.3286266406556
2246.5706435796706
791.1076337376815
1360.2069190033367
88.49137596585507
2695.840702381924
1675.174716399925
3412.305209146431
2656.7358108216586
1794.0735758142807
3225.1208391267633
3757.664049378478
1765.7602020993738
192.09018769363593
1662.9687847825787
1818.8768044599271
649.4741008318492
1436.4009021614384
1517.5622581583389
1798.8351631547982
1950.6751909152413
3114.9710015164756
2477.88688499579
2778.1783718568904
14838.169867906527
8725.149576696707
2235.138151064066
2011.904563381577
2235.138151064066
2011.904563381577
8674.091740405149
7975.696807148966
2472.0950606605284
6629.817482603939
5010.434274271943
6015.058931365816
6668.826633372713
1399.2114505873965
6591.02750062107
2613.0351071743057
1714.6617002999978
4016.2710797750738
3613.217610091695
1984.9370735944535
1959.213643854555
2046.2273149613623
4498.907069698468
1617.162669524696
2157.3724494420067
4319.018528555187
1489.2456715783462
632.814236332755
1541.7125751257622
1508.2467001741754
2836.7551044660718
1168.5870391883375
1488.2586414128862
425.52177652721616
1336.3125782657846
1625.1412869243184
1469.823825706358
899.261107238261
1677.8565736574467
1996.1842919424003
513.2926663197052
2939.9091002867485
2162.782159758756
1802.9915567128226
1652.873025485411
1723.1114139085935
1910.716413363085
1620.901118479484
623.0596219548022
2392.9248388316873
1635.6204023537207
2022.2824167144388
5587.896045378753
3534.7660632292864
4642.340335916933
2369.5142808672535
4515.7774970559085
3632.7842537308957
8303.960146113257
9627.626980598703
1014.7071999103197
684.4495034156172
2007.6446697643926
2059.347878199099
2082.6149813950774
2807.994423498408
3633.036917500044
602.8309085855471
880.8676094918866
2686.08999346145
5694.446359161766
5161.422207524805
6629.274608294357
2673.8720611953568
330.43647678376965
4774.003045682345
4336.875825993211
3207.805517021891
2362.213263789704
2218.6294597759515
2303.6048435493703
2523.6567142329845
2029.651112863763
3303.4664551348174
3192.865931992725
2518.2010249448203
3407.7033324395197
1411.4532702598044
2246.9826246698617
1435.0137312963595
2873.1776921683613
4043.342517157119
1067.6317200719764
3336.546720779112
3002.160539197974
14377.421066437437
1802.3876756640977
2667.252096290363
633.0738170567779
1943.1823859572605
3049.2669162855964
962.3132068771666
2974.754456879353
1235.8799749692082
2843.1175424441526
3971.5557624452035
1331.7038964132023
88.49137596585507
4912.3819008868095
2236.2003356309733
5059.682095954936
4071.92377124765
2190.610488020415
3083.565604593765
3126.9182786078277
3856.3797146955576
2458.10005823855
2716.534089874183
1425.6460368358225
1794.8646715223688
5859.760475953337
1014.5443786434466
1329.190209424622
1335.8663118762274
1425.4091035498268
181.35593524859817
873.5675749996672
1183.9139228698762
2110.2368739350386
7460.664423309492
5090.928510177473
11230.071340994858
3652.454923911811
562.0542433685646
941.0859179561767
1149.3840648707203
839.4026727987639
1514.3407365730186
1142.4389054638732
1120.2075054047777
1662.6150295667
1887.111854331541
1705.6407869173877
1488.3098500449887
1798.4496066697493
1378.0626660535509
944.1480532316093
1473.447967982759
648.0058216791332
745.204046328729
1194.4960483592881
1162.9915339415506
439.3260003571065
1421.2950823577478
1356.998010486661
1875.0410797608433
1942.8559415433008
1843.7132634903446
1171.4158190083317
2537.782463896123
2326.017180586439
1622.612220469549
1830.613168130975
1014.0775967572271
433.59885641562
665.7363471081264
657.1016714259628
664.2511103187497
1359.5702997204735
2572.856384988072
1145.6632495242904
5260.643692429336
1428.3096321698745
1412.6942040353965
1970.01178645348
1379.653136956789
2101.402318219865
3106.8778011357927
2695.7459665943597
1560.3644763004947
3505.436177123832
1858.1373414356237
1430.8120421163835
2680.5325251233294
3174.087881517743
1705.6125899344145
1331.897814056951
1298.5124299370686
7360.547679056315
611.481517957143
3776.3789185578667
3228.7526739817717
3565.8624206266777
4373.4005241443565
2230.888958320502
1949.9741607356116
2026.176822098588
1491.298416520849
1419.3325629420021
2578.7167243797962
817.9322902759338
1759.548518939124
672.2879551377688
1196.2004127594641
1277.9959807978219
1458.3554548543516
2511.1449979145095
1394.0633077144635
5140.610541599631
2608.9190836887956
1602.9172935418223
2422.7154558354887
1908.6676341016687
4518.030612666505
3481.428955663921
2679.8150773004577
755.6584421926007
2976.0210670033216
1530.225545366698
1089.8834180564838
1143.9095244580585
1486.0559910635207
1763.6928545570825
2269.9748196686623
2482.0117142268364
7402.07795282043
3777.62449873266
2894.4717551125145
2481.543149362839
2067.636904045881
1664.8839495896755
2217.2672557519604
2224.638786044973
2670.4303963159505
8130.456536948253
2466.0506870089034
1588.767527696896
3952.593198451192
4274.326841201532
2819.303522907201
3885.968188953116
2389.5814914938155
858.7592802069364
1467.7081998214128
2339.995299240409
2141.440528921412
3957.1768120143283
2326.7479279627246
2723.3191441725235
1521.3579184180794
1031.137172285821
1295.9497412242865
1401.9485502339126
1183.5472981769215
1154.0446355717625
2938.653705814159
1740.7439527759498
3767.8291068989174
2594.913501743821
1521.6772438777366
3901.438761844177
259.3723588398468
4522.501814770785
4684.833965556246
1616.222838954566
1749.924697899764
1855.7722012438485
1708.6627769185172
3342.133760818454
1895.3574899927646
1020.0962834318517
1046.5704281964715
2341.7199458175337
997.6101346908861
3334.5801956116347
1687.5137541814436
575.5924769189655
2293.697992147344
582.3104469298364
1636.0611807412718
1023.5632193638094
884.0706873357057
1033.920073750595
1139.9545670159455
1001.5451106172035
1024.775536303944
2112.146429680514
3198.9392629900694
1921.107818318791
3622.079494060054
3212.804123459785
2497.1945509955494
2927.220916842433
1701.1165744803354
1523.0717413003642
1769.6018487422605
2194.281312604732
1792.0289782804819
3092.212287757635
2171.2102223575916
3413.57765051945
181.35593524859817
2772.689482576597
1725.869722387455
3433.091563355659
7717.52964301996
2375.981822121407
2074.314310560223
4801.571588665803
2647.445869078062
2068.043522390693
2794.656057431069
4379.808903328284
3025.0104522851134
1877.4617288304225
2864.447576341649
3641.923263088521
1714.3098702712364
1848.3506557514036
1287.2753159174001
1165.847559099643
958.4377272730864
1315.6625911353917
3248.1843623870354
4613.213684950907
2792.001545119683
4824.341057684869
2053.33507718284
3001.3909211095224
1375.978205634477
3902.827223280073
2437.5316329386765
2940.332014702433
5047.440523493375
746.9198906397374
2186.2498525603187
2332.9407101029424
1930.4508220735556
1575.3263350300795
2054.001395050966
3484.3688885910356
1723.8210252402616
963.4532322589413
1038.4725371433306
1610.7319832217775
1163.1569025200718
1588.508305642331
4316.27518284317
5961.146238331304
3608.3964094401763
5008.4509424293565
2934.698664786682
5299.888988989602
1721.6398948943383
2765.8709405234895
759.534369507282
2023.3940770111578
2254.4458951985516
1918.05885250859
5009.421042766658
4210.597200340909
3129.9902435027375
3633.459935597309
591.8807420587432
1730.8106859741124
809.570919510199
1300.0050019103471
2285.841616065016
1055.7178433967754
3292.1727442056977
776.2775245023741
2632.2066843289017
3649.312366233555
1948.5834563172687
1405.541014824354
1883.1979580119332
3453.6700788944026
2674.3299394401433
2293.6812728399814
956.8858382089105
756.0838121901918
3134.6413500183526
19019.034092166257
2956.987603470435
2213.863795658673
939.4464475364429
949.2055872867876
1015.5926970588482
2405.0758244146073
1814.5384711588092
2638.131430044338
713.5833614428577
652.2129175914001
1818.8766978861727
1292.8569480012986
6410.693404479338
1581.4482260441223
2704.51216333476
1092.5483368823893
1724.4243047865202
1597.3780817423485
1436.270891501929
1260.7424899558082
2844.008632289132
2325.768028921282
2601.333748889998
3086.011513526781
6680.322814904957
7501.0102311302035
4938.864637103284
1953.9980737504734
2527.4676625241577
5971.483883394291
1074.3774306298485
1969.4512412453096
3562.7940751359647
2690.293256474215
3248.583635728026
2893.726593162959
2291.0517703826877
3297.9189178150846
715.6686713964866
1354.9951029006834
2186.033743005628
699.0601003344146
1763.9407417777663
1025.6219891868755
3127.927437369868
1674.606764862098
2242.1385129943687
1939.9361590554588
1403.8472970727878
2615.8681624238857
578.4537143284565
3424.843122850649
2285.281784442374
2759.5531334284283
1011.2921313526497
720.2640786262692
3202.404047507831
2080.6477983844793
2610.3548241938665
1436.906357793478
1137.9507001098461
1577.8975866432097
6976.97810259024
4220.678703891999
2561.113721090941
6675.764404296226
2261.9412603593887
2691.7717466968684
464.67753260654234
1960.6268922305817
1194.3551868094548
1066.653716317351
2061.139763647726
1943.888467575074
3571.8617119435557
2465.731337289025
915.2206512541662
1362.484503432643
1200.0206811628877
1758.782811868135
6190.91313401836
3188.8624131591077
2378.3629315780354
1507.3953474432458
2212.597165329085
2076.601420355591
2000.3472939043086
1164.3861517189735
1571.3702563436314
4444.861427024961
2415.2406774880437
2374.023961399041
2013.7297456923202
3492.5117359906576
1242.9612778006126
1244.854002308952
3391.3557020323665
2243.417768329986
1681.4583912422934
1917.4537129095131
1694.6769602410252
2394.3443646807627
6812.556402929563
2225.110078990858
917.4368080270149
507.79907063585927
915.3444554417297
705.2542893876895
2424.682725005945
952.2744530027072
2246.6278344228294
8611.039160166352
5429.030261520144
1252.7509557709948
1787.8931222275453
2039.2457250184425
1603.4958584629192
997.0442165779032
1562.7323474207994
2088.3168386085276
4072.625783025047
1822.5452323840925
2132.0676122741606
3529.907314635694
1563.2048456134232
1866.2986450217363
2280.209328390632
1188.0786042690288
1528.0800999982177
1951.4914311008615
1496.0121885593767
1300.2095593673462
1050.0490124296118
676.6821112672752
2076.248568147768
1897.430799815371
679.6301433587187
1321.4298332487301
3857.114767539345
4244.951401573475
2401.2853703624414
2165.2661907445313
5681.503392912746
2447.7426913442455
1556.437680422328
1592.2899425464718
3333.448135428372
3007.09421762789
1784.0297989330159
1908.119871702513
1299.9682696964107
2634.649449979359
2097.635682373253
1284.0086113659463
1117.1729220296047
1202.9083299069416
1940.8535148738997
769.7441897564598
916.7076400210691
1802.773013101441
2754.2948775234277
3109.1121648395374
1802.8051529259876
523.5404310805872
999.7808068813142
930.2116200913935
1152.0560600368863
1377.8514643835617
1662.7159385259874
1205.6641253052774
181.35593524859817
3908.8432916140755
2542.561463886714
3872.299054730405
1524.4210831934358
2145.4513619791687
1066.306801357407
2659.409733419833
1602.7943348892386
1178.1899159829509
1665.0069681284074
2610.6026525190277
3491.519910806619
2071.3033811508244
3321.897760375101
2830.474080657082
1631.3270790659071
2065.357440939194
6976.496570058322
2351.375130095992
3265.5413793792127
2505.9260728800705
1982.698020884146
1450.7994373498345
2726.3229736895287
955.5568298946736
5779.494656028711
3821.248236556575
5798.407991242835
4103.780207874449
1679.7263362206606
2450.2163093934923
2345.4322209857296
3254.8425195653676
1437.2034997029539
1110.195159551846
891.9194080570684
6038.355445533274
2326.91081410355
1997.6480895009486
2216.6395755841168
3332.8125257023894
4100.697497057823
2312.595470550679
3006.418206113805
3504.62025935367
4330.740614169506
4628.624036056959
2469.628510689101
1051.630638229128
2392.2022656164004
3327.161404299474
939.6837054462061
1488.4891950212173
4353.042155126047
2581.141496070162
2658.247716556982
5120.066593789025
1926.9980443931665
980.1709455668029
3514.8788032773687
560.5386678396785
3431.6800353710937
3939.6496702235704
4304.869578802558
3733.604181551616
2281.361763901544
2085.2900588016505
3422.6046982594444
2583.398847075442
2050.889549660898
6577.706070963172
2337.220232487113
1975.1202127514882
2196.1476143526115
1467.463949676664
628.9815095839571
1508.9053537261852
1508.3868673785876
2211.273110094358
2682.7203187209534
43.55142109588345
3403.572985746854
2036.8827597937525
1408.8862236385046
3295.7928033534067
3345.0239050750565
3251.6616236888694
65.21005364076574
2327.3630295415164
3460.1634090665543
1991.5177328021914
1634.4260770199444
1466.427862633577
49.57034417476008
1752.8134110270005
2173.1817209525807
1694.2055977155403
2735.8864335420785
2050.650958116935
1584.8240712571355
3225.5391303980114
398.89298689794686
3333.169790941953
3728.089338955917
1397.190356662765
1663.278449484016
1478.5135903030596
3109.5621753698824
1323.4685609321136
2593.9137523179616
3888.8719481675967
2025.6471084033296
3496.8742309365707
3456.6851936964003
2012.1813977784998
88.49137596585507
2621.9631499347906
762.8846908868841
4227.777177228597
626.5735716526822
1428.3001950149333
1308.6256887622578
1483.196346015198
1401.36872091737
1586.3991926675885
776.890238040638
1048.2769569888396
1125.829277935387
1257.3855754172873
2100.4281118705517
860.2319432155097
1354.3840654424275
2308.2010574848296
1156.8930642761234
1460.1661659789127
4885.3378390340395
2158.498581162751
2463.070834964119
3602.6329587413516
1628.9961416133347
3736.5035394063075
2759.4047164311673
1871.6128765493695
1170.2271506284999
753.5119096581165
790.9317748200938
1197.4114421243014
806.7680701146061
976.1920740032233
685.9076943200955
1703.7133665648262
1639.6682844189643
1420.102468579963
88.49137596585507
924.5450969762769
1714.30881819786
1125.6678741634776
2546.2362105645175
659.0163749900967
917.7984010163992
2355.468290031
805.9149871000216
2183.170018817072
2962.3699301621687
668.9028250514568
1525.952147048178
1746.7781349432473
1139.9742389661749
369.6360277574442
572.4846493984335
938.196806077729
1109.2609158042592
975.9521194811102
842.069964352269
887.2909621462345
886.3643349995235
909.7632774598477
541.5095917668369
694.4557696051145
628.7945366860167
637.2328466870096
933.5836699439178
1174.958965421643
1312.9163622361505
551.8841499470225
1108.853325411261
660.1978491315485
581.991413601321
997.0448891836877
876.6099318844363
748.922530540474
911.6474921600403
774.2969094176244
1184.9898607038945
713.2468271135422
1641.901266378815
496.88231193481965
1484.9139003771008
2226.2723698883588
642.4582009859271
889.3619617816919
1090.665414671635
903.3186508208921
1813.4045355559945
214.86912408700476
668.021907249606
1284.8152601456184
1288.6553121686838
396.9712014687044
1014.5481538747756
915.0412444898327
827.9952836075223
1018.079305278933
929.4518814091949
914.0297864075599
1050.7087023783026
639.1263548976399
663.5997439211809
1472.6503751520047
2238.074087080194
839.4361794560659
538.7303611538133
1442.1829497675399
1795.905409479073
1240.8596441632467
2221.349264110318
1802.3545438577676
2338.1811290613236
848.2970828216713
1570.0586663931222
820.0564823470502
1007.9571061500302
1294.008685817177
1568.7188776253226
1412.817551250202
769.8617875393049
801.1185426422986
1056.0078230714248
5717.690926350048
8277.536993086313
3909.664470332158
2001.859769385947
3886.5728608531085
3162.709271241546
544.7264124605397
2978.9257930581643
5095.339838060163
1749.626771626797
1587.4106963009403
1316.0577978802585
1734.814344138164
3091.2735673046636
3970.395020653791
6262.1430387966275
1971.0318098714592
3294.0039712561315
3670.214397770878
1686.3015893856234
4422.500548219133
2001.6359838821438
1962.163207481493
1368.2720765729932
1308.849442865666
2518.6857782114657
2206.937164755963
1564.2493346242286
4516.694060506782
1464.5794369845298
2025.522336673642
1318.7092877455943
1957.1751659248955
2885.815247458379
2147.68708813379
1540.2878648218405
2181.7631318344797
1278.1669716705806
3339.61967669022
1652.4124895794093
2298.7368354344603
420.981300026623
1712.078295903599
1002.3114287048529
3627.431100629916
1407.8884593679043
1034.637010841454
806.1858867304271
1281.0343296194983
1278.6119816614307
826.4238790944859
2410.0825233962983
1043.7189518248942
2034.5530635891666
1569.3487876336796
1142.911352560985
1625.8735016917715
2196.1314521085424
2044.223650177272
1886.8068583032025
3616.9675290188343
2379.3273811891936
2474.802000548463
3556.1479250788516
2232.339093155865
2232.579558992095
2296.81390001602
2198.8991210322642
1882.7083790824984
1583.3000634976734
1159.6996718227988
1867.401660416803
737.5256168502776
2186.016884362558
1755.5855975899563
1896.1375733339962
1669.796212892334
1922.398667535129
2990.7359526913447
662.5891253370739
2157.383824820574
434.7979550618914
2936.25208957319
2586.463144104486
247.65134584573647
1533.804063400834
450.15558862567735
1743.7948067669913
2327.9871817616913
1900.3986957265918
1103.0191277723782
3292.69558219882
1964.279158829085
1912.1053772502437
505.2217987848947
906.0412451898903
1464.5751064622416
947.2296689872899
1488.2631132443155
1728.1905315620456
1808.2385841171952
1479.9923785320036
1903.1906233292054
1597.3653693159577
4337.174660564603
1561.5225903756016
2640.1541538735355
506.2376082252012
1687.4538115328594
2904.46710229174
2670.935617906366
2094.1165521419025
3634.3994282640747
2078.8333256649003
3071.057100052833
2334.571180724479
1604.3389942203523
2234.0225971424734
2176.491435864543
2909.1744625777624
3061.1514454666235
3257.2144191193934
2310.383695953958
2206.2116380338894
4564.904568320366
4502.958495778482
3709.949365794676
3120.3728180066273
2965.679292324512
1697.350762377644
1474.0645377772528
2322.8993078850417
1042.8848777361088
1177.4078477332503
1421.8197758337194
1378.8572019059138
1830.313499224285
1412.9916411462689
1102.5910856083644
1034.6630744634538
836.5602632482708
1051.4287132981951
593.3995776852852
2255.700040734384
2701.159413774498
1695.537634415583
88.49137596585507
1235.2144902335162
1177.4078477332503
652.955507277537
167.816938397789
449.9881429818567
1382.873946230856
277.1318108920834
1417.0888274421266
1066.7245366759118
892.1830068186651
844.0064559251531
1047.5487079382985
854.2835632178269
705.028030565467
215.31888840424043
2165.079698623741
4079.6195692787173
2510.74134333615
3559.606203543358
3659.0041376248737
3060.0741001881615
1600.794906452922
2022.9298318412834
2264.6168237280845
2485.930586822626
1552.3904262964315
2683.581521012196
2973.2654130627175
636.0653810659475
3196.7496741211353
1982.2784041496013
2438.419982795114
1029.7568975550594
8083.883679793156
1841.5993945076314
2780.151432664489
2536.1752385375084
2038.7905348423426
1513.1180575725373
2652.31061207946
759.534369507282
2010.4343734919519
181.35593524859817
1966.1837330582757
1833.2734837533073
1016.2562375391902
1825.0869277453137
1219.8668618325323
1635.9266695514746
1154.7114589098192
1144.3110195240029
1537.062837850538
1402.5171169554146
1501.2172254905208
1507.0320015936288
1405.081858889781
932.7376180203595
983.4565287829461
1187.1260000025402
1436.3665582106476
2126.6104222103945
5118.057566650994
4487.4409052785695
3043.8350327283015
1150.139372297384
1786.4028658049601
1122.0590832459548
1233.8941987939618
3070.26543320625
4020.2600829929465
3465.37396659212
2770.9440640021494
1985.0051274781595
1674.7393112658967
1263.2603302448401
2211.495382046985
2009.752269040592
855.0710859638532
698.5101924996843
6106.570810244034
2726.234268704621
3487.4713904828773
1641.0678214643935
4240.530318909509
2491.703409961015
2260.639077024225
999.5440855576492
1941.322380419493
2173.410848804001
4229.5278018578765
4612.994493723335
1976.562427266276
1228.5089229817568
1528.7022424239694
2156.8793294621623
1282.2507280815823
2481.310600198795
2108.677728985108
1311.4136202016516
1234.7526014542793
4592.601191355051
923.277381496998
1201.5486225303257
3335.463329950092
1671.878303218795
2042.3072964568066
1996.2820223654082
2128.971481757185
1774.2535584214856
1667.660870241063
88.49137596585507
1600.617512242605
2353.902201187935
3634.125234566141
2842.97850701773
2915.298217426051
2182.5297993721324
2045.979393796786
1586.1748628363443
1007.8827749630655
1178.3448564907294
2863.268897578139
1510.0877997641278
1386.3120901291961
896.4680624036574
2251.601116422626
773.131378889669
1649.891504706266
2435.151384681366
888.9953719266514
2583.638230717645
791.2113153830363
2177.077148174958
1857.9137014026232
3723.204854815273
1557.765137390059
3368.1510127448414
1623.9752373768363
2194.395515575806
1360.7822639710687
1081.9636877886637
1340.7510106253274
1260.5455265585501
3537.5867505132337
5004.08563862266
3093.8888217259564
3425.339467306108
778.1282311291495
4676.766460247324
5302.826790838134
2213.8703659228963
1790.1996641011349
1853.4929707377626
2223.6673978704166
2851.836190320718
1575.6329587590155
5046.523235733749
2842.9409619649714
1525.1852604502963
1754.5699514344794
2759.4122550249635
2441.608401341294
1310.7269899735725
1886.1215599719885
1803.2162988827695
863.9919046854056
1723.7164204814821
4164.381917180439
2175.406774413199
3805.1871318607473
902.9470739786069
3509.579818232454
3483.913279064492
2588.4751757355857
9803.449806510898
2478.128079690925
1611.6793264619778
1400.6651441416761
2946.744517042129
1586.2471710413447
1331.9265563371687
1129.2551334473733
1180.4774079694305
181.35593524859817
1676.6816662374713
778.3696795703095
2943.2668792026793
2272.262382866482
1393.2004279908715
1577.963982858879
1160.7752369211753
2542.9804593704794
2453.373701843207
2669.6496806351724
1896.2430413508746
1447.0739179510279
2822.903220687161
1112.7903534175125
2405.254690229417
88.49137596585507
2725.9162011022704
2431.8640063197977
2330.635875665788
2058.433867397835
3205.542647328819
3524.14105623761
2864.171501171692
8002.813170299067
1180.3030709499403
2390.418386029648
4087.694984849521
3114.97184615204
1645.3133085618138
2651.3861452577835
2547.7323426965377
5000.265496049899
3085.2026827975433
2135.176624557955
1977.642321368105
2636.79355889631
3001.8513679584066
2520.5152272503074
2205.810274226251
1328.484834582965
1014.1909964446123
2408.3491914547003
2697.8791830330733
2543.617898825051
2108.806974479421
3926.3073969008287
3061.4853819745863
3351.772141905198
3501.9105922460544
1728.8556636851276
2841.663125057365
88.49137596585507
2694.157742538821
981.309357028076
3486.2607990557563
4406.859791416229
1776.968900783765
1956.8421688288722
4712.967075330527
2255.6457790711956
4086.63681505593
3718.184740798916
1177.8450604995007
4142.729872923887
1201.8111037675128
2637.2624322481106
2697.453240725792
1919.6201468327995
1999.0888709548015
1945.724326958839
2172.2547688366444
1996.179282480054
1655.2201438355276
2026.2648281405889
2117.4863304847586
5295.819941575054
1801.1205539249015
1587.724580941388
1635.883871023852
6420.124424295501
2542.946750964674
1224.2676824973305
1572.7211722797401
1055.5716521235006
1673.2914043022856
1172.1312296002377
2456.427180668521
759.534369507282
2192.9760859168837
1828.9857878630705
3390.4491283724233
2390.396964014815
2122.199910449756
3897.2416772507945
1099.2302811265452
4187.867055429717
3403.359068245355
1809.3459072463897
4129.172599607551
1941.9238177963935
2324.5948276639265
3633.2892746568673
3522.4263941548124
1945.9114735177377
10619.233227575962
3572.6228646169125
2771.209483884921
3245.7862700803817
809.4644370091161
2191.9179720141274
3461.1924313168593
1147.897137479956
3072.255486108346
1418.8821629412635
2567.3097497928625
7101.5742270321225
4761.9720838267485
6182.365371118208
1525.0769689330914
1265.2276975556383
2492.4841952686984
1086.3320091572505
1219.9942497310753
2234.0836763022107
2055.9791907870417
3016.992820924451
2193.4133742123204
1303.7763884094377
1650.1808111626208
1490.943802539323
1029.4548482132295
1122.4955009304283
749.3042403922149
1519.7337536081654
2001.8432468612948
1290.8894458280226
1705.59544532216
1653.7132802464137
2043.2130406933677
2756.526049980754
709.6456874382702
1626.3218773206775
1568.1045974310252
2009.8092761821417
1036.2829074526296
1188.6331240304642
7757.1642902559715
1996.9361508541456
2672.19702442869
1734.9659095932689
1331.3613425503645
844.5104351884086
1684.2342214964806
1577.4403010566518
2265.1787005364636
492.1471027709102
1575.704736229455
1816.8206783004616
3349.602621710713
1337.9092422426957
3362.756258493101
1614.2981869291893
1641.863305192092
2961.870556415408
2053.858270686967
975.6031975099758
2256.7002179864576
2055.796065402131
737.006306812248
982.4401870441836
1056.5002902028561
5835.037903370446
4971.8131894634425
1862.2541789515046
5397.84616432524
2632.641372347189
2951.6913944463195
1231.0544438214765
1221.7958156735244
856.7484340941061
1718.8382756429548
1391.0478005747464
4788.237105603424
1996.1470758436672
1048.0442150573597
862.373582799247
1202.3935380263317
1737.1987421350445
1653.5791985150352
2775.6453455479577
4861.734072011306
4411.625038619976
3937.353903942546
1452.9237852929664
2481.4098073352347
1581.243231941606
2011.3885692011663
3093.8553231696706
1870.3461650209542
3229.052508199108
3173.747276130673
2301.705002626057
3760.528221997881
272.62371752258707
2499.0803508541403
5422.620037014688
2890.0517918368014
3310.5430860190977
2160.948009876433
3327.2295924298846
8427.260933856543
3617.2296689806235
2925.2759718973325
3623.2620262897917
7420.201130625953
3330.229566109781
3135.535577426528
3156.814684353598
1969.8227809588045
2993.954684369208
3201.4015825987303
2432.147945210556
3077.1708410172732
5090.770970909164
2027.4388227077966
2567.323176732421
1958.929526273169
2530.630944983829
1685.4365197138993
1732.8382123095807
1748.4302656099696
3971.0650420647617
1922.6966053479923
1831.5401527543868
3570.59279533216
2110.123433888011
1719.8645200221301
2672.253458777108
2117.0893540186275
1297.4333729626392
1231.696461149549
3214.9426047879747
8929.369930473606
4560.374987747577
4110.606564165974
2347.110031696299
5505.632828295667
5584.2599814382
2303.9924401191797
3114.4341834143775
4801.609317356656
4687.075383842096
2083.334040881187
4248.347292260087
5364.357022784553
6523.4534599784565
627.5099104642944
1793.332558187459
1145.4356781572837
673.2083570231914
8057.176011204778
2631.6453236088423
3424.211893370631
2275.1784273987632
2091.3615871868824
964.6500514912984
3428.0451140452906
581.00930310339
4227.675080051153
1880.631113479455
1846.4620694720907
2477.785028494352
1682.5533688727544
2556.786728848296
4486.197760827628
1182.3361433839389
1209.226179188246
865.4227617039738
1860.2031972720217
1831.9778108202036
2097.665694190873
2166.2118720564636
1578.7732147404342
2339.694686184915
2912.4824596002018
3186.3589990440164
22710.127793374377
2489.910766718141
4341.3966508347075
3185.6308696351934
4765.708481685206
2224.0751025853474
2181.6546962066095
2193.1899694918648
2200.831227740531
3002.787947700677
5484.696915275158
2337.5496287488522
3597.118769451246
1518.1607166726646
1695.2419004741855
2063.0355924298956
4905.891531538498
5128.848964613354
1977.586165410038
3900.4209065638697
408.49382041518686
4095.454965091282
366.9834473269057
3874.9765875806565
2262.0185278169574
1639.329363510256
4546.70924549377
5698.042126218596
1388.1668065088363
1343.7755703047083
1533.5012552371265
2210.9254602059355
4933.363906748624
4698.395163246729
1091.7730191442042
3444.8647389654698
4048.9586526276853
1505.1924170005725
1284.7218722166367
1164.756839510405
714.9532174871764
1576.045980693733
2490.595145936277
2723.8701023214576
4679.156505594462
1246.9555475117045
1386.0431961263741
685.8155247825289
3185.0286697352117
2022.576720235276
1872.0077451442935
2226.181048654705
2137.337823079316
1874.7002704061592
2883.6048626508095
1976.9715270621007
568.4517516643942
3645.396560186123
1115.753124087888
680.217621360511
3094.4444993722236
3932.793635322615
8798.066645740675
7576.4084437339725
3217.100152709899
2394.6991381823877
759.534369507282
2137.1644070052557
1395.9488477662853
1282.6456918295014
1067.0994937697421
2042.7118582540506
1127.8675050015001
884.1860267456443
423.45910604005485
22964.286799136567
2851.133806519958
4777.464075988274
2864.2435964328074
2480.584817350878
1249.4866299598918
3314.069139624109
2699.0675204151325
3624.5491011486383
4074.104668051491
2932.3294743643737
4042.5507052930975
1767.971658330338
2209.733676331802
1441.5986674556318
2562.8747000210315
2065.546722810879
1053.2895732051716
1452.5295680109034
2215.971865176709
2191.547355464447
2254.651641332045
646.1355444550619
1917.8612560155543
1748.1672313185265
2057.978816134
1178.14650097311
1562.0316892804
1631.636082755091
1388.7899655238089
2043.0510869272446
1806.4361385694488
2934.0903332918633
617.9085209148477
4418.020002157284
2652.2918269636393
2250.9121591734065
1744.7338763641224
800.0272224351135
1793.0292187752468
2841.935843266031
1473.005834829783
1889.4523990462926
982.5838464596609
275.87154961690305
3502.656061682471
5138.979708596969
7164.310564742357
2266.527896810196
2619.691083635628
423.45910604005485
88.49137596585507
1544.225603092304
1271.8755848225835
840.6420418260861
1973.4412448440946
2519.2380115149526
1608.9329063274167
1953.6631645798107
1701.5058291970902
2465.861881187206
1742.5615042049694
978.803733783649
2175.4080620870905
1177.9248759086167
2832.9062266147866
1450.9806770573914
1849.5361891246944
2962.0549487156036
1014.0274541849923
852.923951241685
1591.2783186716067
2222.600133869179
1249.2097505249378
4851.4615354019925
3801.7264622972475
2678.6381303904595
9337.892508764997
6289.157994309393
3894.1563968174346
2653.6329655867667
821.9548017673732
4497.970430362856
1361.5768355086277
4678.530384879548
2658.8573193767866
2131.507597964816
2471.712310753846
623.793549119136
650.9545085894546
573.2156883311056
1080.9252113316682
4262.148958350106
650.9545085894546
831.9218161978101
945.4099555715655
1245.9456277499685
928.5807449442177
1104.7795888033345
563.683536532745
650.9545085894546
928.5807449442177
4518.608401107194
4256.344434634631
1013.9342979982574
825.3974415184448
1745.323947088775
1859.1650578489414
1976.2228367970692
638.4190362278199
2965.054640836699
1304.7097301069616
4132.316873508328
2103.6590316592196
4123.991305820014
7184.672587818459
3487.174687608753
2842.7068795681867
3054.0381550629822
3854.107889295833
2288.4632341198935
1277.3667544993707
2169.0600100925953
3520.2145691920664
354.1578765159066
1944.9074389188136
2528.640472537531
1724.7650008892451
2356.910243815412
314.73337878719315
2502.5519463311643
1408.8402703428887
1645.2447711128198
4905.069313584655
1566.2857558944281
1987.9466199643368
1622.0585873777657
1593.883107634663
925.5317111753882
8794.169737091184
3815.1386060082154
2230.2987736938203
4548.326044830111
3260.3613046386463
2420.1934957382605
1472.343886157338
2383.2378447173332
2444.979356502664
1960.296955977895
2572.5461999051995
3076.8178733846767
4342.821589317668
2739.5781801746384
968.8049815235232
1733.0294320978114
1664.1364356536208
4238.3636746735965
6163.138655301424
3331.330033755973
3368.803333123247
181.35593524859817
2291.8666988131017
1907.8444644869846
1902.977662151377
6460.66464562533
1896.1703276906344
1636.054594866518
1461.420136393239
5266.525499361652
1972.0716276228995
1677.6173383733026
3993.933869576598
2241.4308198276963
2603.982816214299
1928.4884505532004
5296.682064416279
2781.0313606524855
981.309357028076
2138.7562644141285
1463.808955728186
1966.062960842666
2063.3422082900784
3090.1791751132323
2930.2552014306016
2048.2699214175213
181.35593524859817
2611.096810467728
1256.5891191003534
2842.278170056501
759.534369507282
2155.878695793743
701.304188923038
2951.886018689817
2292.0870796311738
1408.7760227576632
2132.464143907855
1457.4796148713842
1959.743307505026
1774.680894488274
2674.4964628462617
1295.2260355447158
2785.3962378068395
1877.27695165445
4747.847807724869
2458.56455435439
2983.426263767884
1866.4457657103835
1971.8603971249906
2959.4875256736427
2886.159602479648
3587.2120359764713
1779.120330163664
4763.295057733479
1298.401760754133
3039.2954116913907
1675.5677327985704
3351.558198346545
4142.072576674242
3271.9722034587685
3743.5460696565874
2061.7968185412333
2149.6101111434186
2126.9914274056314
1634.5120428865018
5596.371263036329
3156.9186455746058
4065.7004714614854
2067.8016574792355
1562.6098276623868
4830.611101288946
2860.8961411561604
1688.3553980953868
1514.7260997684727
1621.9873817381565
2195.444631378506
1533.9628246253646
1506.065263970267
1409.7797476584037
1214.2408521053321
2412.728351857507
1266.6984909103048
1458.3859747504719
820.3124184668067
592.125841211762
783.6412488927459
1303.9060846657958
2163.2683346629574
1100.0662393343616
4182.4828076402555
2086.2437448833093
1486.3771504120448
905.978350384891
785.8462121453103
3608.083045652368
181.35593524859817
3412.961020353409
693.9140631131125
4211.914461179192
2810.573097428974
1890.1806721814858
1448.8946265913426
1244.686064430925
2161.07912379735
1317.8514259028905
976.6459725851403
1692.215439455936
1214.5122751363199
1788.5838371263055
691.9218886123813
1056.4241043482855
1144.4249534685414
675.1889428864545
5648.879158228037
4459.157270236363
1345.4905274279022
1253.1816980792705
9342.467383021067
3021.9960944641184
2070.154865838167
1864.8650700751261
5258.801782974837
2766.553764180165
2920.938089609661
3700.7282259438866
837.9621905872183
778.1282311291495
3952.7901603416935
1656.4695247807763
1445.037435956385
1951.0891796216752
1772.665316031472
1366.9956675491867
3098.2180627392254
1787.8931222275453
2046.5580279497335
3450.03666762574
3608.025414852486
3258.8615518121287
4116.121793931054
1165.7642931276384
1145.7801075095724
1718.3674168631157
976.8644546874773
1450.251030617035
1793.7357091751949
1174.098413061534
1743.008372494922
1659.0797656112206
1346.9853441211656
3207.0157624143303
2238.944794981895
4117.558672969158
3306.107273238513
3584.419318587274
3429.9124678798707
1616.6784645288335
1234.5172850071763
654.3991344433748
497.3392160436351
1670.2144826138112
8360.135388848174
4753.324934975766
1888.1648904893261
3090.525217318458
1159.3391841760333
2578.3446958290533
1678.4323814905
3052.7510730113886
2064.9586001197654
3366.1096531020175
950.65951173926
3778.881517992001
3251.893656911865
2770.528797259806
5605.6262308032565
968.1785159076641
3060.6350084033834
2621.6796973316273
1236.5114212623168
766.9240739647598
422.2979149534486
1245.0712748447393
401.7594831747536
518.2191659856609
2533.1612923105563
1861.3439063386343
237.52242476354232
873.6167779517313
806.5120657960379
1035.881890679924
432.60491846966886
2498.7737642992124
2805.7786337893904
488.8512967244932
440.19260846645693
143.42646234959554
358.79603085417017
918.6957893234141
877.0291371730309
804.7625103213496
1737.7675991524604
1504.4660172507276
157.64759068163735
504.42651452056685
1562.7757575224614
689.9723476233277
2097.400220385607
3207.124538011043
4226.687998620658
3454.85697613642
3355.0824719546667
3225.6131351511326
4040.1120406269365
3943.4368279856653
5407.909939102604
1174.4969017900078
3689.8081335234665
4143.33440015183
4100.047261808202
3934.375962913284
4038.7531364702163
432.04384680931787
349.3344188602075
2952.75199172084
2201.148035163544
1885.6849692724904
2082.7282039760344
1070.6082355006922
3464.66621664534
1075.4914332465967
2467.7141219930745
748.8323929880632
573.469663073167
1108.4561412764394
858.5784624199309
649.955157656304
1266.3266544443034
1253.477678097724
771.6679806424099
291.0893562315777
3480.6423623204896
313.0240465136934
1871.1404699534523
1860.987607053632
310.8257108294579
441.3058031056067
1349.6817300291314
1106.0163474219178
1721.847851023912
1484.6804775085664
2466.690933007209
2815.8711245334084
2403.720031812635
2043.3092926643726
unigram, add-0.7 smoothing, average word perplexity: 1940.6960495290768