907.8357248871941
595.8983739504584
2297.495150186503
994.2117562127355
4627.679228150593
457.5189714205499
1869.2595347425297
403.3440660386651
1574.6012534101276
1195.4467407408115
1027.5419849248929
690.8646210009679
2795.039963336911
824.6079801963563
1436.8734040649613
1491.242295276237
2024.2493606696019
1195.3189337771976
1180.995012023775
3860.5101956238645
3907.973026560305
1867.0598893786598
4342.47450466522
2664.995717370559
2936.497584762844
3004.2977143118833
1086.9552769912286
1140.2213098957995
2087.2278272398325
4949.62429831379
3105.0228467987968
399.5735481963782
705.3076996456165
1150.8987199989717
966.1241467762177
838.8806290703674
1063.5995504735527
790.497652340638
2706.163194236769
2029.7382478637253
2093.9462756123667
1025.6366737205694
986.3243873427014
699.6667296572741
1555.3111944144455
850.6664694911823
534.2842236832917
998.2622886979715
823.6737481392622
909.5040851706648
549.5403507656342
967.647341851122
1132.8649460806507
698.5899833345024
1002.968149428464
954.5174642662593
2406.0997447037694
1805.8092392898088
2459.6859621480376
1824.954500036517
1292.5788479249547
1867.7404117009519
822.8122026394727
2141.2743538189557
1341.531493013065
829.2347182827485
1643.3121543307843
1865.892191310178
913.5749019396238
1670.7850383996208
1719.9685350036598
1218.4409544887028
1650.3677590560678
624.70811620715
744.2258180211346
1593.270532385261
2147.758521856378
1652.618850804777
3458.4330710195527
2375.28290712097
2980.5247707959516
1343.2639538288872
1650.0235633215527
1055.3389113012518
5447.914477186409
3093.4427852919266
2505.247639483013
2138.2836625914993
3446.182134369014
2083.5833634395817
4092.9800129035457
2374.874074058928
4125.177685033574
2136.3946928048595
2801.449339788806
1590.2371133489683
1591.6078887531348
2573.5183643643977
4066.294496515191
794.2854467668072
3045.113724877879
775.3290353506275
968.4232412651021
19787.33781660374
1565.5317231022298
3299.0796350898986
3611.8532044647764
2864.84014627189
2037.7375690758993
2514.1140751413573
2668.728211149356
1953.288969084853
1739.400413460678
2637.1857923666203
2451.687702687302
1361.8785612440404
89.08244393566724
4579.105494558569
785.997225848819
1151.9336486109448
1859.1151537906085
2023.9470337346384
1199.401365335107
792.7970709484182
3692.6587333005896
1791.5820594927327
1981.925776853719
977.3201360772683
300.2788673250876
2117.1657219220724
1632.0199240013676
2108.7131072281136
1638.410698824635
2237.319688591903
2396.2939122395474
2613.504084614929
2403.244915206984
2064.233759114123
1622.5776293053511
1198.3315911282812
1241.9940300351973
216.83664519901657
1157.7987092497126
2438.351508034881
2300.210437890528
2848.3893611251806
1518.5796864994227
2212.7625414579325
1768.2969952171015
1493.5243738745417
1164.5325212077778
4101.155033049011
2411.6988295649576
1909.0388644934758
2321.9738479143325
2778.3281261943152
1801.6127847890455
2049.442241152435
1331.4483890348622
709.5847850977477
2198.2369331894256
786.1646299838501
1961.3167880112542
3230.122050140528
1371.8463829542866
1216.1127839976227
3667.742701688903
2415.7691658523363
2151.270367382638
4240.945438902044
922.1579769570558
944.7600778153953
5389.43120683906
4015.534881303977
1314.6630186138768
2057.794794556034
1290.3913045827037
1687.2495853556654
104.78277817126423
1097.811764860656
2169.736097113215
1493.9986261504598
1675.3799063039694
823.7884523568503
5292.820628513532
2286.259075426448
3637.3554405497825
2712.9732455873336
2730.212557139916
1820.3259409041548
4399.345523675285
1311.0581396714942
5990.110066065273
8607.741809455341
4485.48147882916
3459.827705461548
855.4384715626405
4266.704880640861
624.0816058654108
2869.0000574427368
2438.9190217804758
1127.552965831706
1468.4698908913688
2018.1549200214727
4101.502082587972
2433.477585945141
1522.4632754130455
2305.5528967133373
252.93874001849073
2060.230400816252
1371.6644106370395
2119.1093783824426
1243.3418022013648
1248.2020690538284
6023.202547254736
876.4384921123496
1393.6754585929518
1507.7059510270296
949.1674678855607
2627.344895466009
800.921732871656
8532.644722496954
11470.86211729451
3159.445197428713
4859.506728885604
3886.793160408557
2401.6950363483265
1862.0517460160006
1620.1182394871828
2153.823671044009
356.5914423513935
1455.6457067514398
1664.2874322192047
1709.4861396077038
1348.848589372016
1241.291233711905
3415.7105091898848
1178.7526569396512
1640.9213479130428
1257.7441833291132
1668.1647085185564
5352.592747152192
668.540222934176
3291.4316535815456
2084.5218090592352
2205.810064131986
2567.7749224101103
1897.4244885265248
1768.770740876461
3011.878787236868
2268.721433645628
3527.5645288142423
1401.5731379561823
1498.0722430857468
1836.1960367779072
3116.4080759601748
5608.157181736817
2102.0068003037813
1110.9861204179201
937.9338358421282
504.50383494585753
1464.7121664319598
751.4777508806925
6405.566005861859
3703.6720722534724
535.3011118295368
1414.3724471331047
1434.032261344055
1973.7361276164506
2073.0600467942686
2671.906757112314
689.0511950639533
5247.758227547559
867.0026532930283
346.78410431341763
1391.9748055237526
1283.7331861320913
1002.1280577882414
1460.1314021546546
968.2295036942274
717.31038326583
2359.846181057741
1169.734699950253
2305.316729238145
2923.5808828308213
1730.474282736844
1634.6386786703042
1700.1578394651588
2108.3708960399913
8925.205195811772
2966.785569392387
3481.905349375245
2852.5339873834255
3255.1836377127033
944.756710242416
182.53343682189256
4611.201078878423
2238.7183047550457
3977.0691341676807
3043.6501494045483
3810.893486612455
2167.0379988450395
1851.596018101358
12838.826504751725
2970.374373953494
1717.1351315884156
5831.259623466904
699.5741976355583
2136.8926960294343
2495.825878614244
4679.1404175212165
2143.09129889009
2189.3991301827086
949.9390209271945
766.1162086410694
1527.3506900145314
1119.8273382240645
1875.0724607966836
1763.283922046608
1523.798799163875
1603.456333598055
1001.7203354725312
1338.5598007305548
1139.4917121512792
2334.3501322470547
1173.1371908423837
1117.2650520002906
3334.2064086423325
2314.884146919587
461.84296592935857
1249.0421470799408
2837.6130863003245
1294.9121000609355
1775.791614566278
1975.0130248734497
3370.2161842321516
4540.47454779909
1737.8124546098838
5204.217892134421
2171.357221659299
6936.374439560913
2073.5464559438274
3102.877528441155
1481.5789054773622
5735.804719207133
2854.638003530014
8285.582583597117
651.2666856440294
2820.0444950327133
6085.713099380078
4911.032134384529
4572.991491075004
2725.620620074923
2047.1136077470087
3126.9295518503486
5725.770398004605
4306.539730594859
3011.481678769507
3142.596226242991
3572.7529893625
2618.2821668011193
3741.3939820492824
1714.3115888390553
1119.8202770942585
1180.6225389477572
1444.774810802977
1934.390262361652
2260.042059776551
1101.224674196115
1156.1560007538599
1251.8043456987202
1543.6534007053408
1516.5533774248163
1779.0816252956654
3451.5593503463815
2446.875645257629
1204.9656402421092
1350.7285444555644
821.1843433940469
1455.7080844889947
1498.1115024345768
2168.4949055603765
2702.82852675125
511.5871365678665
1673.1693366974187
5774.066175966655
2239.3242231476643
1338.1216352734682
1647.5090811781963
1227.232340286322
1617.1279298055028
1673.3942697231298
1628.6966520896033
2848.9096174467318
2834.036674164786
2808.463399811196
1501.0998395913798
2409.5098962959505
2109.2114514074306
2446.7722461821973
1187.2345354292484
2352.1281292400536
4148.1320460742645
1169.1468868073612
2427.9912548019315
1391.9191871629048
6231.461024714721
1947.3181842882914
1945.466961648879
1207.4163589706827
2208.6082210974446
4070.164539954456
713.8356579395794
3636.9790703204803
292.07971634645577
2357.1682799535665
2970.9727639948774
2879.4729080263837
2784.592759397826
1243.9455619173364
1228.5477084228964
3585.620310938026
1152.5880090789813
1502.582829689691
2137.737974923126
2115.283245645137
2309.6486987259464
2404.2151205238124
4654.282267753072
2323.9670748912977
2472.3707832680993
1281.7305692140765
2605.012019043102
446.03722260729216
4883.581129471066
1568.4459407227007
182.53343682189256
3759.955431522297
1337.5275965690776
1752.1457272473722
1219.2301819240906
2694.231447008749
2345.5845872232153
2833.3060935692397
3172.9836010218805
5279.324889076071
2111.076564729982
2306.9307896453042
2492.451701857461
2428.13127833932
1411.4855639237749
1562.0746047405687
1467.1957130463932
1758.9484168754639
2777.257896075418
1356.4590128951654
1453.7666199071675
7443.613069184394
2895.974950759873
1788.6962864789432
1842.270487792636
2487.712684974922
1851.3200973958492
1308.0144717178362
1054.6720222489812
1527.439767691141
1601.876508072532
3584.5930790695816
2028.0773826639831
2042.8294140944129
1089.6630313407031
1290.774107449493
1009.2922868451805
1020.6508566461711
750.936703673105
2015.9017147229545
2772.503709230656
764.5483623244621
2189.8295077050516
2350.0369847494876
2200.3818994552757
10266.121276497857
5865.518300416682
2716.6736897737546
5684.910815198486
2452.0796329338723
3523.4261158221157
2610.9705942116025
1763.296814996596
1479.3183195075085
2382.757197037229
3684.066179259923
2648.12653192558
2872.352837186212
3185.3080544807776
4102.789712526403
2049.62312146723
916.3709876697136
2294.5034673670425
2038.0514689660126
3139.941028886802
3623.536024086302
1916.8724980898403
2738.3641718229633
2880.687695740787
2700.3997290083544
2316.984792990639
1272.3809571783993
1916.8522305634153
1664.0197603193433
2375.6269246320376
3370.937533981244
3798.588140044072
828.7491786959097
2567.99790038155
1716.4125574942716
3341.8147063421147
2008.7383462655494
2147.936449366688
1511.0312675006437
1824.5409756242414
3682.7433657787346
3397.6569803695975
4095.434196166123
2954.877508650009
1891.5581792595297
533.4147408023089
431.4592912023371
2863.244316704815
3421.303191480623
5055.709054543161
3102.6656299114857
2385.52648095255
2257.7886833883877
2862.094177159231
1302.2426068653226
1734.1074631440144
2579.2334209212872
3108.827911955361
2140.124988344037
6378.578305785215
2389.4564216784265
2194.3069790501427
1774.6526500204193
822.6647284006361
2112.564154969913
614.8930256970581
2032.5833694623554
2161.9021678685344
1564.0821177379974
1123.603526877902
1978.2440827821865
1127.9592643151057
1283.577700043782
1635.3792276358251
1004.9142176650474
2529.456824060724
2002.134538434823
3609.379242865648
4288.478552059396
1867.0948690308282
4005.8356490392025
2894.333746383886
1645.7331606200296
1574.1053329306192
3765.084439032547
663.5722468922789
1880.7053208072928
2692.100171582394
3359.860184211256
1681.8550254501831
1412.3091291443789
1605.7019300616228
1492.395456870524
2664.0816104974238
2306.493753955565
3556.364314091549
2454.6849204543446
1364.793521959267
3002.99296005426
3194.725969282265
1230.893862585639
1466.3174305799037
1565.8099427302402
1902.8094905317382
1080.8294902118166
2590.191956774729
1241.8545119439707
1514.693953328466
1906.1635593932615
1175.1169911536279
3156.112144393914
2573.483977787292
1370.4046216470028
1800.761490374571
2361.2272660722288
4896.070629588371
2900.4181744327084
6065.045039845941
1478.9049863248586
1839.7630939316887
1322.5457264696036
1621.4178726164168
2274.248151269456
3713.1865673840243
1480.2478167236925
1162.3314376275075
296.522750261113
1472.542293836511
1097.5852323947918
1721.0882625427978
1107.957670315541
1033.0804459726273
929.7654959006447
1229.3144167511343
878.4244717371927
1363.9544466563768
1297.5326448849326
1229.965716299288
577.6143108441835
2088.7853709136134
1289.0641616458422
749.5120315926603
1524.6144708100926
1144.2925675380914
3085.8340984656766
1482.345423224629
1285.3761280160059
1565.8953136910236
1619.6371405017646
1242.4868709111063
1423.0355974405527
1571.9228024626955
2085.7402766049
1272.1191599313588
1026.3856236977042
1473.7628492396116
658.7195287769581
2239.58557066872
533.4711548711509
882.9556685760358
1621.560982008914
1460.2653190728493
1228.7207882348216
1319.1585293121304
1294.1137271913765
2217.870319054033
947.8154590665084
923.623538707867
1762.7708504527948
1367.9554138125532
1151.8302228023488
1043.4842134377056
917.4323293436598
1713.4853720390654
750.1495448651942
1520.127095522581
848.1480851025601
8171.179314862754
3327.319857582064
3611.4150829632804
4316.590080578112
4802.05292911024
3624.370746564402
3917.019768502995
1366.1084280373825
3113.116173026145
3188.840474052341
3545.801514641424
6562.506643267116
3624.401912246054
2722.0967225096965
2519.611621828359
5540.1883287109595
3792.917757176458
3355.922178715308
2478.624999401975
2686.153348816226
1459.1675350480382
1677.8315397778215
89.08244393566724
2703.9740123581864
11098.284475364397
1426.5647412059577
1356.0058596279032
1799.1588154209219
1785.5453493769305
1838.7144473501692
1752.405799740778
5498.163225796525
3861.745558085107
1491.9722998825778
5782.424724946316
4101.786213618895
4907.443216667359
3146.1009072361167
4094.3180091656254
2066.5212713040164
2486.272817809955
1549.2229918983946
1593.163251698707
4340.2669091409825
3771.997977356153
1924.0780525667737
2562.1079402740374
3068.9628249388466
4465.662850862233
1319.1549892430012
6359.320434074395
515.955145069657
2043.4284046112662
3318.875469565886
2816.8736314388375
3025.726800963416
2878.525677030532
5787.176046385354
2579.4297705960566
3307.43028303265
2636.49319604829
2011.0590367563666
89.08244393566724
849.8265660387891
2651.84695009746
3152.8468609811684
3907.519081647307
2582.05074586905
2117.844332127297
2626.932932570061
1111.1371772845212
4677.677606281916
1273.7879599691576
5388.284689695738
1595.0413267231388
1906.5051756769476
1640.6721279670344
419.08907701563754
404.2242458389596
1416.467709059568
3168.1085063908617
663.0658524144771
690.14943914677
2087.2278272398325
916.5833182102798
1615.7725174482594
1180.5783916222192
1485.7386938735
1909.5986948601253
1735.2371420721718
1700.091765338708
1211.0021191910312
1726.1187498347506
2734.5719717787897
1718.604755534235
1656.5234535692
2555.1972032334784
3263.702226456011
2120.058674176124
1904.9447863637404
2128.4326116066995
1982.082366044522
1878.7713375149194
2484.9656603771245
2579.6879405676023
1478.465196647349
1439.581504878771
1548.8329647229946
1241.3534203525437
508.02687460252224
2273.3607325362036
1363.7007064952631
1535.118296786358
2220.521786024374
798.0724026211608
1370.5950462394626
89.08244393566724
2704.5208910804085
1676.8912375131024
3411.6836366650155
2606.8378512958493
1802.8246818072864
3186.1769598481014
3731.931474701951
1775.058602120502
193.30037270223806
1671.4904192793292
1832.3274349031858
651.8568097178979
1429.5633280912689
1530.1181150256473
1813.2321593398426
1952.7671405177282
3097.1161824140886
2479.3934914491556
2768.332978158007
14770.654372141627
8694.003073955804
2244.7346418671195
2021.202962076813
2244.7346418671195
2021.202962076813
8347.741984856792
7531.821385991372
2469.4208987219736
6369.834764417985
4794.898673465496
5879.17547335655
6424.833274097917
1408.6517968488683
6294.861089899831
2527.0217796297743
1703.3951780252912
3920.3194902252562
3554.0419945603558
1933.8145470560473
1927.810231260127
2040.8938286715743
4429.368786562585
1548.5568546373295
2131.0767213007384
4239.940422822212
1471.0077333755846
634.6613660434668
1536.0359721238754
1502.0937887195387
2777.2596900346243
1166.4111272142575
1486.4733371448785
428.85613747020346
1346.137361603137
1603.3805679710513
1470.0325846994356
897.1526522430495
1683.4842086639264
2007.3153905049214
515.955145069657
2880.1609232885735
2135.871654476014
1807.4598838788256
1662.4895857132042
1704.8623115582714
1913.7360503161333
1631.5541372809585
621.498096854393
2368.3507817623026
1639.1358132584567
2024.1656523131544
5513.897790604393
3428.731464112263
4579.549327119661
2366.4862469395066
4371.363669298011
3484.0164169611157
8023.495906304211
9039.762452230134
1015.4731500076258
687.7504396053363
1993.4073285346885
2052.803088356068
2068.7154785272296
2766.492096270271
3555.9444082803093
594.3481580066923
876.2819029501403
2648.76594109713
5509.026298989681
4936.897871185144
6324.663930780498
2646.2389514652596
332.8790665350732
4769.516813744118
4251.625235129901
3206.0775402970735
2358.5156987787063
2210.2295976942455
2302.7835025303903
2498.0546602448717
2023.1689691385905
3253.1587694719688
3154.737101300283
2524.8372371946625
3360.0364721471387
1408.8716940068746
2240.6608795467796
1429.8534571451535
2845.2830048711658
4006.225960953073
1074.4879799491316
3285.5748210831885
2981.4141187729365
13466.190516705856
1815.3858425587036
2661.086746622821
633.9582879094338
1935.5090519087464
3049.1819605700293
969.7008631019219
2944.1256582278565
1245.0796092339276
2802.205644031336
3898.557471956232
1341.2941622930573
89.08244393566724
4775.311706634601
2251.742858875317
5036.588608806853
4010.420009729645
2180.7282526069753
3045.4118380465798
3073.498021831668
3804.1477876250065
2471.8663686350405
2698.615289643825
1430.9518163597834
1787.9765256914795
5712.019206703405
1004.4286458463489
1335.0497910772106
1341.1128885132139
1434.5631740157323
182.53343682189256
873.8979725107636
1175.7601737296338
2057.441461849884
7241.788147535301
4950.839203687216
11182.798444926138
3616.242103344997
566.9103326411732
949.2075245844889
1157.4570624242551
846.2100240653785
1520.9610035919413
1148.699897648179
1126.163635686532
1661.2328653178934
1903.1081402481175
1719.9721181115774
1499.3874924776612
1804.3269824530728
1389.6931323678118
951.899794467921
1483.8301416919285
654.1193802205689
750.0026447480966
1199.1494775843696
1168.727192791722
441.1345052116735
1427.5406148807815
1358.6200818678847
1874.009887371509
1950.1568047120631
1854.0275495715553
1167.8190830216452
2511.2119730162804
2322.1677412385093
1636.3575597266354
1840.7906273971187
1019.6321817295417
437.57461178661066
671.2179252237299
662.247639244115
669.4920931155687
1366.8109046839063
2579.5791625920174
1152.0300063146678
5290.268876678633
1438.2602102638218
1419.4931802957578
1984.9615805198516
1388.2572010858582
2099.9075101538006
3068.4772487619407
2628.4998655360077
1555.8702251721238
3503.7607406237707
1871.6329373436704
1441.4076236561268
2655.9715131642147
3128.7128221161543
1712.4596064463071
1341.3839279084707
1308.7173538820791
7178.697435500506
614.8930256970581
3688.3743702395186
3184.05179607572
3524.9735947087106
4241.2406568282395
2206.043542976907
1933.70401494634
2010.5029859125802
1483.9933419853267
1411.733778399238
2573.5438509713867
822.768573636757
1747.2614201241392
676.9176337206763
1204.748320435327
1236.8932050162362
1414.3724471331047
2471.7823181329622
1398.4175594290282
4964.412270190615
2577.0028568481343
1594.829827478707
2377.6275663111896
1899.041611034748
4408.750900036174
3393.1762523327006
2620.339584167974
762.2749407950979
2929.1470329687295
1528.6122401323314
1074.620033886147
1135.9376032352068
1481.0350436635729
1714.2408915828307
2276.340453902452
2474.6485245004314
7398.000617597946
3731.2517661830425
2911.07806208717
2459.9748781283356
2066.03379730651
1654.5877295911525
2123.472853954892
2238.747141562361
2650.112789372152
8044.771422987648
2455.7416022212033
1599.5515923091832
3910.4404960128827
4134.883779466578
2769.906240580126
3812.447308730628
2396.112480697962
862.000379645411
1479.051686196095
2331.662130362635
2156.826406362142
3896.1469181188377
2305.7736231703175
2724.8098177161564
1524.1935966789695
1037.020923172618
1303.6244931828069
1400.2481921967724
1186.7899863496004
1160.153922964203
2912.7431856734925
1734.554547178403
3718.047063875347
2535.251026072568
1516.2612034952049
3870.3945923776487
261.33311741650317
4425.101538679894
4592.146642129116
1627.6806358973176
1763.2695471472396
1843.7854892553823
1695.0649765204198
3342.1357829390067
1902.5657616890205
1020.1117837046821
1045.75393634012
2325.8306613553327
999.4183104139653
3291.9030664526504
1669.2442484044755
580.0822408615809
2285.0643332242457
584.5618735767981
1630.590323558011
1027.688917543039
891.1859917430405
1038.8465520765612
1147.253084782651
1006.5578162335111
1030.9828164706682
2023.0482415326899
3177.1387812196012
1910.6798783031227
3538.759616054021
3163.8479447241302
2485.589453930573
2894.6850262262988
1699.0697428220335
1531.3314944631513
1778.1734185664334
2197.0513867933078
1785.4898349682344
3056.5447299155926
2177.4987345299714
3408.0393074200906
182.53343682189256
2779.8110032103214
1715.4209335183582
3325.0012463008998
7706.542954822935
2361.295252148392
2072.0336291692
4730.641066835034
2623.828992495174
2068.5088661425057
2787.8109711839857
4269.076670242643
3026.217311851939
1825.5744876660888
2863.0937750477915
3609.494713208198
1722.4765963442062
1857.9352193243005
1297.6128327586807
1171.518440474755
964.499613321407
1324.0787241423145
3146.57875195395
4411.085783925408
2784.433544991736
4672.539931060611
2040.1403763905266
2974.027890908501
1381.1043437247602
3861.1564801266
2391.187989025258
2909.5091088759136
4952.165137794038
742.2788818458171
2168.1302827432764
2299.8283407716553
1928.5730110596592
1563.3179330884136
2052.8121417081034
3502.1930374013864
1724.793133481583
970.1688941977255
1039.9397601524947
1616.9313241279422
1170.763022186909
1565.1497437012117
4332.880597958728
5826.090955724537
3571.5652489818785
4892.848858089028
2898.9996233208058
5260.604307502168
1699.8858526034976
2783.5212516133956
764.5483623244621
2036.9107562508461
2263.130562729243
1922.8000257310277
4908.344432011096
4146.807250521402
3086.706140936596
3579.4109786201384
595.5303064450858
1724.4473831478751
791.4469590797012
1308.9087002634435
2294.303276976993
1063.7533386683945
3294.3323145676377
782.2046141885183
2635.547162568943
3670.243851096645
1962.0082738732553
1414.8537907400641
1874.8108588695345
3422.17968565458
2654.277706021357
2285.0923498197017
963.5437107072835
760.4892685214448
3132.113461491221
18441.070949961108
2940.8659208026056
2200.5802521885525
947.779388750372
957.1723791165865
1013.3071276415818
2422.0744777951118
1781.9808016833013
2638.6436554978477
718.7685309078237
656.1181656549348
1805.952598411834
1294.7973754909704
6305.161451893765
1588.3263140399351
2712.2517258980106
1095.7235887980698
1731.855038117164
1596.7097727693508
1440.3366043577105
1266.939071779921
2820.1278030883095
2333.2657590235863
2564.1499830463563
3033.9976795835623
6487.456698892192
7264.625347955352
4887.7410804342835
1931.2616477148415
2511.773142810024
5918.491527713842
1081.3404168983056
1980.6574438858881
3577.6141973995054
2667.967313212285
3215.7808719188215
2903.3624832825262
2301.361697535046
3314.415540549322
720.8365753410498
1360.7727812467888
2199.7085469474223
699.8384344062404
1738.7382879308193
1027.57035767249
3110.8023063141823
1683.8723374879557
2245.8913824296824
1950.7917391967833
1410.5573374822745
2624.032461098737
583.3549719990541
3401.4053574170434
2271.809500337365
2748.744014601908
1007.5150807289765
724.7189857372717
3115.7753012495505
2065.160892527192
2600.0821133360832
1443.1303949633443
1135.8146300168758
1577.52692671634
6804.708810892469
4190.496078754148
2536.7896755890306
6639.040560749023
2269.269359836582
2678.038883413666
464.2943507200377
1967.171860527158
1199.005775436914
1070.3788877320976
2065.559098917189
1943.7165674016253
3585.828849572151
2471.68465325871
921.915878343791
1365.1087209668938
1207.06869262566
1763.1968453410948
6086.652537688708
3204.1219121806243
2385.4606278626925
1518.6084444696555
2223.709939476089
2092.0600950940466
2012.4418039785335
1170.887763020396
1580.6804144708317
4314.689667290996
2412.5090046693285
2369.023699427658
2017.5063707719119
3482.3298534500123
1250.8098597086225
1249.660383512501
3369.9228739170294
2196.931038439006
1671.0154871327468
1926.4070803848892
1690.1597044247005
2362.49681331534
6736.214408234133
2215.201849347346
914.0485344191077
510.9477466514745
908.5085462945657
710.7046022718129
2398.7252525317317
954.073479905203
2235.2101641851796
8557.759669544657
5358.786415916126
1253.6140830417935
1795.1425765261806
2031.2682850988679
1609.427412620776
1005.0415063930969
1565.3343104457524
2087.936643753494
4066.926125763259
1836.5680800131427
2126.3184637409254
3499.4069873617655
1563.7472256376145
1873.6933739975873
2273.4141812160365
1196.0605269270607
1537.2985392105481
1963.6185206529005
1503.3114331164368
1302.7336424630605
1059.0215144544848
681.1719682887442
2088.332683516691
1901.553524892646
685.5801419873875
1332.3334545932903
3825.304826266485
4151.346426798815
2391.696526049512
2142.713819805182
5529.602982287989
2439.944392424861
1564.2174263710842
1593.0539335584133
3277.7525831958665
3030.145051260422
1793.2110538630748
1909.2518350932542
1311.201547293609
2630.7189776237856
2082.2875625801585
1285.4783208999875
1124.481461790034
1212.7894646051225
1942.9260870239461
775.1210053062532
924.7525669692908
1810.1381072898487
2728.7273961978303
3045.7697022874477
1787.0165648498137
527.5732151347405
1003.4399836679003
935.1623616554848
1153.8237268823302
1373.5176311123294
1657.5320534539217
1210.6898655946125
182.53343682189256
3779.254012175109
2549.6468708686734
3855.692520954472
1532.852597270996
2154.923531154536
1074.8757832559268
2632.793648540774
1606.577705454586
1186.6306651863129
1657.1434549321493
2579.0451714076667
3446.832175506848
2068.74440710786
3276.5891236693656
2770.2155563223732
1630.1683637000324
2024.167702779592
6509.092552366919
2297.705658765775
3208.056539777404
2466.1204674427695
1997.0830346172702
1451.7257797442041
2687.7514029587355
960.7189996423189
5658.697181482381
3767.075846460199
5683.099959568247
4053.728759937906
1683.320680692931
2424.4914537771265
2346.4901311351896
3267.328695340923
1446.0489259750775
1110.3388160312409
896.5300196043324
5986.05788436985
2314.7583882002273
1975.3265352293581
2203.747414782336
3349.370171826034
4028.0094463211135
2305.0068883979297
2930.8474698836444
3490.9540459742866
4304.527913214063
4509.060640055704
2420.787622535622
1051.210346756009
2370.9630408072153
3275.097432837789
942.5776315835737
1486.5328220269203
4336.957502636553
2588.1056586532227
2600.9097473926577
5121.506066290274
1930.6467573395737
976.399337088095
3415.723669884692
564.3744695222526
3182.1889767297703
3890.3432357505285
4326.191152505446
3631.7089633976366
2257.947990035744
2063.006216632055
3364.7158276023497
2538.3823661103224
2042.1251803575897
6578.328513625176
2331.709371878523
1989.7781593013272
2184.055341039509
1474.0196008478133
632.861992579664
1502.5304113911634
1497.323678084314
2170.8056106556014
2668.9655208099607
43.76605883249103
3338.257550283511
2010.2380248439797
1412.8532045549387
3268.6095826605547
3270.772340124344
3201.61677144611
65.5158445793101
2280.2066688049013
3422.415724546798
1981.1008970078265
1633.5362586693689
1464.2648766349057
49.81182510287518
1747.4312627546165
2156.119745917022
1696.491943654558
2725.4295102152105
2037.2141209717686
1586.871574942803
3134.166045748937
402.14318647935016
3259.96401617346
3620.147635886448
1396.8069125422085
1650.8599794572572
1477.696628221955
2917.1454574745
1328.521073773587
2539.4048637525075
3789.002267334266
2004.7597120771095
3437.6517204109964
3360.2489894698097
1973.2905118077917
89.08244393566724
2569.249389745921
769.6304454028691
4110.659198766139
629.3431208516026
1425.9305144373263
1316.4287979258042
1486.65570307089
1390.258307930253
1559.8934050658781
777.3290531890173
1046.171465335802
1125.2789998710798
1252.2554619321747
2115.184944242048
863.8537514086566
1356.0348589981265
2280.0774496563877
1165.7557879065923
1450.1103618859104
4778.497203284971
2137.790809536046
2448.9037336330507
3592.049715802726
1630.1548135753023
3658.167350136405
2760.637893751881
1870.8692477838872
1162.7532906150557
759.4290141509243
786.1739956799302
1200.4847257999636
812.0848860190674
960.2478295260727
683.3766853853602
1696.752229163306
1623.769827237481
1413.1450015310907
89.08244393566724
893.532563129845
1688.755923086282
1114.2363407133528
2541.337200294443
662.678119541716
921.135731143645
2346.265536328203
810.2305850541992
2192.3095387367903
2948.978502134587
653.8094644570939
1515.6341610122072
1748.2854124461348
1140.4300150693616
370.5772402289225
577.8406239205702
945.0692483385232
1113.6073140176916
982.405286963973
846.2837861031835
892.4776623348447
891.713384235827
912.8670157469087
543.2557637511864
699.3197890022533
634.5493136759635
642.5631142065112
941.0391370459331
1182.3656684097516
1319.1007154767574
556.878655785057
1116.872978025636
665.3640752709879
587.0469884991575
1003.0664381841545
883.8607188942419
752.9256290834583
917.1150813831513
781.0306092559599
1193.7711648271763
718.7696420445908
1649.3330242259271
501.43187490819804
1486.5583347831625
2230.2835459182347
646.6076303879664
897.0642027224072
1094.5185756037256
906.130915632274
1815.005886123026
216.53551327037403
671.2982111905853
1285.4030217582258
1297.5282951607762
400.1500953703555
1021.0690469252163
922.990429855572
835.1082377245343
1025.1538858697427
934.3732672233834
918.647665641947
1055.309910236999
638.3788780048454
667.5054925006573
1479.8816530314493
2234.2235643332915
846.6566025737565
540.5427871866372
1444.9781039679276
1792.3383816979197
1243.83731428589
2235.876628261966
1796.9147632716974
2312.0863702510405
854.8754424374885
1542.4825311232635
826.3202767310717
1010.3408644735692
1297.49718315426
1573.2177554366724
1416.967897370258
776.3640367744969
808.3720457945925
1064.3999844783843
5519.742350233487
7672.974044979864
3826.1928983597077
2017.0157683999817
3813.243720526927
3117.5693767405905
529.9844072424727
2869.023831338234
4996.605665572844
1733.466202007416
1591.3104753813518
1285.8712244780863
1724.881137444105
3067.0208444562845
3886.517353215359
6031.014869941947
1939.3579246136899
3252.6465374786167
3552.1268956765716
1667.9710837164662
4343.859482522111
1982.4999678943868
1925.925092510846
1335.990010429941
1289.2292695685373
2494.4272781141217
2191.0913274313984
1555.5275914666793
4384.4697142576815
1438.2196674689128
2000.876351102444
1314.740225348154
1938.4297728542963
2854.507290116601
2129.4348980999457
1548.4059058975733
2171.972447914623
1270.8420194574653
3272.750769479545
1651.1394963390005
2280.8656735338946
421.44517024285625
1694.859746899969
998.8211584265248
3549.198498026414
1403.1440388399735
1039.025620940716
805.3265460846081
1277.0818449914923
1275.7561145420698
818.9875783717468
2380.681674816062
1045.9111376664928
2016.8009938708294
1564.6030081378456
1131.8944167436864
1618.9890642079909
2162.917910358779
2005.5499110288652
1880.097171363311
3558.9114890064716
2361.1662628560375
2428.396412396628
3506.759239118313
2227.9807074911673
2169.33410071906
2297.5555621964127
2195.408105833581
1874.0014589054324
1559.158199670238
1155.4111563532533
1850.3315127276671
742.9580204572651
2175.956555815266
1751.812075448827
1887.0348657051366
1671.2036771425312
1911.5216135128285
2942.9462807962445
666.5036627351259
2125.7389719722787
438.0635013660287
2935.01477525486
2590.153937703039
249.79082446999692
1525.6328077517628
453.4702631747926
1670.5530405547106
2302.9477220104905
1903.8864346018122
1109.7235503428867
3280.8315435031827
1904.7436502257938
1850.2518566151368
508.9144007363533
911.416480357743
1415.8398878495805
950.9552452678361
1465.434473447733
1728.2980834590671
1801.7840120640622
1441.9160015360026
1884.7160429152045
1583.038975100827
4239.33828161145
1524.3925985934745
2574.7962444157656
508.5347537315783
1683.863066645643
2912.309255809389
2680.8466264446333
2079.366063581281
3634.4843450533867
2079.4514837330553
3036.976098355695
2342.000587431934
1613.361827887419
2174.0439193233533
2120.686510074759
2827.678936215442
2951.6600100127844
3163.4465945431325
2280.4503019152003
2195.3289517086578
4407.534602436154
4394.57240823421
3626.857972275563
3107.1583143099588
2937.801717250342
1696.1509491412532
1486.6824653798476
2342.1620255616112
1048.1519707513073
1175.1169911536279
1430.6235049335933
1380.420712774827
1830.2109151079242
1423.4851112777849
1108.54703773055
1042.5649486641394
844.3586963612921
1059.1969643615682
598.4698243155057
2256.1625552811315
2678.889296006205
1696.47294595191
89.08244393566724
1244.400130388448
1175.1169911536279
656.2754115534691
168.89278530023907
453.03384161006966
1384.4894665529116
279.4727961152881
1415.3920958368792
1074.786471052807
899.0674167598482
851.8602323661132
1055.200834422571
861.6603411985818
711.0837174713213
217.13640482112075
2167.7001689874787
4025.5886836933937
2488.7924731528524
3543.05569030046
3637.7619402637047
3038.927877882093
1586.6499331830028
2009.73156498173
2249.007196547145
2468.6566397301244
1542.0445360662682
2679.9530182360254
2901.6212017207927
640.386200275497
3141.4431276920927
1964.8650813880154
2409.8072654962916
987.1922810618158
7772.845790286271
1828.862175805492
2725.3667474690074
2553.1458927168046
2049.8027346446765
1522.8525276454927
2670.063597521801
764.5483623244621
2019.0036021174385
182.53343682189256
1960.603623030888
1841.0625946345208
1010.6243192078636
1839.895082164911
1228.4293671995727
1646.1254031742076
1156.615706898351
1153.7468553237336
1544.5746516646602
1411.1028657721322
1506.018065304712
1507.2172590481825
1404.5751274705692
939.4196392069488
989.0063052856316
1195.446741966902
1443.6478866945065
2101.0026436697285
5108.446754298666
4514.022455930583
3038.2395205658336
1159.636909553891
1795.4002531385343
1130.7575034139463
1237.6588380574449
3046.788427586252
3989.080651182649
3403.111692535479
2754.393990256977
1993.488825954044
1683.2057117510574
1271.4011767635302
2185.5605297278867
2012.7991341783138
862.3436054599251
702.7369914584083
6123.326489460479
2725.6349847134024
3482.696035578889
1642.33338088273
4195.936651566108
2467.114756657289
2262.043080417134
1001.739057716086
1952.7546089407454
2172.2343879813543
4199.834179520175
4639.118364039899
1989.118329353515
1232.8181545963014
1534.9973602768391
2138.59458723426
1275.5850232389666
2501.612434431579
2113.968589585093
1319.5362878336948
1236.1114637877913
4526.710223108499
929.707993847113
1204.4927541318618
3312.6788157610354
1668.5915618491097
2044.7287650479634
1981.473448243705
2116.670876922934
1771.6603457920605
1666.5172765157306
89.08244393566724
1586.8552121278015
2367.649987529663
3610.022575701471
2837.8827598926323
2898.243326976813
2151.264411691592
2057.4541366533363
1580.9311177622199
1014.7256827501179
1186.3136902834583
2848.697587019169
1506.173900763933
1391.3656699244018
903.8726780537474
2267.3280971946197
780.0527242569266
1658.4693119204653
2420.489723887947
888.703339184673
2589.3967821588644
795.4022050968066
2171.3996405712965
1840.3377787497034
3641.0350284280235
1548.5376437302389
3312.4748183434804
1625.2193493454572
2209.9266254736167
1371.4119067689603
1084.7732260812193
1341.5012951177682
1269.4382017839769
3481.4575506969386
4898.633985251573
3069.8975153424576
3399.892542329529
783.8571338519251
4600.513685728985
5187.1277642407285
2202.7663677893274
1776.0895811625628
1860.0486862629157
2162.237149244984
2846.497923307047
1570.7970243523305
5062.378328459801
2839.7566919865953
1526.8462662330285
1758.0092402176567
2741.0915535391864
2446.689163800624
1320.6716768621507
1896.4091832291192
1812.9453401241433
870.4706709975583
1735.6465922118157
4114.70724645317
2132.180448444126
3728.4213403519443
907.846013595998
3496.0237074342904
3396.285081962083
2539.52105431081
9606.689118183287
2464.644850374064
1612.4150408031107
1408.650255874016
2951.6611367096784
1585.9758475142098
1322.4584434768237
1138.6929235780858
1176.8691390251013
182.53343682189256
1685.5900854664928
760.9496220856278
2920.8236253727623
2269.6966684990493
1403.3843170918576
1585.8748661852976
1163.545179557177
2511.3082622856364
2448.690596909112
2639.0101825477504
1894.7367702537192
1442.6446245519417
2782.5630968413675
1117.4947701594717
2362.2628637874523
89.08244393566724
2690.598465297558
2427.510566073838
2334.673852684125
2067.3298921752803
3165.4634599089454
3497.3850625151545
2792.0598447720636
7840.224620379609
1189.2071827139955
2396.8125669394944
4027.0549092890806
3131.7746905864956
1652.2781669544504
2659.0588228658257
2506.9055193907134
4849.518007678264
3058.168892213047
2133.418395862357
1990.3587822583445
2633.566264656725
2955.056064250164
2524.2376759302033
2192.0026287635164
1335.5743974383229
1016.8465303535403
2306.661799582121
2713.362624864631
2518.712318149907
2092.7311945411006
3892.2755587193637
3065.319767519197
3354.7109695956296
3438.0793217089717
1725.5259826225679
2802.7658526111045
89.08244393566724
2672.9787762925384
984.0764420615286
3430.524579849609
4303.768251485978
1779.4439589279511
1946.350125512079
4485.649908521575
2247.103001161276
4008.287848380699
3641.9189671131717
1176.641337166269
4145.475668750821
1201.996699257054
2601.5159586186446
2660.260844941385
1915.9042833296135
1993.3774375757841
1938.1857359313005
2165.2684709907157
1980.2341261106574
1631.5144529314541
2032.3880032748993
2119.852613084391
5119.766799531713
1811.9978498719813
1589.0766726552108
1633.5773557350833
6233.530445451893
2529.775002071054
1227.7311902710344
1586.0369251430666
1063.994934902632
1674.3943789545333
1177.9668575828898
2474.144110019406
764.5483623244621
2198.0524543772763
1837.4571732625332
3381.592228633286
2327.4268483558567
2085.9077979744357
3817.813754438384
1092.9079981304485
4068.689703820618
3328.1965495102886
1821.4855671664977
4087.4865064467444
1940.4542436057839
2328.6346632674345
3549.941488965373
3444.718179606757
1937.0787755757249
10530.819874221694
3549.086729386811
2740.790981745313
3207.462711364032
810.7627996040756
2191.3378424649045
3420.759792119304
1156.3150645301698
3064.5515956785807
1420.8844415983872
2559.694214827163
6873.143659887461
4586.592013485659
6162.4861757462095
1522.8446100186543
1276.4526625683002
2478.4277077338634
1091.4986165132293
1220.7629815898629
2209.02783335557
2034.2751111047814
2958.9357141374758
2208.70972791864
1313.4373742024895
1653.6105546273932
1502.943196595758
1027.028140184695
1127.3212760561014
753.3789516054483
1499.1806705246981
2014.6181965047294
1301.8138889495096
1716.5311463126357
1626.636905404054
2057.1605482593886
2754.7614579056362
716.2418532113827
1617.7405757609831
1573.7223895113445
1979.4686720638347
1043.4422086309255
1189.6217420712167
7598.598350947927
1972.783423235124
2649.811305020814
1740.3637249519
1338.2544896714337
847.8321477263563
1697.200940456117
1588.1709567830492
2246.6927749624256
495.1198181794137
1584.0184951537353
1812.5023971725334
3325.3963514388142
1340.312261602416
3300.4733383727853
1608.6704133458857
1638.430974272968
2951.2460226211274
2067.911229915857
982.3826048127823
2263.7242107408215
2061.8721922883838
743.0117572696505
987.6641521723403
1063.469953334286
5728.164616463233
4900.9511521794575
1851.6469394314504
5249.861099671242
2651.602226569829
2869.9286146233626
1226.2877936344446
1216.6067569358179
849.9827583821041
1708.8521962260197
1371.6488965831127
4734.092535070395
1997.3298809314124
1057.5462991312218
866.181036335117
1210.841377698187
1738.626082518474
1654.864759579661
2770.049140923692
4773.210658295224
4299.826959417493
3954.998729881875
1443.0161417747972
2464.9958472281264
1576.227432230589
2005.7283561152951
3099.3529793061903
1875.1540990395604
3179.7704146697306
3150.977510700405
2258.544047817687
3641.354107336286
274.20802699530446
2485.813955150277
5334.408168405926
2834.046580846419
3230.494181060461
2150.9041266222134
3240.319016984584
8044.170993780328
3546.291689303685
2890.8299251803373
3511.5068571803045
7034.963511658843
3248.9635886107
3111.859910355607
3133.8813105842596
1943.6053307200043
2924.743969324533
3145.005924322973
2395.9184809465264
3028.4751411174775
4961.971640624891
2026.912602908032
2547.496605936495
1960.2896966508283
2511.186861220957
1692.3879719329436
1701.2541322498128
1748.6518985388661
3970.6412169163254
1924.1623354195185
1834.1083491877753
3508.938112652197
2096.8152892532485
1716.6686175168616
2655.0089576579467
2093.294383470155
1297.8179727566383
1236.6101152679714
3182.0097395665825
8748.47446682923
4510.412685986123
3997.151312940001
2356.5980488978894
5420.94440851328
5395.511980223083
2284.620377784639
3038.096343442319
4767.114838762573
4593.8985684590425
2088.3566830588998
4182.885535925857
5208.205606668997
6356.568381106025
627.283257392249
1795.9878273459049
1146.0384332146627
674.9012999109332
7847.43762079202
2623.1163666155144
3405.8159428521985
2246.2774215617806
2081.55136444864
961.7252639652221
3326.6977096006335
577.7843415444714
4128.353274456245
1883.4564336745268
1849.3769908720474
2460.8756482416156
1689.9389402645165
2505.6181789902853
4358.122188377942
1180.186094548613
1205.0449020298256
866.0125034023664
1829.314161158695
1755.1802184010924
2026.5693171352764
2150.3496159622496
1571.279643871857
2313.3486576997634
2875.3755231856603
3145.597197842481
22177.95760173794
2494.916621486402
4299.2584094240365
3141.572353487805
4728.69867120671
2220.881462504601
2176.4024188722974
2190.8442576288976
2201.6017165466683
2994.240778132647
5393.989556737165
2320.707874345617
3520.985996668756
1520.2886129499811
1684.5050535199478
2031.217022133314
4730.2412776447345
5024.83693079422
1972.6382584189878
3816.907528876586
411.63079863031
4053.330150391655
370.19616024508235
3815.5991192258207
2230.9310358557686
1625.2878759261216
4440.363977922107
5733.289921835468
1397.3494753279526
1350.6346103837186
1528.5758605261249
2222.142365947638
4828.883205643676
4618.429750253205
1099.78608211108
3363.9716144171985
3998.2751563578336
1489.789228541139
1283.5761725815132
1164.754646678456
720.4621782688973
1587.414339592068
2479.8712415858454
2709.9007829284465
4540.385735337698
1195.2542877052185
1354.8653922170613
691.1649031056224
3158.0510532025264
2019.688022304398
1838.9411352753832
2201.025512968738
2121.9819994048353
1853.540964045856
2855.541617052477
1954.1515017931094
572.9211417787657
3623.703918558702
1103.986689705018
678.4132617550023
3062.778007237594
3823.822034135073
8483.768688796921
7282.890270018262
3161.8932533777247
2412.262264435815
764.5483623244621
2151.475349824248
1405.8372615577318
1229.4802508680862
1076.7626672567042
2043.9809587803966
1136.4961410639085
886.8300381336941
426.9201146043363
22591.788282946265
2845.4831994233514
4675.188338369536
2838.1396323049566
2438.609984962172
1252.9689602981962
3273.143053935371
2655.143861227572
3549.7356581285126
4034.2113202396054
2883.4372998277504
3984.98893048166
1767.2766163112
2196.496406290332
1450.5445889851424
2575.9007841475654
2076.006886347748
1062.155343999389
1452.2703484655774
2222.8892511315817
2205.193361027436
2246.4373208091947
651.1115765532082
1929.581144600432
1759.2209938232136
2061.131913099089
1182.5944711240095
1570.876854630302
1640.066823267179
1392.363102749891
2046.0096916500595
1816.665788602317
2941.788282369239
611.272980207456
4325.220992108759
2631.6224584223364
2236.646103386594
1753.390668981774
803.1179696591115
1798.904658340024
2817.2892534926978
1478.9739476774985
1872.639802056303
971.4816446565569
278.0464636728604
3410.828845649278
4963.03564731766
6882.46070638741
2247.302655868158
2596.112388544782
426.9201146043363
89.08244393566724
1551.0803278417409
1269.3950957789625
844.4354761357348
1972.643767922736
2505.214888662349
1610.0648064719128
1941.2341074991068
1704.5231834318488
2466.0430485397287
1734.9679953144537
981.7884883174894
2154.3117254615245
1185.3099328027245
2844.946782801954
1459.6195713314557
1844.5123290808099
2934.8122052459516
1022.0856167284376
857.2248748053465
1584.0107585557496
2217.638041375355
1251.5621944326112
4797.638432061364
3649.980628374816
2632.9752015379686
8930.389550255768
6085.822232570004
3865.424045780746
2653.937933392229
829.3478797218108
4421.35234846897
1357.991264904506
4595.242638063006
2656.844889718378
2131.5730252545154
2431.514575791668
598.0472839988915
624.0816058654108
565.1594072097615
1035.739384844375
4032.731135801708
624.0816058654108
797.4882877793617
943.3288492895576
1224.9525538309601
890.0425487700397
1058.524677667064
533.4147408023089
624.0816058654108
890.0425487700397
4397.725422195637
4162.824065138728
1011.9861815421466
798.1728612648714
1729.2849428913948
1847.7088843645877
1957.325068889276
644.0899280843739
2933.6588252484707
1313.3740200768725
3942.7270371343734
2059.1464781204995
4030.2302952119126
7053.405961454547
3440.0808677913487
2806.837816153685
2984.774765493754
3738.3103288240422
2253.566220916805
1274.623585064821
2156.296146851251
3455.471554922666
356.5914423513935
1925.1230252536097
2503.446437866985
1719.1890749474176
2338.3504313175276
317.68248268480164
2464.0886020353328
1397.706352489429
1628.1930994597456
4784.511775224588
1540.5789243597255
1959.6487930030219
1621.2332652281607
1597.70796164544
927.2053136814462
8625.434705220328
3782.062660348573
2222.4031195441235
4465.722288120912
3208.9672766088256
2382.966280735048
1461.876846287334
2371.286803239388
2411.384943093529
1956.8287380011113
2554.339735252188
2993.1437075864715
4291.073282916698
2698.57700784048
965.3297221105169
1725.725119396246
1594.0975731102064
4149.308240112112
5952.2805726884535
3291.621337578388
3291.9039985645886
182.53343682189256
2266.9600309731272
1909.0180823956182
1900.0709081728132
6306.800634984095
1890.0571451788971
1646.7438560111643
1465.630043240904
5295.305101656154
1970.3430814363965
1678.4787878288128
3969.944661057716
2225.082656971603
2587.793651658392
1913.6351409015424
5197.114171750658
2702.777426224138
984.0764420615286
2113.7055343889965
1454.6799157846522
1968.5536992896245
2068.085943718093
3090.5316024097583
2910.178897656579
2031.099150986943
182.53343682189256
2588.872157557038
1262.077651525768
2863.004979532419
764.5483623244621
2169.882869338786
699.5741976355583
2929.1823727047645
2272.8849428369886
1408.8339055237816
2134.031090593693
1464.5277830258779
1950.238440089089
1762.5455690893546
2645.209031964842
1297.5870014535346
2762.3614982876543
1874.4665080962498
4709.110459622658
2431.806335784963
2955.9369134151066
1861.9595531579023
1972.072681888505
2939.06838260726
2841.406162172579
3565.2569662879237
1778.0345155344874
4634.010043878981
1307.3806268876097
3010.210769015045
1659.6212202734732
3331.189780951542
4117.6956811802975
3251.976209425661
3706.218938713331
2048.913797667676
2147.948961259089
2125.5381690889208
1635.7440154802687
5434.5325979810505
3078.600935857365
3884.7327646037666
2065.563511451922
1572.7766079154596
4851.254831635884
2880.8083109876966
1693.1249813767392
1526.487731935681
1633.4735276635618
2201.0527273711996
1543.3110140834947
1514.0182049634695
1417.1798368455698
1211.8724757961597
2395.3473072461393
1275.602177445143
1470.0757590773162
826.966450325342
597.304696823757
789.0342691576404
1312.9048749480162
2170.77365532101
1089.2173546029296
4012.654662652821
2055.813784172882
1461.859516941649
898.0994878494764
787.6988077062015
3540.5247155795523
182.53343682189256
3320.6037646865734
696.3756437028643
4097.746302676499
2818.867931998733
1896.3409704648177
1459.5912330539686
1250.9962178492408
2166.9589713335345
1325.553726212994
985.1726980626278
1685.4325004177113
1225.0676214165571
1795.5865573386222
696.9029125088688
1062.3375325152874
1139.8259908749665
678.3119017487948
5580.7398083160315
4410.442095074309
1351.2191377662882
1252.9137997444116
8931.948295747683
2981.29504589174
2050.6994211102783
1878.8075668980014
5168.3743762473305
2742.766567006159
2902.271486958153
3657.748372332171
844.3073157940597
783.8571338519251
3942.94357317384
1658.407311452122
1453.5133789836325
1947.7036565965414
1770.558986595782
1355.1816957641176
3088.940568198494
1795.1425765261806
2050.236476246982
3390.426679651183
3552.14469788432
3223.2833237518116
4029.006037534324
1174.0044546872443
1153.074649910481
1713.2953015945202
984.783029403113
1456.7319957144605
1772.2648726825025
1174.4369499785655
1714.478594228832
1613.418126342004
1355.2487433839146
3213.073946190505
2228.4022131203064
4062.8689562254594
3260.7559461434817
3511.505005976512
3446.7427728280954
1628.6981673131716
1243.5985911557902
659.9720439542847
501.65962111364223
1677.2905578869252
8249.12878135442
4681.703548687039
1900.0859882215843
3056.0447012387067
1162.9019083177386
2559.154866972033
1673.762831875019
3022.765755826985
2063.7500654887417
3326.562601684008
947.6197161234563
3668.1411730440564
3190.596645872551
2728.4699022136856
5407.967909195528
961.8628481284458
2998.536134362652
2602.7243119165673
1243.5955227760462
773.0704675446456
424.09960861495915
1250.7456618809965
404.3294235691591
518.1815599510005
2444.069589793662
1847.4184966730404
239.38830251784782
878.6823604070764
799.8569115285353
1041.6182867652417
429.6498784557504
2469.610961550508
2816.804007090531
492.7240298084155
437.6330049224646
144.5082074622825
361.4769020078447
923.069744691041
872.800252561844
770.4320057160247
1735.0068699915432
1502.9962364061985
158.83475651352924
490.86660534474265
1547.6432366268812
685.343123721003
2063.8954700521813
3201.9189744729847
4095.745303614801
3359.7247467483962
3299.5374640434256
3146.5916906201355
3984.4047963319176
3841.4617196459226
5303.287102043832
1125.0586876815355
3628.362722721702
4037.3706694393104
4025.115908659775
3839.704340696366
3970.0312055306977
434.9555134046535
351.0189010878099
2918.719384034659
2197.519244515419
1882.3955777551687
2083.121749384165
1078.0871538529123
3329.326913468302
1051.3267787722757
2444.037096631073
738.1833845515894
576.30239717599
1062.0356160728204
835.345681552915
647.0789673727514
1227.2028665356563
1244.4967402757075
723.5846488986404
285.2725083090972
3301.0443426237307
314.74538065276283
1797.7956429248854
1849.736324154674
300.4547726867486
423.0487932304158
1312.5830410545232
1074.4165989373262
1669.906167146308
1467.107424498272
2345.3770487225293
2758.8387034247335
2312.3673668401325
2001.735046711883
unigram, add-0.9 smoothing, average word perplexity: 1930.9790497746296