901.9442263612392
587.9945263656771
2289.3518997520264
983.6931287419133
4608.543801991138
454.73193179789087
1846.8163328296466
400.1306521472178
1562.872804639401
1188.5719728345598
1014.0397700601183
681.6396716440537
2834.221868271098
815.43472675799
1433.9112277228205
1478.638706846759
2048.4540258852558
1185.9247423732436
1171.560345054014
3906.070609425124
4014.2873520990083
1868.1301475933378
4424.730276919904
2697.0410003405136
3040.218884632847
3167.223562119812
1148.7176488115626
1135.0779013219762
2234.8598995056614
5196.435532101138
3189.957181401281
394.45766117466303
695.799262112604
1141.2080844495886
959.4720975950956
827.6564929774419
1057.0280721563513
788.5240034545975
2835.321727530687
2130.8943862614187
2095.405941455713
1015.9332075486251
975.0023258453483
690.3173715797922
1546.376954044435
841.2523443366725
526.9649783346499
986.1106182301323
812.5840933246163
897.5206381392375
541.9974834420557
955.8171035892015
1119.9865234738502
689.8443054506112
993.0282833912559
942.6757303832563
2425.6464315192356
1797.5686049015837
2498.0712403268367
1818.6528395789858
1280.8897400880837
1890.085784391422
816.9842098524988
2169.7516415396753
1326.8501450463955
823.8256236350827
1634.9593801330475
1874.4464759646014
910.0773537248303
1652.3944069381128
1735.156539276692
1217.1187384788057
1651.793019736925
617.1283853569558
740.9639827924857
1586.4831639987067
2163.9853948058876
1667.4822060441209
3451.2677012433323
2356.9794014773597
3043.861990205522
1336.6680095439262
1640.158382926044
1047.780333898774
5619.200941990126
3098.7978794542473
2522.6404783777
2125.4352909041895
3485.75193363594
2084.7456878039898
4067.0472294713913
2375.063665754521
4180.932136651266
2138.549504402607
2846.093716638029
1582.8978802253364
1580.9536074503815
2588.4582542738744
4220.100550740635
786.8106161974433
3094.439151247494
767.048959324678
978.1278474700524
21818.226362585992
1598.9073131946996
3391.49798340199
3681.3441116016243
2928.081392068761
2061.9136667605594
2551.571933354095
2741.382571740386
1941.5618049201223
1749.2105480705284
2702.732005536394
2464.0832387540217
1358.8577242920135
88.19499909733398
4845.139169451012
776.7531343188482
1159.4401548922465
1848.5613933083523
2048.9593208982806
1189.6383927697568
783.3790243236256
3901.759979949177
1798.3573021551465
1996.2718085828408
970.6040368338945
298.1545882320664
2136.705744859984
1620.6369096027595
2100.5954829109837
1625.7378250372249
2218.5800585935417
2418.6694245282056
2660.543977174094
2493.107162297584
2086.668285701627
1624.6275288383874
1183.6279012196148
1229.1650428963471
214.78953225405925
1213.9227532984369
2522.6686973872897
2339.978786045745
2928.830578004708
1532.4839711848842
2245.372563250362
1797.481890241754
1481.271565808336
1194.600763147455
4337.9524611833795
2444.572185493636
1936.5789063896955
2355.1107061545267
2819.991204801479
1828.9477661438798
2128.8035811361437
1385.0883077388532
701.2360944186455
2185.1783516435385
776.6042292828107
1963.5484517800273
3384.372592352566
1450.6102146548453
1253.4669940809133
3824.266947453028
2474.148470591351
2183.172976638098
4326.2581753991335
912.2131870086815
982.5519276109791
5744.75933341624
4028.464243625101
1320.820931016269
2165.154764874184
1279.819892157314
1676.847232490371
103.55811243536219
1113.5577537639597
2340.833104254266
1550.4590641101493
1661.4124423277765
821.2917863093855
5565.964394342209
2319.7342830844964
3797.9821468590403
2768.644235097384
2782.761112935636
1827.6261868662243
4508.200372916738
1305.5062882968823
6217.796640879056
8794.538279774044
4556.142990918681
3534.3443092753823
846.2920051206631
4838.531207488176
668.6001815330383
2934.533293244917
2501.0425368952183
1137.4653161574886
1458.6024584066092
2079.3150823558312
4219.962441563888
2496.6797613686012
1533.6638215633716
2356.0536547671754
250.61540912574984
2075.5251484400833
1364.062680973293
2138.722095981253
1244.5777320046964
1233.2319712809929
6019.654721072433
864.3372391046108
1384.5352180663817
1490.2672402388878
935.9604199099617
2650.949479872718
790.0135978836308
8584.61454787223
11945.537389932122
3200.280217403562
4985.753384472399
3885.0984340790815
2373.255380314827
1844.0143536538628
1607.740703388009
2156.9467685662235
352.93689946999507
1456.1525923287352
1656.9698039211148
1704.5757318001968
1346.6704870022936
1226.5296693820383
3495.85756436668
1163.55518599944
1623.6453390671452
1241.9016369122908
1653.9401378519208
5745.230001340637
675.0453122373019
3348.0428523821915
2083.0210347503116
2249.6180234673106
2614.521274273508
1892.2289156079062
1755.5024425643303
3057.22755762277
2276.182123809969
3506.6376463322727
1385.5181453825007
1499.7408648417647
1835.7886666983302
3318.2183633724617
5907.846361894763
2080.064916957537
1096.9380528695715
925.8380310256315
497.5519214861519
1451.8835242374682
742.4342328637705
6556.666579705667
3852.566529810488
528.8176885683453
1483.2944749332837
1453.6584501506184
2014.1972319565486
2124.7361434784116
2751.1804465315067
682.3032734827833
5365.723728656742
856.2020601487832
345.11325430023925
1381.3178281102805
1270.4917809192548
989.1153039740491
1451.089174179356
959.9248889010821
708.011190843411
2365.1959377288345
1158.1502557847089
2427.9934098260655
2907.4568267618406
1711.293603470858
1626.0726947545363
1706.8923109067553
2156.9875453244485
9021.853862242957
2999.1834777828353
3620.3355117959763
2868.618688078253
3308.695804556758
933.3684220832398
180.765299620963
4737.071059772607
2225.894737222508
4098.366472773179
3100.0257604538197
3936.980157772819
2210.168597947033
1853.7176291025455
13348.738468390711
3062.691772916273
1729.996686512552
5993.236033279523
702.2999344613504
2150.3046102235317
2618.848583756937
4913.420331914761
2169.248960901476
2190.5917585053935
975.3415311635044
761.1599200366511
1540.1104026274577
1122.9405966856602
1905.3571447745153
1766.7367973589871
1545.0145930741362
1611.870211353164
993.064763613175
1359.5363970212006
1139.104477346066
2363.6220350141043
1166.9056718734357
1111.0574982793157
3348.7199218077035
2323.7208169731266
458.5984276820843
1265.8169677129367
2894.586591204928
1288.2213476645866
1795.4739987053115
1974.2531001275036
3393.6849283838174
4728.007675017983
1757.3509920829608
5471.0514474264055
2185.796097864429
7310.598123480962
2111.365138717738
3205.302565093999
1508.1438749496583
5883.593247544455
2974.919640319508
8893.82721051991
668.2801744787737
2862.155017423105
6362.728116892755
5161.1444491383345
4704.673036774612
2792.4837081301976
2095.992143252572
3200.6668586609294
5925.722251688588
4446.319692545831
3067.8357228949376
3223.6975186082886
3707.4769213321533
2680.5074458215104
3808.301314215218
1716.1390657900813
1112.1881880474925
1179.0921550799005
1471.5816817270036
1968.6937675438637
2287.1062052735483
1100.128781619952
1158.6250212129669
1263.969868391028
1557.5049769964394
1525.2505360118068
1804.0296593015053
3567.371781847799
2519.100236335981
1213.5902048273351
1342.6266826183753
820.9156122021535
1474.1156420621617
1499.1986468176437
2198.0933333086373
2739.887409310983
505.40939255446597
1691.8446585753727
6031.922476114783
2327.9051665106454
1348.6679541553087
1652.587259001435
1235.2782348496808
1636.2636687332888
1698.6498892058364
1630.2968825479697
2902.063038599507
2951.5210745828363
2876.3118073743835
1501.365659148527
2476.242918199311
2155.968647860212
2476.894133548828
1183.3838185699824
2397.1443115706784
4189.096038219073
1169.0812795032755
2434.361260959946
1396.852369201617
6503.617691651349
1949.8876498150887
1933.303561521281
1201.1832684891267
2224.833003862161
4169.416204844385
708.2870590251032
3762.8013756976457
289.3099319000552
2399.8306821349133
3074.397891756678
2968.274015158122
2881.987558307182
1250.4448720321952
1269.55748576025
3643.5883083891663
1171.9642724591934
1501.3875805445316
2161.4786585144134
2111.3510571541133
2292.531385378249
2400.6171580389896
4708.168820521243
2324.8893248608115
2617.1929505441108
1271.9103296163162
2626.8695097449036
447.73859216226646
5158.5276828579545
1555.4219383159666
180.765299620963
3800.1157257800314
1391.8835595395353
1746.5818451790508
1229.3493562314789
2697.788467795389
2465.3864376854867
2878.0615622610194
3232.6077505436147
5427.624755364387
2221.2926972218756
2377.744919102519
2587.624964810011
2488.0133700181195
1435.5907295872732
1583.1398518793555
1482.0912676233847
1774.8277532457028
2759.2628325461746
1341.8451526834217
1441.5885071369667
7743.688919401814
2918.247144723599
1808.3015607760258
1855.6288490781299
2462.726368933413
1831.7415691201177
1302.5315889328187
1041.1380074251283
1538.523208987641
1607.784627344229
3593.40660060203
2064.47646110958
2072.3278901457993
1074.9706124133002
1274.3240547150735
996.9866641518868
1008.6760181949481
746.5787014770251
1997.2902664921614
2745.9259308744768
757.017812095228
2183.2831566203163
2364.895030167272
2182.9021622684027
10747.489182903963
6028.654983981841
2732.5205061033457
5674.604238785297
2442.6899932984684
3579.236550846355
2645.9085207872936
1797.109796906355
1488.1373388893855
2418.3832241419445
3804.7362957644305
2676.956373742674
2953.630143808502
3257.661472237032
4260.756175457793
2062.801839298647
905.6617843082518
2311.9143662203846
2065.7689501604696
3258.424522307299
3673.7623143662704
1906.4861756347605
2755.3933697119687
3013.976205627113
2719.655405860654
2334.2553380269833
1273.8969458853826
1944.723836679378
1663.0176526904456
2356.557317220497
3447.173064997447
3762.7878533895705
822.5237139732207
2598.1440449086967
1718.5647925616743
3412.700565817446
2033.9425828714582
2173.6785606506073
1515.6972864404772
1823.6330641688346
3779.108168959716
3526.5578564627176
4223.420723234208
3026.6126796608023
1946.3436016263497
583.5812412228332
431.1587489548645
2893.618275262896
3525.8241953367374
5285.723127447135
3189.4227206519213
2407.2411261385496
2271.4501732445656
2964.342892716963
1311.8240574705474
1738.9648112658645
2595.738619761655
3273.7542798234385
2196.4835197325
6823.382651471598
2389.9974559848242
2199.3687483071903
1756.8922649499823
814.7228762845118
2120.536028913422
609.7809833004085
2111.896086827704
2191.1469339477044
1579.3102618760588
1128.8232726109036
2002.267399744527
1113.7321049984082
1293.6523271711915
1628.640218811673
999.6359816591425
2543.8547228544094
2008.3300155780182
3645.2821907400626
4276.2728602234665
1870.8373641876806
4153.560724610878
2994.263399324421
1669.8206658955528
1610.6671522506765
3883.9469561536034
656.1279611839243
1879.312339672245
2727.638693331
3416.249681927977
1664.7362777988244
1396.9803063580855
1603.4474300290167
1511.0161169246394
2648.6284557166814
2304.200194904156
3609.272238470155
2452.9583846527125
1350.49279763969
3098.0637963773697
3246.9533187845313
1239.864113452571
1469.4425941905733
1560.0798189932202
1938.7132826103632
1067.436652202876
2578.221766795974
1234.0649053979225
1497.1295439166295
1948.0076518805718
1178.8223306512486
3156.733285678878
2595.890831256725
1393.1035733919828
1819.9221839003071
2362.9305966903376
4917.478709617742
2977.831944346446
6110.129130606573
1460.6068974837729
1821.037484590584
1308.2385284257755
1609.6934553758579
2252.2532491590073
3835.382952598349
1465.4936926263827
1150.6201467010264
293.7234749506506
1459.4560438976403
1085.3759850865015
1702.8011487545632
1093.6640162859537
1042.3625859965027
922.4604650979189
1235.0512985918315
871.9964058894894
1360.3264174981152
1303.3019514065256
1236.6703125387749
571.5268696287632
2091.8356340089013
1282.9657066068444
745.6527878789185
1545.1983750348072
1130.7818062718318
3252.738477242206
1473.1505703736002
1272.0286679203932
1563.634216438607
1612.8561798884223
1236.0855059198807
1405.0017099925547
1561.7237661368417
2094.3723112367743
1263.4761671580893
1019.3795833142472
1471.3978220498775
656.5297793683521
2260.5056686138914
533.5594799232367
872.6071622077772
1614.9849988695892
1455.987645872766
1228.4554387847156
1316.7229891703482
1282.673267752635
2215.319522169469
937.6621308081043
912.5607865341472
1758.9479004619334
1363.3726897209533
1137.2783250955329
1031.2812345753841
906.6360608834801
1703.386450761645
741.905341747332
1513.742320594017
836.9947542210391
8134.144328274439
3331.634271852607
3646.927011217727
4331.273519849921
5165.54233040016
3725.5829784018106
3996.7054530509363
1353.0517870294216
3185.133784668913
3308.4380621600662
3657.8505293585226
6596.40052472904
3705.529900598599
2807.1134599404195
2556.6267294584177
5547.522822220133
3822.7906199748663
3432.1169536449247
2519.9331931677534
2709.7987331424556
1502.7049202947373
1664.1353180247959
88.19499909733398
2820.803298864615
11156.424719072817
1422.1685936166655
1359.0965506767363
1850.9649470074096
1824.5234702060682
1854.905593671082
1776.641639864451
5788.142720157379
3991.6262714299937
1482.8400665574948
5837.88084514179
4135.029518475377
5202.850153780784
3230.177643040801
4286.958244763912
2077.793019259332
2503.4592568394955
1563.222884165807
1595.3787406136341
4423.404765279105
3917.0150000224517
1937.8274725360568
2639.1589140157485
3223.231325621183
4643.528150430792
1308.8140469136358
6672.456180949413
511.95859208300266
2032.4515036662067
3390.2730226909557
2818.880294079191
3117.024173591282
2983.695971724886
6147.937141292568
2658.6354555256794
3435.401924313193
2704.6094741063275
2054.7044137691214
88.19499909733398
841.7551218843108
2633.468627587256
3165.767629030854
3999.4571816949224
2599.5989296281787
2123.041999959967
2690.1909409866707
1117.2740700358931
4763.485621554379
1270.6585625485345
5534.089314229364
1590.4574470333018
1894.1141069032928
1628.1513105978784
416.3487494318424
400.29187709012524
1405.5817601589376
3211.062765797458
658.6714519653776
739.4148824271457
2234.8598995056614
904.8721444126435
1602.4226553786045
1174.5588035979702
1483.770947142126
1996.305587262862
1717.0217126927073
1697.0441171368109
1209.0033447766987
1753.9217528368251
2717.300215446479
1726.4225645170727
1649.6372752445905
2589.0070702300022
3296.485171026759
2115.393692949221
1908.9302829185747
2125.986985619072
1980.2852541733057
1887.194343298942
2478.9687513692566
2663.8376208470636
1516.8290137815115
1452.7687848620044
1534.7943523232284
1232.9315634765642
501.58870142319404
2273.522645837768
1364.322099610584
1557.7167482938644
2263.8706557869677
787.6197270912296
1355.0119289319343
88.19499909733398
2691.5110229950565
1675.4016025070714
3413.0316554587744
2689.8993133273116
1789.7005581553974
3250.20504093238
3775.5517557496732
1761.2169450244828
191.4829558455125
1658.741730282454
1812.1486275958316
648.2744377792229
1441.84944138249
1511.2698762576972
1791.625851856086
1949.7533472736407
3124.574122994357
2477.367006042806
2783.370423078722
14874.904327437818
8741.586132963865
2230.3393571804304
2007.255393722064
2230.3393571804304
2007.255393722064
8884.007615542976
8257.323409959026
2473.9130706339633
6796.087832507191
5150.9311373641
6098.846207348334
6827.381042838825
1394.4792136850938
6781.684992304158
2669.1192954639623
1722.8832759569764
4079.8630613974615
3651.620497346436
2017.088831283639
1980.4882895869837
2051.1467796762367
4543.982767818506
1660.4704288144187
2175.167225357453
4371.3118144926275
1501.0921883174026
631.9047505055371
1546.17363720006
1512.8092540148064
2875.963100707406
1170.9493413047192
1490.4781091623336
423.8506257379899
1331.4217361968172
1639.6465787262107
1470.7868908031503
900.7010136579952
1675.027586301084
1990.6032093497467
511.95859208300266
2978.36060964728
2180.9951723026006
1801.4625077268263
1648.0407600737633
1735.546844302757
1910.1571632159425
1615.6004114479565
623.9566031138122
2409.1707065952824
1634.8317340960664
2022.318315079181
5629.17207185927
3600.4848160051793
4678.153659466644
2371.751069829872
4608.6154076212615
3730.6100568339034
8484.967751232296
10006.333475780963
1014.3972793846119
682.796136224081
2015.6512147059557
2063.9839163631746
2092.377693742827
2834.7439968778303
3681.601118860325
607.7072828809434
883.6924995501545
2711.112040716413
5816.323516567258
5307.112948117088
6822.307799230701
2691.9560517313416
329.21180443701263
4777.827112514002
4392.742921914512
3210.103853917058
2365.5096454790323
2225.0430366032433
2305.74893910955
2540.7705686636027
2034.7710596772301
3336.6806163272568
3218.091835590323
2515.0750888349603
3438.2701596928337
1413.9648156366395
2251.8787465597343
1439.177158505376
2891.349564638861
4068.5685997487685
1064.190026598061
3369.25399588876
3015.653862399966
14968.395588554125
1795.877412232624
2672.106129605739
632.6965724564061
1948.7118005876036
3050.8392582207784
958.6139173356713
2994.852854261982
1231.276280988146
2869.8366337398834
4016.6303590787484
1326.9055001420318
88.19499909733398
5002.555289420209
2228.398975091107
5076.328533133755
4111.103910258835
2198.0328598027577
3108.786429183656
3161.5302070294806
3891.876924464137
2451.1847881849544
2728.6564357613056
1423.4435812031836
1800.033782140024
5952.9784064644355
1021.4034691580332
1326.66478713976
1333.7160631018237
1420.9325141536676
180.765299620963
873.6848695076226
1189.8659950755725
2144.436710933706
7603.308336657992
5183.330892362724
11257.532270816837
3677.581906892463
559.6221267673556
937.0256014986335
1145.5179073178608
835.9999594454821
1511.3103070355476
1139.5179899006678
1117.5820215355427
1664.6516675858147
1879.0973087120083
1698.4604152874876
1482.781524112709
1796.4856852639437
1372.2347957505467
940.2750014577567
1468.2709169500852
644.9459530039935
742.8655841357202
1192.5317751706727
1160.496130732573
438.42485937333913
1418.6343951993713
1357.127137375391
1877.1393244652184
1939.6067422870055
1838.566375286198
1174.4633856776863
2555.5462881619233
2328.2925137786947
1615.72544942729
1825.5637393921945
1011.5429607670211
431.60881543238236
662.9990091485711
654.5575608191632
661.6663142086363
1355.986680261881
2569.6906180257533
1142.5179192535861
5245.770513563226
1423.3536492217784
1409.6213167559856
1962.5197506744248
1375.3369536968846
2102.343171278081
3132.040746163537
2739.0354839084785
1564.2639511823475
3507.322955533934
1851.400617128277
1425.5090359957358
2696.8337624610963
3202.9278001326716
1702.3254267879047
1327.1495228366953
1293.396364312622
7469.964562076275
609.7809833004085
3832.536447838958
3257.152360238324
3593.277229715045
4458.9020789486585
2247.868558095739
1961.4017065497442
2037.5552581084896
1497.0614144218628
1425.097339047539
2582.7115669528907
815.5294959473897
1768.1228391302955
669.9652445376539
1191.9428047044717
1305.1934407827284
1483.2944749332837
2536.9433699123374
1392.0917902015447
5254.63880754198
2630.051191628373
1608.9897546859277
2452.3914991955894
1914.5061184855533
4589.951459006223
3539.0130569810867
2718.6198661030594
752.3447210380089
3006.3431398066587
1532.5641437650363
1100.4690420455859
1149.897277445836
1490.4631874292606
1796.1917504488943
2267.1948509047215
2487.880355932577
7405.0506719996165
3807.006870796675
2886.174231198649
2496.3559816033912
2070.1245740741147
1672.2350418876235
2276.5007707648624
2217.581861977184
2683.25772913548
8178.685581096027
2473.6887667158207
1583.3634361588045
3979.350587029635
4363.499780169946
2851.2721965068986
3932.9392312305476
2386.5065181669415
857.316231022397
1462.0303228241319
2346.5025206659243
2133.7318604540887
3995.0965964077063
2340.542181350891
2722.9619658978427
1520.9764482003982
1028.4276649531153
1292.157267883991
1404.097563863886
1182.3883609903787
1151.2041764063433
2955.4683815085095
1745.9493287778014
3800.836884158296
2633.9950550827893
1526.3493984871368
3921.2528280018255
258.3895183117924
4586.439286585137
4742.976960329406
1610.4792638285137
1743.2405155434287
1864.2448490652814
1717.8148922708613
3342.9976472027147
1891.9909517342726
1020.1428576999059
1047.0868100043685
2352.9001603214283
996.7614430027592
3361.979442960665
1700.3920146241444
573.3420546974769
2300.3629282983
581.1932908786406
1638.880262883322
1021.8379628862195
880.5055518469779
1031.7359363862367
1136.324322744889
999.3325518958196
1021.8947580808001
2170.4251900392183
3213.2942073971267
1928.3485383803902
3675.5605166002497
3244.310157801086
2504.9616257184193
2947.3159370027024
1702.5989271551089
1518.9210027111078
1765.4508052053122
2193.8658893612683
1797.392848348805
3112.4035765762173
2168.3539769697645
3417.8080423298748
180.765299620963
2769.5152086583685
1733.8028483812511
3501.338718693345
7723.226182937624
2386.654972161594
2077.1426288485804
4846.360584988544
2663.668547887178
2069.1093767177745
2799.9777208227792
4450.754400497797
3025.752846284051
1911.6584678983506
2866.458395312612
3660.3586139054105
1710.2225826181013
1843.7300061548153
1282.105801577729
1163.3949681649785
955.6180321064418
1311.492933672511
3312.738126165716
4744.568689588829
2797.9618214504203
4921.751507811088
2062.4314146065567
3019.4870325007796
1373.9404637363796
3930.270538263274
2467.5800138055492
2960.7644986298396
5107.673098988883
749.5290304879303
2198.900060039608
2354.632349314956
1932.6821794699913
1583.4668369206365
2055.6928584950692
3475.4504851500333
1724.4910241336406
960.1122709072309
1038.3044480863082
1608.067076847376
1159.557989876548
1603.2666321498837
4307.95668948748
6048.859179046727
3633.8007096905367
5083.839734107216
2958.6875244682583
5325.2940464004705
1736.5513226350715
2757.009671730106
757.017812095228
2016.6290761069677
2250.1193427650446
1916.1935970787063
5072.60323963716
4251.55458835157
3154.3166751396257
3667.395770973875
590.0557242098629
1736.2485652545754
821.6811038675573
1295.536888482973
2281.7848016001517
1051.7038516884913
3291.493262229682
773.3058204733627
2631.0422382672728
3638.8046150257983
1941.9127265571128
1400.8969138219036
1889.9683922577465
3476.00967841389
2687.6269454821536
2299.8230398921232
953.5886133608524
754.1064008392573
3136.4291010881666
19371.80901084736
2968.4950030740306
2223.2268673549834
935.272943942808
945.2191522477282
1017.9133845351664
2396.5580989967675
1832.2217734911408
2639.952829628533
710.983019941457
650.2517637512373
1828.381615088239
1292.0071654065082
6469.582875062737
1578.1079252779218
2700.8112632250336
1091.0448641304679
1720.7984572586568
1597.9140313351522
1434.482683671797
1257.693845462376
2859.999694312388
2322.108361730427
2626.1924623481027
3120.4654459864205
6800.725154254608
7650.402314968468
4971.631831364246
1969.2243709976508
2538.305579079781
6003.787613920617
1070.8895036457182
1963.8562121190164
3555.4331503969624
2706.2610950986705
3270.4005459697723
2889.0015061783424
2285.92140670943
3289.7102018682367
713.079211520438
1352.1817845713877
2179.185393427396
698.7178458522679
1780.1822087866185
1024.7007133289264
3139.8483256695918
1669.977840799926
2241.1590203011683
1934.5647705294505
1400.5411586074608
2611.8824502991683
575.998770483101
3440.368319100578
2295.2427725477564
2767.561504605056
1014.1912519677403
718.0274289070852
3258.2555484335844
2090.8742111759716
2617.674296800897
1433.868074540311
1140.1179452055974
1578.9866685091847
7085.519206689038
4239.326081318501
2577.440614268091
6696.79654165954
2258.585634680749
2701.433289891423
464.8875117748975
1958.0740313308036
1192.392962825066
1065.3085082832797
2059.6801666101037
1945.166682885774
3565.219385839379
2463.9310637811627
911.8953849965285
1361.9367122489818
1196.5946766633251
1756.8399222221049
6257.236822911522
3181.282860624244
2375.1567515639535
1501.7788051902428
2207.093228711445
2068.8608050332004
1994.3058436189683
1161.2575538453004
1566.8175378453934
4527.964931235376
2418.8059960557393
2378.972730385815
2012.9962465195674
3500.4809988175375
1239.0725178368575
1243.0751840723565
3405.634523328271
2273.7206257824027
1689.106522404665
1913.026062863311
1698.5949768718963
2415.253388885832
6864.005013796348
2232.538892109138
920.183679029452
506.2395681722538
920.4942254327899
702.5304414309012
2441.7541900360898
951.4135670015208
2254.7625214702307
8638.95956677243
5473.9526277715495
1252.9045926666888
1784.2849509502544
2045.2657427855934
1600.9323727735161
993.0462647283798
1562.2354116991112
2089.2100098628916
4076.9305327775796
1815.5206189245885
2136.6541347964776
3550.164079586872
1564.1264982818066
1862.821317231428
2284.2003100924335
1184.148004504769
1523.575389922427
1945.495329122276
1492.753896227439
1299.7232429918215
1045.5566246192054
674.4321397099674
2070.1987584167364
1896.4023999081257
676.6515782814492
1315.969203340352
3878.9145063808114
4305.7937179427645
2408.4015461681556
2180.5203044688333
5778.850793146515
2453.7920809842426
1552.6689643594884
1592.5935360039293
3369.152820528454
2995.5327678273993
1779.5860826973537
1908.7665807211301
1294.3404982379977
2638.542329822591
2107.562150829176
1283.4805546692864
1113.5066509867504
1197.9562314624072
1940.3128439540596
767.090754783539
912.6786398073352
1799.1427817939934
2770.5203868691938
3150.1102201053022
1813.7007488410368
521.5192566895263
998.3423055849261
927.9724649241964
1151.8210748970246
1381.643167417817
1666.8831152406444
1203.476816650022
180.765299620963
3991.700968637814
2539.878366355102
3882.3174223248
1520.23398575167
2140.8229944767095
1062.01454249589
2677.892866429452
1601.9136101692052
1173.9668621937233
1671.0798740476478
2631.627949748845
3520.018439698369
2074.040328003117
3352.008049329527
2869.0008368896692
1633.2188255056267
2092.3214908728123
7283.097997674383
2386.7672910622614
3302.021687199653
2531.8190293768757
1975.4929335914865
1450.4527297945638
2751.707430360158
952.9928197797705
5857.194855755271
3855.9225801691073
5868.11055451782
4132.0068909439615
1678.1125377850874
2466.9946900566274
2345.4397022245207
3248.7746217324157
1432.8226592966025
1110.7210955439307
889.739162916517
6066.651598888575
2335.08278810606
2012.621458607957
2225.414899524597
3324.5076626075193
4146.458058328662
2318.515427326923
3055.116447586542
3513.8733577043495
4347.776534772832
4704.528751478211
2502.243252919308
1052.7751876774116
2405.4858628671286
3360.5181719106813
938.6040222288725
1490.6074432192015
4364.941506958629
2577.849823443876
2695.263939667513
5119.754315462867
1925.5798322168173
982.3593958549956
3577.922473208895
558.6177701815923
3597.5581066591003
3970.3590628612483
4294.153073203071
3800.925446258449
2294.996398944928
2100.4852561310504
3460.0254782607085
2611.6149655496215
2057.253485109298
6577.665737659066
2341.941049926424
1967.7775745716626
2204.7544738853485
1464.2111585033017
627.0341288838223
1513.5898005587005
1515.7673391842904
2237.9726418920995
2692.475677423111
43.44364253474974
3446.207489380792
2054.4211153729893
1407.071746321706
3313.829520466594
3393.5068065270216
3284.3298733543634
65.05642104492496
2358.231522731437
3484.858055368588
1998.9761751910128
1635.937537144777
1468.9645253546296
49.44907108226762
1757.247866720531
2185.328404628393
1693.8334125290917
2743.5502877796903
2060.4039079649515
1583.8638613123494
3284.1695973045084
397.2646034144798
3380.334925004611
3797.610775471027
1398.2589443261124
1671.9667664868111
1479.3512509954014
3236.6167617335122
1321.1162799522233
2628.714053243889
3952.067833093263
2039.467652516848
3534.510961390252
3517.735373100448
2037.2718462904948
88.19499909733398
2654.4831029543557
759.5069822759413
4303.889072151421
625.5259593621315
1430.7131787646117
1304.8021254679386
1482.0997666261148
1407.2356265670546
1603.9165257222787
777.3577909093727
1050.4917383313887
1127.0828278709528
1261.5517212097482
2093.0260306806417
858.4188356876328
1354.3322241224864
2327.072531559411
1152.4499551983547
1467.025549576627
4953.26276697261
2172.2547460687647
2473.387529266536
3609.117850563049
1628.522696053787
3788.285917925917
2759.2615778650475
1873.3711477615623
1175.7421828988142
750.5459813149471
794.6237840875162
1196.4107420369248
804.1242501809669
987.0372204228651
688.0488468477442
1709.2277037630502
1650.9288560599055
1425.3148214015496
88.19499909733398
944.8993832628255
1731.061760317633
1133.7020735351018
2550.7836088380477
657.1910690345828
916.233167665281
2362.4875325415933
803.7634805384828
2178.580284090991
2972.130536553771
678.9704760371276
1533.3104148256516
1747.10552380965
1140.687477672565
369.1892229058809
569.8050230693851
934.767654529785
1107.4087615984934
972.7184875821999
840.2772380641759
884.8783279432598
883.8526835869826
908.34780724409
540.6560442445359
692.0290338685336
625.9138834589155
634.5686367764691
929.8591631993894
1171.3193381528897
1310.1070655112937
549.3859688959568
1104.8683737271724
657.6405797203695
579.4595733804498
994.2518893955371
872.9802675188556
747.1918109939526
908.9060195311946
770.9257248826666
1180.6016181455668
710.4848670389509
1638.5596106764206
494.6051833901134
1484.8732194606507
2225.150409321565
640.4400263320997
885.510036306952
1089.1523292645256
901.9294528119427
1813.6607534176499
214.03398982330086
666.4889538056751
1285.496218404619
1284.2487857827
395.3781665961028
1011.3050264321272
911.0625675439933
824.4454687864252
1014.5705039639913
927.1990108718531
912.1062248484898
1048.805245979338
639.5607065741266
661.7776014343798
1469.2872238089267
2240.1448082051793
835.8238005302956
537.8406221796546
1441.3646130844381
1799.2825181543346
1239.8869948192191
2214.1180741251687
1806.9637977897776
2355.284182902801
844.9995202971423
1585.0524276887138
816.9335709292752
1007.339431595998
1292.4810394062326
1566.663944891678
1411.1216038783255
766.6114340877265
797.4866332703024
1051.8020938853858
5845.739362090024
8679.21409410966
3963.4121783147643
1994.2591775031658
3933.821903041763
3193.670826464526
554.4843319090643
3050.5264163394695
5155.975123542217
1760.7484557087687
1586.2318759765278
1335.8913148955685
1742.3539142359152
3107.616772671585
4024.841857206831
6410.39663681643
1992.0719140366593
3320.592431120327
3745.501731507333
1698.8371476745706
4473.061107199852
2014.5204410445303
1985.8847440708007
1388.8789067670891
1321.819250688595
2535.061602134337
2218.560180372429
1570.8530032190145
4599.31292866793
1482.1542962455057
2042.090778564979
1322.132924507983
1969.7873502528432
2906.8044130259036
2160.1650139108237
1536.3751799079369
2188.0992652622886
1283.8330450796864
3383.5378251895727
1653.4812400985309
2310.911635106602
420.75378738652813
1723.970834991724
1004.9437917050489
3676.5487545853302
1411.7183957854945
1032.560820560672
807.3724097691434
1284.355048402266
1281.3099258508857
831.828467647262
2429.4501497656815
1042.8276623910124
2046.4091038095125
1573.1427289457702
1150.6762309020269
1630.8631986566313
2217.4840375290546
2068.946261011484
1891.8397597736755
3653.262229474638
2391.599631837488
2504.9296731378095
3588.483912274749
2235.6925620486127
2273.9091748867945
2296.936190530488
2201.2548295021875
1888.8586206231062
1599.3294658071593
1161.948204334673
1879.0520336465975
734.802343223005
2193.1279298985833
1758.416407135219
1902.6282608751478
1669.497414808867
1928.8466161488063
3017.8635766007924
660.6265298185567
2175.2186209269994
433.16064169186217
2936.923386802447
2584.8805871644977
246.58016333551012
1538.8169610680936
448.4934625477086
1791.7377092017841
2342.1806797967115
1898.777197529968
1099.6515773565181
3299.252898182952
2002.8571002857718
1951.1724481382676
503.37145249679565
903.3635205972112
1496.6101705899123
945.3716326338335
1503.658079589492
1728.3475249799644
1811.9136187802007
1504.751497929353
1913.6088267595278
1605.2554210136823
4392.220043603118
1586.0145535601291
2681.9776619130203
505.08694604661446
1689.6264599784188
2900.591284271471
2665.9530356969017
2103.704232526209
3634.625108073008
2078.9605782802587
3092.929320055898
2331.0347875683465
1599.9435063663234
2272.8223843381743
2212.4875362348125
2961.4927900122916
3132.1784336128194
3316.6529307694195
2328.5145623441035
2213.714369191198
4665.078171509996
4571.167611508638
3762.772350037767
3128.99842444222
2983.504046426896
1698.2002794854875
1467.743580718995
2313.2454999151687
1040.303709070646
1178.8223306512486
1417.4561704671505
1378.90666153107
1831.0863556721335
1407.7491194061429
1099.6640214483552
1030.716738113412
832.6572600194826
1047.5479773028244
590.8706250045122
2256.191664482963
2713.92429367211
1695.458397636135
88.19499909733398
1230.6274713478872
1178.8223306512486
651.3321926590861
167.27721839717336
448.4608790033145
1382.2732916184186
275.95939632521646
1419.0239541701023
1062.6986443263213
888.7840103410289
840.0757110457904
1043.726337747928
850.5933771495918
702.0059612991415
214.4086402320785
2163.9977247564907
4108.886970885811
2522.857581728712
3569.7385814788963
3673.66205781363
3074.1027563371517
1608.5329242313128
2031.408207084008
2275.6603417333313
2497.408656945826
1559.5342469461154
2687.118874744258
3018.823694659699
633.8971553321636
3231.359402931926
1994.3898815135926
2457.310416903702
1057.6997802528701
8280.724000621289
1850.7292170458068
2815.546628874861
2527.6548734668277
2033.3949886828373
1508.3227003793572
2643.3988173389735
757.017812095228
2006.2751943036099
180.765299620963
1970.7701182491492
1829.448458254516
1019.6880928066287
1817.6658480731237
1215.5720972672452
1630.8927556162682
1154.494167180064
1139.5953146621366
1533.3936189655872
1398.2759890444995
1499.2997055499923
1507.609218659316
1406.4776507118345
929.4452399740768
980.763757360178
1182.9876746543139
1432.8431348040613
2141.372332525361
5123.5939144092945
4474.097108193479
3048.221316291915
1145.3816538727096
1781.9783477971998
1117.7146653451136
1232.6617624634064
3086.1688715385026
4041.340354878811
3505.983903810139
2781.810164275469
1980.9539206966097
1670.7060195407882
1259.3759377261197
2229.4101429984207
2009.4964537392289
851.4395559999571
696.3950208200413
6098.367166019273
2728.5505026725127
3491.383887559602
1641.4780741054153
4269.469323470355
2507.4532671861703
2261.1252648273944
999.1806625672696
1935.6303069935907
2174.4674950181166
4248.4851871166875
4599.862441375973
1970.268818032094
1226.5110938364805
1526.2029148965148
2167.3738834589935
1285.9936251660113
2471.1344116688147
2107.1574743244105
1307.5831689534707
1234.7429701851017
4636.70420823342
920.0586864850203
1200.1536855050012
3351.181153439016
1675.1179224431567
2042.2998435383267
2006.7474936875474
2137.705450465934
1777.2652122333766
1669.473288029896
88.19499909733398
1609.9575195166767
2347.001908670223
3650.930206594312
2847.3856850581647
2927.7896764179395
2203.7596342566103
2040.274653700255
1590.3781494774516
1004.5201539458678
1174.3985012114683
2873.835376765124
1513.6997084606041
1383.8478553688192
892.7578876867541
2243.720489815841
769.6656208527282
1645.5881922365363
2445.276942318889
889.3344022815413
2580.7268651481995
789.1197216553039
2182.1628784577474
1869.7288716146886
3775.4319379451786
1564.1714856622784
3403.988412113369
1624.295597661972
2186.6010889626004
1355.4606257321925
1080.9313973052342
1340.5378848079358
1256.086242043071
3573.375752175858
5070.260688902518
3110.8997280344265
3442.427186908083
775.2560809736316
4724.970482718639
5376.725751632436
2221.78535770824
1799.8424288444728
1850.880224923652
2264.157222320726
2856.770437856764
1579.7676298573922
5038.739348868425
2846.6768186333866
1525.4635025994464
1754.0141271205387
2772.3822160590403
2440.548039115795
1305.7481956013055
1881.0215962674574
1798.3829116031316
860.750640587876
1717.737694450031
4192.14564150757
2202.956674690834
3853.3735162396947
900.5255307977109
3517.713917250351
3539.008034073555
2620.129029441584
9929.163666090279
2488.085882143353
1612.2704694843785
1396.9564238953178
2944.3467959276104
1587.22630509247
1338.7211810533909
1124.5300211249767
1183.8147198424008
180.765299620963
1672.2268116435714
790.0103294145163
2957.6016188306908
2273.8570396569075
1388.1015519587672
1574.108808507096
1160.0977143176106
2564.302156632405
2457.351431578309
2690.3513962871884
1898.0339740341851
1450.6499787682112
2849.2775598682892
1110.8404169203588
2429.7731916401385
88.19499909733398
2749.690339592201
2434.2110135167527
2329.042139329301
2054.2012235149805
3230.6438113678346
3541.4251583648143
2911.865244731156
8108.3508848264055
1175.8499421868426
2387.3034528793287
4124.930663936127
3106.574641955969
1641.8924317163776
2647.79024081247
2572.8475262968577
5096.843530595612
3102.796565103091
2136.523839807989
1971.2741928494572
2639.7263926469177
3031.3835130559105
2518.8556813138316
2215.8923230404043
1324.9452671945544
1013.471699060304
2472.5853635654366
2690.1506711990814
2560.266915799544
2119.6625962704798
3946.8163659543475
3059.7345193260567
3350.6459880711
3541.5756197739943
1731.920672745473
2866.992163154314
88.19499909733398
2706.2378352950063
979.9374523752028
3522.052853132037
4472.387877461448
1776.3523480686727
1964.122649019952
4858.810140736844
2262.2668280574744
4137.680510469704
3767.3919593268142
1179.677387480685
4141.610543373288
1201.7926876440151
2659.9468265777405
2721.493065754934
1922.6375751077674
2003.5351627118341
1951.548161489339
2177.2304088604965
2007.095323742239
1671.4677270239972
2023.4796430065858
2117.4226593657604
5406.576847383743
1795.6874793741854
1587.8451229901038
1638.5516720280625
6540.475254125459
2551.644056500108
1223.0731181427839
1566.0498973183942
1051.3662191454207
1673.7389433284131
1169.6163388339417
2447.5356816383137
757.017812095228
2191.168616465917
1824.781607074571
3395.6690954061232
2431.4440254078913
2146.0494088273017
3946.809711151559
1103.059419925807
4263.234960243843
3452.596592560189
1803.250456215145
4154.4743233651
1943.866545066005
2322.9772036328313
3685.4588754776346
3571.8477987504666
1952.4186030997046
10666.15023344921
3587.3768222351196
2790.317789040151
3269.7153576814844
808.9936022361439
2193.485148104542
3487.4952143941614
1143.7030524974546
3078.322096717451
1418.6894981822643
2572.777894812552
7245.5252902769635
4874.199245100746
6193.728464083362
1527.4787586091484
1259.605874561849
2502.9041254006697
1084.1007278842421
1219.840263986415
2250.5156968128235
2068.085301910728
3054.9971642264013
2185.7561875310803
1298.9308882234998
1649.5365453001705
1484.933560008794
1031.9525100346007
1120.4987229162593
747.3267732686327
1533.3336254865812
1995.4522637286705
1285.4189736710007
1700.1245567303517
1671.7179354526152
2036.2492505428786
2759.543449205359
706.3439812468641
1632.8685309989987
1565.9417387843798
2030.0934840542545
1032.6899569568423
1188.2820172654679
7852.475712085987
2012.3145576444363
2686.6418335157723
1732.7478970422576
1327.9682948658601
842.8643297583423
1677.7359282489456
1572.0916986155082
2277.760753611134
490.6549551643434
1571.53273229966
1819.4469290712552
3365.6652226612946
1337.3548944724942
3402.8933484432
1618.8934982116498
1644.9530842613435
2967.746158554862
2046.8203703564789
972.2161667190222
2253.504585140566
2052.925578633639
734.0058199683349
979.8405229155312
1053.02860069202
5904.543414139756
5017.609285200743
1870.2694475246485
5492.207732592279
2623.1279547256067
3005.219545689636
1235.0134935899268
1225.8226325783514
861.8107706463309
1726.2768452332166
1404.4331337995875
4825.93939237314
1997.1684167990006
1043.2862038158025
860.8234746346784
1198.1873562991354
1737.8141310603662
1654.0829967678344
2780.1090589388727
4917.795503663764
4482.201764816528
3928.4707239327045
1459.8407953973426
2492.1372690914977
1585.3689492977433
2015.8842588012503
3091.29703761091
1868.109715721855
3260.4238540581778
3187.743982012761
2329.952599258503
3837.181351712597
271.8281178161716
2507.919646474945
5478.173630239451
2926.1022120083467
3362.153790134692
2168.2902405180484
3383.1006845902725
8675.041991828799
3661.45247153096
2948.173026174224
3694.198237872883
7669.269101307367
3382.4963481635114
3148.993910047037
3171.917203001998
1986.9836377455078
3036.9781613703644
3238.297930942736
2456.360847626861
3108.4436948218317
5174.507169896736
2027.8015993184254
2580.731600630422
1959.5214475861178
2543.8944200870096
1682.0274354717103
1753.5484821342602
1749.1450906118268
3972.029414251288
1922.8242777856246
1831.1317700394284
3610.2304230491686
2119.280821733303
1722.6859780943587
2683.037046467962
2132.522433405348
1297.542836689072
1229.3331104094507
3236.2167153869786
9027.300734573828
4590.379788667528
4181.990178481181
2342.360481836139
5560.463625806208
5705.771797832425
2314.4959666357595
3163.2494081865834
4821.248045076259
4745.792303247274
2080.8969017641266
4290.430939757267
5463.779415167066
6628.548081894198
627.6876048132074
1793.0629797034446
1146.0198940777345
672.7339008156516
8193.09211190273
2638.1979616461385
3437.2250026369657
2294.743047685736
2098.5050511134746
967.3920549205707
3485.5872250443053
582.7682162441392
4288.87426027996
1879.8939484172463
1846.0627268036726
2488.8612644035766
1678.938678430974
2589.647367523675
4570.468929898988
1184.6568535476833
1212.801496295829
865.9179890985127
1881.129657925056
1882.2661491961615
2144.2366447512204
2175.7271451012484
1584.272908092274
2356.9157319216624
2936.8075607947862
3212.801676312625
23032.986398410485
2487.746159155049
4366.725906248883
3213.8574232739375
4790.30077112829
2227.381554777835
2186.6214703148453
2195.913466472005
2201.278610420061
3009.1070502543926
5537.743787632643
2350.113066451463
3645.6648907659783
1517.750923976475
1703.1160863078596
2083.6962886180363
5016.952370935488
5196.472434789861
1981.8962685423141
3954.85692456154
406.92143820020675
4122.664544206221
365.37497708657963
3913.4098254907585
2282.2684727022915
1649.151343980968
4614.441075108009
5680.33818768136
1383.5819978446862
1340.6182308388013
1537.7520140836355
2205.294035050675
4991.74894636877
4743.017554520455
1087.7718318919237
3497.2621407659926
4081.148501530037
1515.8031432095897
1286.3781036970115
1165.564883387114
712.1914933932503
1570.356917675288
2499.0704344769247
2733.4829447289703
4770.320148034101
1280.877383316115
1406.0961954640702
683.1342540529683
3203.1521154141515
2025.431809470067
1893.7056098639373
2243.572629958951
2148.2151970066398
1889.048095086766
2902.904918908427
1991.9735194854409
566.2120710470839
3660.0659737325686
1122.5842831712241
681.1599436207849
3114.5851594346714
4001.6800921011804
8993.956546157942
7759.776041153116
3252.4247671495996
2385.885907876537
757.017812095228
2130.0008359725543
1390.9890623548897
1317.5300530032964
1062.2612720930258
2043.317416066905
1123.6303714442415
883.2008506690105
421.7252187611668
23163.20218410101
2855.6326185558482
4841.998211613075
2880.7001894738837
2507.1194794620405
1247.790369606481
3339.6559319701573
2727.7558963275424
3673.346464764841
4099.6903633147995
2964.3169954762466
4078.591688128589
1769.6287564349702
2219.657212578193
1437.108228229301
2556.412682515539
2060.3796631126643
1048.852285226634
1454.03425685329
2213.362872101637
2184.7323501930487
2261.5125053143083
643.6493259164994
1912.028659140265
1742.7130661512253
2056.8879319766006
1176.3479690749866
1557.6637449136128
1627.4772974879406
1387.3155238192248
2042.8679246628055
1801.3410311024406
2930.353838015165
621.4600229725544
4476.549735808409
2666.5264472825115
2260.551973759275
1740.4778952399502
798.5055196006033
1790.2038531808475
2858.069846694965
1470.2631259922482
1901.3002413312158
990.3209266594404
274.7818485915762
3561.9978973898205
5251.277808238052
7345.509722007916
2279.621620575222
2635.8375121005192
421.7252187611668
88.19499909733398
1540.7837739505792
1273.3484158139247
838.7436258518103
1975.1417899192538
2528.7639056374846
1609.2623423887878
1963.067731149763
1701.0864745794313
2467.33543893558
1748.5794955874849
977.4815626393431
2190.006070316363
1174.3143424987352
2826.932630882535
1446.6529916144912
1854.244808570213
2980.4630267357975
1010.0122577310198
851.1027922706901
1596.4686152076492
2227.190458866345
1248.8353428889134
4886.465995400354
3899.9576773317676
2707.451198664191
9599.447365210257
6421.7445611727535
3910.213746333351
2654.0726515208144
818.2526360622254
4546.165733734875
1365.0172244813414
4731.210227843318
2661.723401602312
2132.851777362551
2498.0501875957384
640.7000818017996
668.6001815330383
577.8475204118062
1110.5285515395262
4406.21510456869
668.6001815330383
854.5212252677891
946.5564895545618
1257.8172305692444
953.8616960026665
1135.0749597020556
583.5812412228332
668.6001815330383
953.8616960026665
4598.052186081618
4314.29015643686
1016.0799055522584
843.3238421992679
1756.3716106500053
1867.1818637958738
1989.6380939867956
635.5801128742771
2985.1264072760414
1300.3706533027432
4254.793069805723
2131.673907730384
4183.123612797099
7264.505743975226
3517.085098602167
2866.348934929035
3098.780850465019
3928.5555625231095
2311.6042148822153
1279.0006600851837
2178.0217665141895
3560.55435167811
352.93689946999507
1957.8978685491998
2545.5860857125826
1728.8937848745777
2370.1783843615235
313.25748688860415
2527.9699448110564
1416.7027820797064
1656.3190352963136
4982.527428927058
1583.0293302423775
2006.5375776281383
1623.7071399660547
1592.9567833020462
925.3484263600902
8900.460474207768
3836.7452051945274
2236.709064563735
4602.5297817876535
3293.783647408233
2444.7076344580632
1479.8711514086854
2391.9893541856154
2467.5739226522655
1963.5837488878185
2585.652722946305
3130.01225978021
4377.119052361026
2766.0656998139984
971.767066799009
1738.7885086939118
1709.967129245231
4293.694029515478
6295.208632015187
3357.0676013265283
3418.304063595835
180.765299620963
2309.17410656227
1907.484658478701
1906.1518993984635
6557.842852130644
1901.1068708039843
1630.7321531800235
1459.8258825167034
5252.074147077949
1974.7833262675858
1678.2840160281453
4010.916990974572
2253.0378865974285
2615.2488350545746
1938.8088010881406
5359.884431568697
2832.420310616085
979.9374523752028
2155.2117595901077
1470.6065423094153
1965.7177623395353
2062.0065442102623
3091.966501262814
2943.7960134623804
2060.0573660406835
180.765299620963
2626.3140929610213
1253.9895555294704
2831.8762072155646
757.017812095228
2148.87821284683
702.2999344613504
2967.654476058552
2304.885168058282
1409.7798261389985
2132.747863325874
1453.9321998210592
1966.442804198377
1783.079122365056
2693.6022260477657
1294.537023237872
2797.9502358967206
1879.2044309018083
4770.831917874586
2475.50492846579
3002.5611870236526
1870.5533142472466
1972.8346187611025
2974.2224418741202
2915.6761287787244
3601.8548163795285
1780.8082891233184
4846.626756006038
1293.9238409063432
3058.838595253446
1684.25919881375
3364.1962098033882
4157.541828041418
3284.394921655666
3768.287128730378
2070.676981669798
2151.645504432828
2128.2839723367947
1634.9580714138203
5699.9546505131675
3207.0190484720397
4181.651504827132
2069.4911689487312
1557.5102067587336
4820.425111101241
2850.932939232994
1686.210096415833
1508.8492010155019
1616.261677066694
2192.9484227394264
1529.3141038166532
1502.2596234038492
1406.11806252807
1216.7722042653072
2425.0651279832914
1262.2476088577898
1452.5313033627106
816.9788971294842
589.5338880056319
780.9852976377266
1299.436323437031
2159.6381830442137
1107.5356841372693
4292.519405177026
2106.949796436289
1502.923508387807
911.6835948851017
785.5132045635535
3652.6076190107883
180.765299620963
3473.2499226182767
692.720678619265
4285.282743836597
2806.743874509313
1887.2843645614128
1443.5403651679928
1241.6670438824603
2158.9837400123142
1314.0421384090118
972.3752496319415
1697.7696256424242
1209.2249098577076
1785.2289492817065
689.4252435652301
1053.5417432472393
1148.2621988175067
673.7185409596692
5687.740351204154
4489.995154629306
1342.7348059451726
1253.7199705435285
9603.023322363519
3049.0591750555686
2082.7978260323316
1857.8839912433664
5315.261168119831
2782.4586406127514
2933.0317456876373
3728.865340734653
834.7802433558606
775.2560809736316
3959.897834064009
1656.4195978255545
1440.884533925557
1953.910929694553
1774.9480348384668
1374.9359372965257
3103.1351046587124
1784.2849509502544
2044.9294741674996
3487.34062135683
3641.850376590998
3282.0441974985015
4170.188258365934
1161.6448176962006
1142.1984892280525
1722.276195023124
972.8962961915273
1447.2004370776929
1807.9609431330123
1174.8076986125332
1761.7377282281961
1689.4461558365256
1342.8965957308546
3204.3886960207133
2246.717399525369
4148.289794556946
3335.239697204499
3630.4707939585974
3421.4919118050952
1610.6567193174362
1229.9763365426115
651.6215778538495
495.1766090800831
1667.0401324463628
8429.759105114783
4800.537891227894
1882.3385795893012
3113.6511125678535
1157.563263611197
2590.8474962870605
1682.3963441823944
3072.2376346799547
2066.468744317127
3391.559329523826
952.3593423726063
3849.1228935057175
3289.698694173864
2797.719048528784
5731.637970572695
972.7709843230531
3101.050075074242
2633.9225062729397
1232.9935313496183
763.8434687101892
421.3976485528411
1242.2487266161213
400.46957370321377
518.2565216801131
2588.828459860949
1868.9552710645544
236.5873642503375
871.0793854615362
810.4154899185904
1033.0074036901212
434.25140954744774
2515.5101460225305
2800.2556234398594
486.91008701079505
441.58393688529185
142.8844098549578
357.4517513381965
916.4984366731856
879.4206721678654
827.1751722210731
1739.2648382375462
1505.4233103200872
157.05270068651367
513.4146372891175
1571.3615164659768
692.7146221540085
2118.972162700791
3210.5268041993163
4310.055928332569
3514.99025769594
3390.193186066613
3275.765169288584
4074.6090796093963
4008.0614578102354
5474.265844892412
1206.8466691255173
3728.8188907700837
4208.9138011006335
4146.761169498396
3994.1260358819377
4082.4084242667514
430.59966660755873
348.4873221288029
2973.7801178285454
2204.015338904849
1888.6685928221102
2083.605360989833
1066.8735259896869
3549.756208386438
1091.6249102991483
2480.498740685866
754.9470171729206
572.0486866592562
1138.8586268441854
873.9569389170717
651.596427914887
1291.603882473496
1258.6496170046012
802.2275790732334
294.40205959394814
3591.7084587932313
312.1603377941721
1916.9235129856431
1867.146769969968
317.63936477517456
453.28929979983843
1373.1688665165188
1126.227861323435
1755.521919615268
1494.8575454734848
2541.80236947482
2847.2520282192363
2460.2582443177953
2066.4390938283263
unigram, add-0.6 smoothing, average word perplexity: 1947.7672901265196