905.8797197508192
593.2658177402311
2294.6881482745503
990.698376534977
4621.188691692992
456.593732678569
1861.7911290446013
402.27659413575725
1570.3839957729663
1192.8102354732614
1023.0464753337051
687.7926826250906
2805.363276707266
821.5219806055775
1435.4342171026412
1487.0433691238131
2030.4462090659604
1192.1037802676613
1177.7607010230745
3874.1496010994147
3937.657052155524
1867.007658027068
4368.038475816704
2673.8264441233973
2966.177874783279
3049.5465529949074
1103.9876866450638
1138.4801707170182
2128.9443768855476
5019.319654746492
3128.3210573096358
397.87011429868625
702.1409957519197
1147.4661507328715
963.7354319322566
835.1412789984888
1061.201198007154
789.5201180206838
2741.794432886939
2060.735656284842
2093.588431763989
1022.3627703074793
982.5569712764759
696.551230089129
1552.2002253525384
847.5241942910925
531.846194522791
994.2108281998288
819.9798560531719
905.5138651934692
547.028125010123
963.7083016144758
1128.5721911671465
695.6783500338188
999.6281377021068
950.5719078182817
2410.780899590914
1802.5225114790505
2469.8590090297134
1822.3757234687716
1288.5657173395305
1873.2862803292462
820.6438608127622
2148.7716243017076
1336.6475240993263
827.2171789491849
1640.311475576376
1867.7469663548445
912.1062214325152
1664.668179747766
1723.6470255412926
1217.5213870606506
1650.0688835888639
622.1852032482215
742.8618216654121
1590.6633365266596
2151.56732565305
1656.1920123657324
3455.830483317136
2369.1998651358276
2998.56679892231
1340.8178125290676
1646.4075865087127
1052.82447275606
5497.512455883051
3094.4868619437434
2509.4686792293296
2134.0111861382816
3456.4602871064953
2083.0790742372706
4084.3577874542298
2374.1136198401036
4141.056854743223
2136.952688818233
2813.6506469187884
1587.6491522533734
1587.8500440362752
2577.2050996063563
4109.708411330532
791.7977054889415
3058.394611699315
772.5733331420978
971.4134087243661
20358.27943139053
1574.5772468518821
3325.6652027652244
3631.4493776704917
2882.805289576719
2044.0870935372923
2524.5381556461016
2688.7442761652474
1949.32578767594
1741.7268658012408
2655.329183216065
2454.7005293807188
1360.8287212109337
88.78718969120825
4654.966482828707
782.9084553927993
1153.5600681233636
1855.2374922260572
2030.4584536427853
1196.1086440039667
789.6550437475368
3750.91710704797
1792.8305573822465
1985.2871403984288
975.0886190891913
299.57339562143443
2123.011226034824
1628.1232947713079
2105.8103769421937
1634.0922959318607
2231.0852194619383
2402.322384401679
2626.121753378496
2428.016813774827
2069.9710593340556
1622.6002727749938
1193.4372873578081
1237.687828429272
216.1557300815657
1174.9724932451877
2462.271043640882
2310.9127169365734
2871.0456529651888
1522.1769253378895
2221.552187283861
1776.2650590858261
1489.4508920200303
1173.7321450419504
4167.832157080636
2421.238842918218
1916.6489440579028
2330.8166457976313
2789.787513889723
1809.1225177386245
2071.934487231373
1346.194676827599
706.806490390852
2193.8846204138763
782.9825269454278
1961.9776607160206
3273.560188368874
1394.5883951442652
1227.4791431728752
3712.5731073938236
2433.7484488939226
2161.2428969398
4267.778998396805
918.8494916960603
955.1365782969211
5492.379705027392
4018.92085328326
1316.3669679634525
2088.2777200455052
1286.8716011802571
1683.7642107748898
104.37512756008155
1102.6110602229082
2217.5086618129644
1509.6817915424385
1670.717228228133
822.9264778448617
5370.579048932278
2295.4992433780094
3682.761261360243
2728.5204095245417
2744.81338722771
1822.0011811301245
4428.992960616698
1309.168867037947
6056.362839360021
8666.47776842013
4508.320844004942
3482.6544244636266
852.396194863243
4423.753159270361
636.3801141249734
2887.543117966215
2456.459166403415
1129.8977690277072
1465.1164165074904
2035.2411766199136
4135.759130748391
2451.313545564978
1525.294453497971
2319.825728602757
252.1665154831359
2064.006859929598
1368.888302032062
2124.237873941769
1243.2279599854005
1243.2199053802526
6020.961670590752
872.4079403206259
1390.4981552982506
1501.899211063354
944.7684502521711
2633.820383409294
797.2882300206649
8549.154646298117
11609.943635495454
3170.55964563765
4894.972100103898
3886.1041963926177
2392.232339451072
1855.997632835861
1615.8189081387868
2153.954899578602
355.3760516333539
1455.502447700293
1661.5339850449964
1707.4026747908574
1347.6292776647094
1236.3783318561434
3438.1264676179503
1173.6923931671877
1635.0999033091775
1252.4643779140567
1663.3873219247682
5464.413618108718
670.5401401707738
3308.012378395698
2083.779672586872
2217.9972269372724
2580.677318858982
1895.1828094457671
1764.351593235137
3024.3053490212797
2270.184041556413
3520.611441443429
1396.2273980905572
1498.053674383634
1835.3390295386982
3173.8534986053205
5693.385641688359
2094.7049735010296
1106.3086204489846
933.9059172085337
502.1881637132859
1460.3942456947254
748.4666550802337
6446.920349249208
3745.340443079729
533.1427795799633
1435.4682693960892
1439.2252445360289
1984.931631715249
2087.585742164065
2694.0635692771925
686.8024596659517
5281.276421220443
863.407221500159
346.22902254714296
1388.358643096122
1279.3059978998303
997.7934498645711
1456.8940081278215
965.3514853988785
714.2096728038889
2360.6989576593196
1165.8628332891035
2339.669402507006
2918.200010063598
1724.0871369529887
1631.4188004671666
1701.3771837425336
2121.5138853346784
8954.58785392714
2975.3525745385723
3519.876885325196
2856.3616366771253
3269.228267329044
940.9627303353996
181.9453116840923
4646.672095074135
2234.3577527750954
4011.4621136996143
3059.010427939063
3846.808915714443
2178.9339862497027
1851.6491946793042
12983.781707295026
2995.6454307538925
1720.209361564412
5876.810946045498
700.3974444839046
2140.8354256465605
2530.672473651626
4746.644797326121
2150.5528633475524
2189.6812576361403
956.7412764199548
764.4538084594367
1530.7988633475081
1120.255748680937
1883.1885832078262
1763.8933607480844
1529.3380291969197
1605.2688747593083
998.8407830911945
1344.467096748383
1138.8027911796635
2342.5348121199577
1170.925743154992
1115.12573982451
3338.342986254305
2317.215684087908
460.76022130438326
1253.512205873573
2854.215921025277
1292.553448249119
1780.7837391864134
1974.3889417082707
3376.285305678371
4592.477654295429
1742.6454368518355
5279.578123358617
2174.645445163214
7042.997875605428
2085.0765720041636
3132.430844357656
1488.930897867227
5777.896913792643
2888.9870936945968
8455.886897973318
655.9617401976981
2831.868621652692
6165.270577982879
4981.5222807767905
4609.32236383614
2744.3141240856503
2060.660032528042
3147.5487974388498
5782.579568867255
4346.0957062852885
3027.1449050484953
3165.524360657653
3610.3749893946588
2635.5292954192078
3759.769154490434
1714.2220154871104
1117.2444633548525
1179.7027780401404
1452.3541289860034
1943.6518104616334
2267.2860052352426
1100.7509692083274
1156.4704680931345
1255.0352398369125
1546.9049743537755
1518.7021248917306
1785.8080122607632
3485.219694008456
2467.148563139134
1207.1887283195426
1347.8091808091572
820.7556254748347
1460.4478326402086
1498.0052409220634
2176.1897574885647
2712.921282080635
509.5294785223007
1678.0878766071035
5847.674989463473
2264.3752118708007
1340.7751621439902
1648.2960812153578
1229.1743320523742
1622.0718235296897
1680.547631781249
1628.596193285488
2863.4597763076877
2867.155568684615
2827.2515773070004
1500.6086600850222
2428.4300071071357
2122.490513929808
2454.8141918079596
1185.6234249313784
2364.515079098478
4159.771845362084
1168.7178588524953
2429.145799479532
1393.4161810234816
6310.531254273616
1947.9487400496826
1941.409172192718
1205.2434214214627
2213.0917760792986
4099.066932133788
711.9539527721047
3672.4512531188693
291.15686785884816
2369.174242298987
2999.8073375889167
2904.3467780184164
2811.5625013925537
1245.1937858636577
1239.7006179635312
3601.8018616275226
1157.7068639467018
1501.5976139966688
2144.118227962022
2113.4156855727106
2303.96607195476
2402.4731274966916
4669.55965253918
2323.1704358746124
2513.288614323209
1278.458393856454
2610.5328560370467
446.54997398945505
4961.0319545703705
1564.0256746860518
181.9453116840923
3770.1852541809703
1352.490289824948
1750.1087420998178
1221.7278446465943
2694.2298582557955
2378.976026438265
2845.92787614341
3189.071471514122
5322.348595047701
2142.3373447173904
2326.7186899582503
2519.327131158576
2444.975496170063
1417.7703251948644
1567.7499989971411
1470.9625842213338
1763.0570396468345
2771.249327010869
1351.5898872735056
1449.5493455792662
7527.8160073079125
2901.4140338444117
1794.2297311236293
1845.5747341330216
2479.4052305491778
1844.8039578518908
1305.8251067118993
1050.1648483716747
1529.9528093207382
1602.9358790593503
3585.9156630151224
2037.558481840066
2050.7050971953495
1084.7698229958146
1285.295313951942
1005.1891201891391
1016.6558541989704
749.471587944148
2009.690551588119
2763.668608256632
762.0445412260352
2187.1661899273868
2354.6900892742988
2194.523982688896
10405.457053208993
5910.931763514741
2721.4820015014043
5681.052734208335
2448.6752321908853
3538.922652852545
2621.0531036991997
1773.6449760659245
1481.4174282266415
2392.5379170885494
3717.7532260026514
2655.779958091402
2894.9145959184775
3205.176554306786
4147.38954210324
2052.6357027064596
912.8071137803778
2298.708610918472
2045.41942055205
3173.175942260648
3637.465217349293
1913.327615103038
2742.661846903875
2918.0164465976063
2704.892067380234
2321.311007562282
1272.7640681673802
1924.2409777519474
1663.5011249997158
2369.2026747080863
3392.706810294838
3786.6905840666427
826.6791274017486
2575.6238033618692
1716.3190851584343
3361.310634414335
2015.1981569464929
2154.4253159986797
1511.7415112933272
1823.4778407237025
3709.9701322926117
3433.4696922493667
4131.23655937509
2974.116535124336
1906.3781578405915
547.2673046177832
431.30620929240683
2871.5519216345206
3450.379936203568
5120.867659044434
3127.1639116873866
2391.245377181075
2260.896315503867
2890.2996655411616
1304.4100796371035
1735.049460041263
2583.288513450379
3154.4604296691386
2155.291184092136
6502.591786017833
2388.936499323904
2195.221175085595
1768.728656239855
820.0230694820574
2114.06380557561
613.1855929710339
2054.26508487521
2169.395283773582
1567.8345933186124
1124.678283834304
1984.5201637285213
1123.2226728724493
1285.9779001215209
1632.6963422958986
1002.85622516365
2532.8832723599203
2003.1798326224418
3618.9266328024773
4284.328357653228
1867.4875767327467
4046.9709845736134
2921.9008835046543
1652.1006691531984
1585.2122632586359
3798.9551254734342
661.095414024983
1879.5736526208862
2701.5106363328596
3375.731258871748
1676.1592906032377
1407.1796227346604
1604.4115522195696
1497.1890899722114
2658.941630916298
2305.075074382564
3571.003289048898
2453.8232754102255
1360.0010288718852
3030.0225356464316
3209.0015298705734
1232.8989462083737
1466.7974795014873
1563.68480800931
1913.3753246120793
1076.3684624685184
2585.987391177231
1239.1695328186793
1508.8500554970853
1917.4824169383235
1176.177589679438
3156.2100208138268
2579.546839474835
1376.4276651869034
1806.1275098420456
2361.596396991717
4901.229089596449
2922.2475360036365
6078.192247214787
1472.8118365235634
1833.5302789150458
1317.7709502252021
1617.4506834720369
2266.920565259714
3747.611077306228
1475.318068610107
1158.438455285063
295.59197356417155
1468.1704081198634
1093.5077727807015
1714.983636385759
1103.1985746882797
1035.2457784207802
927.247475235222
1230.503410701023
876.2269477548866
1362.3550214190607
1298.8808109037936
1231.3398947026196
575.579696152557
2088.9879280253717
1286.8887413091595
748.0553857447331
1530.021834962102
1139.7949044520078
3137.1515519302125
1478.924781231154
1280.9159258927436
1564.5436043389427
1617.0575558259366
1240.118414405782
1417.0321955203349
1568.2359388367656
2087.2815583672236
1268.970419372434
1023.8385226928708
1472.3950677440566
657.7118338181813
2245.815058959568
533.4912569202195
879.4824537085937
1619.1527294330792
1458.529332703152
1228.2680676050118
1317.9440726725534
1290.2982044124024
2216.5421607061753
944.426867439672
919.9356869130326
1760.9369494946534
1366.1217869631312
1146.9844281238124
1039.4135547177011
913.8390071209773
1709.9974375880734
747.406859010202
1517.9462637291856
844.4341132166269
8158.79348325639
3327.615787563767
3621.3301025528053
4320.657784176356
4903.286744508961
3653.626964118103
3938.6754507512223
1361.7337995167977
3133.4103613812795
3222.5526663016603
3577.0035621693128
6572.929074722909
3647.8240306944886
2746.031952668832
2529.7988639909827
5542.171848487599
3800.812491677211
3377.0350055512804
2490.5847837981864
2692.326760546452
1471.1884343211193
1673.2506004834795
88.78718969120825
2736.6091004915975
11116.72659974623
1424.590255490825
1356.2335365435263
1813.855959716014
1796.142654487096
1842.938688351238
1758.6031358396326
5579.3907475375845
3898.6895651933287
1488.8211950934797
5800.242673105637
4110.695692969255
4990.516788556251
3169.4708001665736
4149.089021473984
2069.0589308464423
2491.2379853677658
1552.8590210150198
1593.36882311977
4364.484955589882
3813.061881934694
1927.4573800655428
2583.895165840291
3113.712440175449
4516.288058949514
1315.7215826013744
6446.08497641007
514.6248510653448
2039.6666083769455
3338.468799915613
2816.1739962329784
3052.269228913543
2908.650940085747
5889.43289308715
2601.125444951571
3343.620891589475
2655.4508563826635
2023.0028291910335
88.78718969120825
847.1429844564215
2645.6752076630764
3156.153816705353
3933.348183957311
2586.732125876536
2119.2486123367985
2644.5361093647753
1113.043482252117
4704.3862463667665
1272.734881160068
5429.629553257746
1593.088178655121
1902.315172871904
1636.4948108760677
418.17517581635207
402.916483581556
1412.8386459675917
3179.712165947325
661.5880688207886
703.7606853075387
2128.9443768855476
912.6831494523228
1611.1856274964828
1178.2780525312628
1484.6240509973557
1934.0999787990852
1729.1603662541904
1698.477279245344
1209.9375032158596
1733.5168225253374
2728.8258953155782
1720.0791899438732
1653.840357827691
2565.293733652534
3272.7548031661718
2117.932849576423
1905.2730255275926
2127.057262539363
1980.9082584732262
1880.616872996609
2482.8911676478583
2602.9607208501156
1488.9503512145689
1442.8312905278658
1544.1437116947784
1238.512828359754
505.8835002690411
2272.716746614858
1363.3596844386295
1540.959855793183
2232.3659738051524
794.5918543357459
1365.4013810171055
88.78718969120825
2700.1775223983636
1675.731035890419
3411.8618177058606
2629.539531341144
1798.4483861299575
3204.08471029406
3743.410584580354
1770.376676673723
192.6959903338991
1667.2188529003297
1825.6031542484372
650.6682084325122
1432.4239282355688
1523.8449905331775
1806.0372863855941
1951.6812124854384
3105.8269915118935
2478.5654808907684
2773.168488874712
14803.471844415764
8709.298186846794
2239.9366790339986
2016.5538430988602
2239.9366790339986
2016.5538430988602
8498.225010605147
7737.476250669733
2470.606510532252
6489.913708749005
4893.815559911502
5942.69254247107
6536.886013570422
1403.9356361266491
6431.363640854774
2566.4749243211963
1708.3157843645224
3964.0459320294804
3581.1976100995566
1957.5477386088257
1941.9904810184382
2042.9413252699644
4461.301406902621
1580.3774848251035
2142.9464478307636
4275.992788498522
1479.365952551465
633.7332513695944
1538.4230182731656
1504.7577916499981
2804.422664117054
1167.1485699109112
1487.0004283444391
427.1902761088882
1341.2182674998835
1613.261974836256
1469.6322497947504
898.088806662106
1680.6754267022302
2001.755013863394
514.6248510653448
2907.674918079208
2148.021167387915
1805.028431088918
1657.6892651253354
1713.0744424940992
1911.9608083817484
1626.2195554163154
622.2417512016984
2379.5386646475868
1637.111074368699
2022.949501153249
5549.571494018465
3478.2044909346223
4609.593982319287
2367.777819066118
4437.9148200634
3552.0634441550383
8152.64008357776
9310.675879637807
1015.0666611369189
686.1009439479361
2000.2494240350647
2055.688016515358
2074.884381943149
2785.579944329715
3591.713547958179
598.3957470789543
878.4120487661339
2665.684815151654
5593.82303165043
5040.088224199454
6465.813829311082
2658.864799633973
331.6588933803225
4771.275894726151
4290.62752154972
3206.5277833875375
2359.9536039149943
2213.811998012457
2302.713919572146
2509.66610208302
2025.8857815710342
3276.096850101706
3172.0997729757582
2521.4579039411888
3382.0022328786604
1409.8261257348065
2243.332627755197
1431.9958085684664
2858.0514646361125
4022.94370148015
1071.0643521223758
3309.061743252659
2990.910440398348
13885.188266899571
1808.8905011801078
2663.6623994665183
633.4953142539291
1938.8667274991053
3048.7927759082286
966.0088599154095
2958.104093191919
1240.4811122734743
2820.931853325759
3932.637435009386
1336.5001732137066
88.78718969120825
4837.9655521899385
2243.981594905796
5046.722823975844
4038.825228959197
2184.9800239245055
3062.7953489638794
3098.022046037457
3827.694801640799
2464.993872173128
2706.6913636311406
1428.1726308269858
1790.9360117530935
5780.525512996774
1008.9854514258726
1332.006257139663
1338.3571901085818
1429.9553338481014
181.9453116840923
873.6463241353256
1179.3232363371799
2081.6959029876925
7342.196006560089
5014.808192869571
11205.256240801555
3632.4270633403953
564.4836418183281
945.1466143298214
1153.3739074798943
842.8060942895165
1517.5696266766893
1145.5104135277727
1123.0879063622865
1661.5519831104893
1895.1154518680894
1712.811342311873
1493.845374307324
1801.1208201591278
1383.8821008361617
948.0230651900997
1478.634686486148
651.0636289774471
747.5846592845282
1196.7195543279045
1165.7569372213447
440.22925438070047
1424.2896390581893
1357.5505696829698
1874.0874307420768
1946.3923613280758
1848.8671782145382
1169.2717207698493
2523.2579993467216
2323.9805321092836
1629.489578482557
1835.6893750122645
1016.7875846787548
435.5874533564399
668.4760567951829
659.6658180747661
666.8607203833166
1363.1788845568337
2576.155458268065
1148.8345629087737
5275.476406239615
1433.2789778530318
1416.00234929884
1977.4923825329781
1383.9598702868432
2100.5925229569675
3086.0296337412888
2659.4681080030523
1557.6625313955753
3504.2765785577058
1864.881752931265
1436.1116070291469
2667.136743193906
3149.685609447253
1708.9938480734638
1336.6426496438298
1303.6194111651241
7264.346862725783
613.1855929710339
3729.0233668608407
3204.712105238514
3543.5073730548106
4302.02129196394
2217.2108176693837
1940.9315000251438
2017.3702220078378
1487.0671903115017
1414.9931879481658
2575.7360266243686
820.3454948473143
1752.7367634110253
674.6054075319907
1200.4692196421959
1255.642718835385
1435.4682693960892
2489.782575228059
1396.1767844679237
5045.446645974269
2591.5311859862286
1598.3140840200404
2398.216953891096
1903.5409212986713
4458.682210982885
3433.6286879975783
2647.6031345279644
758.9685110952272
2950.6710985043283
1528.9985604530204
1081.4455004896558
1139.3754749921345
1483.0253671559485
1736.85424868549
2273.0333636882847
2477.7199421266546
7399.743137793957
3752.695487494899
2902.773321997452
2469.648356024933
2066.3698092338295
1659.129535450666
2166.9695256097484
2231.694032578964
2659.5069879235757
8085.96361981347
2460.204558816964
1594.1635796262876
3929.9192723457877
4199.276704387609
2792.5970799732327
3846.392910023821
2392.7865334691733
860.3254996051783
1473.3820165840775
2335.1755463625123
2149.138726237011
3924.5807294864626
2315.3379789172063
2723.942192360308
1522.4915110269353
1034.0139219714122
1299.7729853858189
1400.7409762931
1185.0392451657249
1157.0392653135304
2924.611720628364
1737.0657666297495
3740.70332337614
2562.557857698798
1518.4297597271782
3884.6981710201594
260.3535555470054
4469.644421223791
4635.203991865985
1621.9566160459735
1756.6010454280354
1849.0927323687772
1701.207779053443
3341.867659141434
1898.8881823839351
1020.0864103055152
1046.1273953482942
2332.8798176927785
998.4964333007687
3311.5535704133877
1677.355620741677
577.8391993315479
2288.7318495216723
583.4333954017864
1633.2984222283033
1025.5316282022545
887.6308271204239
1036.3042806719664
1143.5978091721279
1003.9695727933262
1027.8174421052124
2063.8849944285703
3187.0619257213166
1915.3238480161208
3577.170617690714
3186.3804855047474
2490.828298878248
2909.870033039745
1699.950960551253
1527.2085388703954
1773.846408362783
2195.3919175187525
1788.1804022729516
3073.6566047063952
2174.2658489199507
3410.381420393923
181.9453116840923
2776.1315165900314
1719.9037680743274
3375.1180062219446
7711.969792167422
2367.7241994762467
2072.7067780872153
4763.502758849492
2634.417081302814
2067.9130689653734
2790.699475264603
4320.165759565192
3025.2332314157316
1849.2751973555485
2863.3856954435228
3625.02309813406
1718.3945888933852
1853.0902277344885
1292.4443909168865
1168.577683238439
961.4107054632806
1319.8585191525838
3193.589142417758
4503.956228684273
2787.612559653123
4742.5532638054665
2046.0414352198677
2986.479596514466
1378.3948721582449
3880.168800784168
2412.47222372983
2923.5334927339927
4996.307181899823
744.5085093403236
2176.1998804028744
2314.9620788422144
1929.1506625755992
1568.7268639392262
2053.096279001029
3493.2831797472463
1723.9844352018754
966.8056967427732
1039.046924130389
1613.709152614287
1166.904009889369
1575.9661579900367
4324.583225895431
5888.11172712653
3588.0661636849313
4945.836400095549
2915.1624454378953
5278.625324032308
1709.654801287448
2774.708083941309
762.0445412260352
2030.154737134679
2258.783202457029
1920.2825107128376
4955.358347312277
4176.192137857323
3107.5235196686253
3604.506818727592
593.7056217177872
1727.0106804032116
799.6792853234099
1304.4622515809356
2290.0173264982973
1059.7344195719197
3293.1254132393196
779.2437794798528
2633.7204317589926
3659.792061890382
1955.2828711865498
1410.19356234197
1878.298642191077
3436.1208993116784
2663.3912798226347
2288.8685868009247
960.2048010390448
758.2246720309953
3133.211106304499
18712.122438670813
2947.9657835495796
2206.46993504989
943.6152568544543
953.1900216276705
1014.1270039250724
2413.581287124002
1797.8183064969
2637.8175163396486
716.178522547227
654.1683721130591
1811.5815050146864
1293.7887067816205
6356.04316099349
1584.855718924849
2708.3280004738317
1094.1091328355265
1728.111124854121
1596.9793178932348
1438.2280324395804
1263.8249648212625
2830.95100209406
2329.4883431033045
2581.0254999824037
3057.692244206473
6577.257393231549
7374.262220707297
4911.3047760590325
1941.5707412365903
2518.794915319662
5943.349846414715
1077.8610732417953
1975.051842175479
3570.1883821366123
2677.8152002047086
3230.6904604115016
2898.5147092059015
2296.198864036801
3306.1545401300095
718.2544538126084
1357.8598647280262
2192.874835393184
699.4341029527286
1750.3357322508468
1026.5790824093613
3118.431199953842
1679.2383924745488
2243.764823923005
1945.3461740955097
1407.1866975413582
2619.91939868391
580.905777110493
3412.0583443021465
2277.660133770606
2753.4160716894075
1009.1216612510267
722.4945837590589
3155.668553523516
2072.206991547417
2604.605988805215
1439.9950203335318
1136.5793563911823
1577.4561620904012
6884.689531278918
4204.566316102384
2547.8006840466564
6656.579150312697
2265.509869845256
2684.1237335799055
464.4799438278209
1963.696549972903
1196.5774890936493
1068.3728569939087
2063.1366942713357
1943.4658912692908
3578.738000717564
2468.383425658921
918.5613054538248
1363.5848454125685
1203.5145985675374
1760.9080074502563
6134.8400826987045
3196.47614251589
2381.806470260528
1513.0052367656515
2218.1368660051776
2084.3345463348514
2006.3927735948623
1167.5995922700636
1575.9939384246657
4374.84353088817
2413.2697544787216
2370.8503675798165
2015.3007418936572
3486.6237157539867
1246.874424827057
1247.0857797623746
3379.6436216123743
2218.2370400053974
1675.5679476960406
1921.9147749384522
1691.9585189959937
2377.0447672161977
6770.747003500679
2219.472529337568
915.452948909795
509.36867502622005
911.4527860894295
707.9790462761159
2410.5696889870774
953.1614746961963
2240.241504673178
8583.985631681098
5391.195183264657
1253.0153200066836
1791.5125486998425
2034.6912306334316
1606.3476407354246
1001.0427150059671
1563.8094283889386
2087.911122380621
4069.3306402030344
1829.561046796462
2128.711926055735
3513.268650771612
1563.1474805968844
1869.9281143971239
2276.6248510800724
1192.051148616454
1532.6572668419333
1957.5341579171932
1499.5538728955028
1301.2568796363855
1054.5373095170128
678.9287173255376
2082.2932612543
1899.2064232683827
682.6063312597196
1326.8845856307587
3839.5856926381066
4194.309403677987
2395.8443675863377
2152.893744484948
5599.695305764747
2443.2458055207385
1560.2900470327004
1592.4759199423347
3303.4351697609786
3018.6316087469754
1788.5755046198622
1908.3484760741317
1305.5886102309994
2632.149360104987
2089.3176027907366
1284.6781560334043
1120.8311772357597
1207.8527293635966
1941.7377427165823
772.4216142341705
920.7322773564597
1806.438711631361
2740.5336176582864
3074.875003604229
1794.080009818462
525.5584118437682
1001.5009900903208
932.6198041578292
1152.758106617398
1375.2375628297223
1659.6841962832877
1208.0852997567024
181.9453116840923
3839.1023072941957
2545.865618527597
3863.4704504402102
1528.6277393525102
2150.1533814825125
1070.5938754841056
2644.682742692924
1604.4088402739003
1182.4112408949009
1660.4818013612814
2593.381327763078
3467.446747393699
2069.6175628327533
3297.194996807038
2798.022232107215
1630.3819508499316
2043.0141789352294
6723.194700528805
2322.2089397521677
3234.65284311335
2484.364871323375
1989.8947415257146
1451.2251638719033
2705.357160348803
958.1324227597422
5714.347230144198
3792.059164773844
5737.330622539707
4077.767791792802
1681.4654046150677
2436.259652456029
2345.7953152393866
3261.0299149052294
1441.612918854794
1110.0969311660776
894.1864756085665
6011.529029779199
2320.248384822461
1985.4337359934702
2209.540855497777
3341.1000437580674
4061.735243169403
2308.2103851528814
2965.6463005301075
3497.1025326066347
4316.525811667459
4564.396051614561
2442.9748703143687
1051.1643128207454
2380.827332333919
3299.096396361522
941.0285240827274
1487.1938888137188
4343.930246640017
2584.5630641438847
2627.2808461306854
5120.655778897941
1928.698142010024
978.189826387196
3461.592364748681
562.4575679811701
3295.954330716401
3913.2829146826743
4315.548848617611
3678.2072975038004
2269.0660963875466
2073.0347569893665
3391.32134468149
2559.295589359343
2045.9525894922326
6577.929889847637
2333.917438755865
1982.4537623958627
2189.3882668940564
1470.7337462738776
630.9241198182874
1505.302006353133
1502.3404397989254
2189.2707473220225
2675.041293808004
43.65889243284822
3368.1763868526477
2022.3963346972885
1410.8171234508238
3280.971862819067
3304.78616483959
3224.5242726042425
65.36319361106678
2301.791065140994
3439.675089973648
1985.6816870679045
1633.6831513146215
1464.9472284690146
49.69126130267818
1749.638709102581
2163.6550285597973
1695.1316240023725
2729.980869884569
2043.0991199483542
1585.8272267795007
3176.3124970138133
400.51917741460215
3293.663283517335
3669.855286074112
1396.750864227441
1656.3857179418471
1477.9727684549414
3005.0816910506364
1325.941355607705
2564.582370048815
3835.2823695076763
2014.2677827875527
3465.038171250057
3404.928343387856
1991.1787596960544
88.78718969120825
2593.8804949662745
766.2591744667362
4164.429199565172
627.865839576861
1426.7742493688968
1312.503150954812
1484.7488340107723
1395.7132054661524
1571.973145265062
776.9207984582404
1046.905101193212
1125.2835647207075
1254.3784295521862
2107.8143858564968
862.0435996142031
1354.9946511069527
2292.8166260365065
1161.3283283043522
1454.626888463046
4827.9190842652915
2147.19587127143
2455.095734422324
3596.9730540477544
1629.541346568718
3693.891942211581
2759.8742218856582
1870.8580934721008
1166.0017815609558
756.4729127711616
788.1934793755528
1198.7995616496169
809.421839463926
967.4362528402348
684.4021051054837
1699.6734834194833
1630.8126262141595
1416.1407529820156
88.78718969120825
907.7240954523185
1700.440976413928
1119.3178049983942
2543.207839618391
660.8454574755776
919.4345032197189
2350.1940099925455
808.0707691206447
2187.746413375077
2954.8222987599443
660.6699842660335
1520.1892038384951
1747.233395752747
1139.9437013874463
370.0989815401297
575.1631874437038
941.6308056719912
1111.3440192293651
979.18104971511
844.0904340398462
889.8336962983408
888.9937540870415
911.273038154606
542.3763761544919
696.8860996289028
631.6730116230458
639.8977129172281
937.3104467360083
1178.6427433675478
1315.9294275713808
554.3817255339632
1112.8554828428223
662.7730666680361
584.5205484381564
999.9957605017408
880.2367557012325
750.849776757151
914.3838414481796
777.665201979389
1189.379793197998
716.0084390480572
1645.513357988615
499.15787448349664
1485.5151727981865
2228.029611287008
644.5154908016403
893.2133906801334
1092.4762832519846
904.7192954158446
1813.9142087018477
215.70296276956884
669.6278744821452
1284.8400088050519
1293.082589835211
398.5618405794958
1017.8030968505838
919.0172067009818
831.5497845135068
1021.6078421469145
931.8544404629146
916.2330175993421
1052.8991359544536
638.7330860904253
665.5156812509856
1476.1946938039243
2236.1016977360914
843.0471315033784
539.6312509357507
1443.4188880673235
1793.6798733247576
1242.2044959854513
2228.6028444959156
1799.1127711831703
2324.0051009740264
851.5890481437198
1555.8917524160508
823.1855457390436
1008.991301476547
1295.6861042400267
1570.9076501109937
1414.7851931561208
773.1127174657797
804.7470100855487
1060.2071090168283
5610.808003217805
7948.720982353981
3864.629133549723
2009.4452737085692
3846.9825828850353
3137.848686490673
536.7067686480372
2919.4532499798534
5042.80442147392
1740.7070480518885
1589.1481680332033
1299.6711960911034
1729.142092305307
3077.9745132237977
3925.028676826749
6137.651953585623
1953.7667122980858
3271.6866872727137
3606.7184153654093
1676.2083387488144
4380.077740118047
1991.149059191927
1942.502367823447
1350.8933916289654
1298.1650959872622
2505.384303585751
2198.0008412460957
1559.2725686612382
4446.018656554139
1450.1986584901397
2012.02794273223
1316.3271573489376
1946.9034225663652
2868.691370124415
2137.633481504543
1544.30181494404
2176.4455057045648
1273.9534449383668
3303.3085890857824
1651.6425083662018
2288.8986902538295
421.2117919756833
1702.5678854240025
1000.3179267465653
3585.5505131116543
1405.1134129879995
1036.794993981268
805.547629283964
1278.6864717889782
1276.8335032379314
822.2446070249272
2394.092033084371
1044.7519824663636
2024.848702609968
1566.5772137898005
1136.7834517215024
1621.995970299685
2178.2079016096586
2023.393737609672
1882.9844008983696
3585.9103061168234
2369.358304749858
2449.6906310168583
3529.3493755994637
2229.824700338104
2198.3091902339074
2297.0321444889505
2196.9641977413294
1877.8508218536197
1570.144456162874
1157.521549187119
1858.0056254312778
740.244166850926
2180.4017159861737
1753.4256445609512
1891.042907089218
1670.375486932699
1916.650129727755
2965.8542978290416
664.5481650190477
2140.94209773105
436.4322362859142
2935.616263346837
2588.2247020171485
248.72156459082615
1529.4348705281084
451.8145161652895
1704.1127346667301
2314.951725133921
1902.103250371637
1106.376428211875
3286.5633945265345
1932.1142848396892
1878.9421616594082
507.06944438080706
908.7256851315312
1438.1282673217681
949.0909404596327
1475.7616947807333
1728.1770478937794
1804.8699290609766
1459.394563675129
1893.5903320844247
1589.9733066068488
4286.382130057497
1541.3440946542728
2604.9754479354274
507.3868836013776
1685.5396125049429
2908.3736160426997
2675.9001183082114
2086.111915712597
3634.3555965490955
2079.0074720012035
3052.67319969922
2338.229038453411
1608.8144474227252
2201.6145264136444
2146.364723170067
2865.2489584609493
3001.9647388613926
3206.871069666509
2294.5142281712447
2200.1902189499574
4480.324618891777
4444.88408695621
3665.285155266889
3113.1814019791855
2950.6480054040458
1696.671171299738
1480.3774895203517
2332.5381292335755
1045.5017467291073
1176.177589679438
1426.209483800082
1379.410410433769
1830.0531573066412
1418.2371271477552
1105.552854626079
1038.6126071209787
840.4607412659221
1055.3118004190778
595.9327558652486
2255.7245169495604
2689.521935017985
1695.8849318670646
88.78718969120825
1239.8055675779642
1176.177589679438
654.6037754293137
168.35545819061915
451.51245739310946
1383.6161461323434
278.30294213720725
1415.9411579193022
1070.7539504690792
895.6120584438962
847.9346289233621
1051.3736348651091
857.9725764140467
708.0540630052408
216.22814167010114
2166.3173568347565
4051.8951613909144
2499.40734892997
3550.7627223746968
3647.262450838833
3048.528306292931
1593.512684883805
2015.800555313026
2255.921514028748
2476.5015654532344
1546.6663925531054
2681.2881834653735
2934.744774512607
638.2283858280878
3167.166279470887
1972.6349951867296
2422.8463402417237
1006.6739228532939
7917.0477760777185
1834.4681173538288
2750.5598046449286
2544.672200351748
2044.2625566440083
1517.9632812746604
2661.198825949188
762.0445412260352
2014.6794035594849
181.9453116840923
1962.8922975581456
1837.1457971573288
1013.2519357794811
1832.4966544769945
1224.1526021545806
1641.0054413921648
1155.4607336437944
1149.028317527722
1540.791316668774
1406.793740350756
1503.480689838427
1506.9327819701437
1404.5128171868696
936.0637189035925
986.2062122598716
1191.2793503980402
1439.9708134792695
2113.2068572223297
5113.0182413266675
4500.749301661855
3040.5811540201985
1154.8911169503274
1790.8779056341302
1126.4068307133793
1235.5973523823366
3057.374189401659
4003.1420341954918
3431.641078062006
2761.932320604212
1989.1870011605718
1678.9109173242803
1267.2780460981876
2197.174601493588
2010.925805556212
858.7058879247018
700.6242068749436
6114.892930158026
2725.379656913562
3484.641456139188
1641.4121268220733
4216.381996308346
2478.4329136646365
2261.007684469041
1000.4402822603321
1947.0309765392287
2172.6780768118424
4213.531673760021
4626.079692813101
1982.8455985237583
1230.615277706941
1531.6717873042248
2147.321252513594
1278.7886854369733
2491.469918197786
2111.009683781227
1315.410188430474
1235.2429381227707
4556.602770712676
926.4938289284155
1202.995895696617
3322.8741942337956
1669.7955500973449
2043.1861011381543
1988.034144822529
2122.1032187419983
1772.4841892447294
1666.7474098712269
88.78718969120825
1593.0563313821663
2360.784863138014
3620.763938668826
2839.9093773518
2905.6829819020563
2165.3628730776272
2051.7064758501806
1583.1142963948364
1011.2863472209146
1182.317369578137
2855.0742242471347
1507.6743668304143
1388.8188092499322
900.1729850306607
2259.47032085817
776.5937425277401
1654.1851970022926
2427.042904916427
888.7885468644417
2586.528122575561
793.3055314316927
2173.621077030819
1848.2894127520601
3679.048876681119
1552.651201882767
3338.104943794765
1624.3318750110445
2202.170660341052
1366.099372893957
1083.2625917849832
1341.0744437952865
1264.996168128806
3507.3736441887772
4947.628929552882
3080.5179179782544
3411.40499800222
780.995238547516
4635.827847948464
5240.559350801794
2207.660523543188
1782.4268938004802
1856.5876299041909
2190.2958375453723
2848.538238941289
1572.7408682231917
5054.404702758641
2840.7508179407655
1525.7105309873589
1755.970475964507
2749.2045780380035
2443.7426726079084
1315.7014973545336
1891.2514167457743
1808.0708555382269
867.2319440672601
1729.686051147164
4138.638820040843
2152.1450521599213
3764.0752738062647
905.3875919346965
3502.3854909399306
3436.9980847369675
2562.032263561598
9697.582044106142
2470.5035120710522
1611.7803469714677
1404.5798400934837
2949.1831560285445
1585.8750600270816
1326.6237098657284
1133.9761007835898
1178.2531078048346
181.9453116840923
1681.1361725960246
768.862000418017
2931.1617749299953
2270.8796585267564
1398.2946972924124
1581.887841798658
1161.9658460121857
2525.6392353826022
2450.5727031066463
2652.8510426257276
1895.194078234003
1444.4789051206137
2801.023342601932
1115.031309361041
2382.8353035158348
88.78718969120825
2706.579350303764
2429.6321962704187
2332.5239996871633
2062.815478517843
3184.0846203742594
3509.6619762827672
2824.9503511475446
7914.8956584493635
1184.755563168124
2393.588981893966
4055.4329111229426
3123.3720839208654
1648.7759493519982
2655.1475967410456
2525.9863265542367
4919.087854061658
3070.5464930024914
2134.152789506076
1984.0039052457437
2634.8053209998147
2976.740982936447
2522.3123403017344
2198.033591373839
1332.0279827428474
1015.3520411328458
2353.8138968879016
2705.616809076709
2530.003671152867
2099.9841961684956
3908.282104034696
3063.3487891019668
3353.132604061429
3467.8294950525287
1726.8038221857425
2820.584297302333
88.78718969120825
2683.1098112325835
982.689137294007
3456.2046309219136
4351.452080077105
1778.0310414958738
1951.0279781669078
4590.579603018677
2250.7261586729396
4044.2069711016316
3677.0009648175756
1176.9048861592405
4144.021097716595
1201.8798650484314
2618.0397988483064
2677.345310659386
1917.4315039684134
1995.7844235035602
1941.3872190116795
2168.3399633514196
1987.3937081796198
1642.1675835227677
2029.2415738831053
2118.358007018112
5201.544974392877
1806.5574908425253
1588.1765722110824
1634.3137153862483
6319.428992379306
2535.7635214190254
1225.8496254887377
1579.3835034739068
1059.7813884637712
1673.563656476782
1174.9382605556466
2465.296617657204
762.0445412260352
2195.3097483825736
1833.2113893032138
3385.773067633128
2356.298014315123
2102.482629373074
3854.790023292529
1095.8648621160032
4123.917648360749
3362.592249855218
1815.424245398822
4107.040486073657
1940.848664940643
2326.490311373626
3588.698112592976
3480.649578376409
1940.9104324603034
10574.158233577284
3559.994053091672
2754.895442461636
3225.2947862626515
810.0584250427956
2191.272697846035
3439.2878290592294
1152.1014289043444
3067.785959846969
1419.6599656046944
2563.0344394211356
6979.169037967936
4667.569623880919
6171.9754169893495
1523.605096211299
1270.8432864328665
2484.5232870350965
1088.8173893875564
1220.3060417587849
2220.4770204503848
2044.7362440157845
2985.4993061873847
2201.064602749604
1308.611867889689
1651.601978729049
1496.947015217123
1027.8894183700504
1124.7941144013578
751.3231492054981
1508.5425148496618
2008.2319769718404
1296.3544141186183
1711.064390219641
1638.9486043976158
2050.1837534774386
2755.0571694342307
712.9449755919474
1621.4122969177583
1570.736046770967
1993.239744936745
1039.8669747858842
1189.0817217142278
7673.3603638097375
1983.9349980678612
2660.0887495244133
1737.52931126613
1334.7909869982284
846.1665316877164
1690.722544569321
1582.8004360415196
2255.013750683208
493.63538146291546
1579.8666418369646
1814.5144172028263
3336.385639329464
1338.931381873305
3329.1369865678553
1610.9903917875354
1639.7637192057725
2956.378468821527
2060.8885912105025
978.992084685813
2260.114487918671
2058.78111301368
740.0083529799784
985.0482292223428
1059.9809149269656
5777.202714316945
4933.516518807515
1856.2071809989395
5318.254408636518
2642.132755819167
2907.3674198459275
1228.2389688954684
1218.80226609931
852.9062791676057
1713.17459371267
1380.3421589009777
4758.259759225104
1996.296088756234
1052.797575231594
864.1797655683273
1206.6118778942591
1737.5475791010988
1653.903527966848
2772.3780855842983
4814.20955908448
4351.674825868883
3946.196468010767
1447.423863950785
2472.4873319629273
1578.2874723341138
2008.0941678171073
3096.5430467420547
1872.6968845007011
3202.5410117419306
3161.610751101685
2278.2942960131304
3696.2940113363393
273.4170155754717
2491.8207793902743
5375.335839484008
2859.828873123712
3267.336480796524
2155.2763294130787
3280.3721152830362
8220.485868125137
3579.31145726542
2906.493514728765
3563.2422953259056
7212.283856052743
3286.3991216073814
3123.195762307739
3144.328977599481
1955.5919586428436
2957.0038961691466
3170.8264192624233
2412.3652311989963
3050.903639827598
5021.087487678176
2027.143325174338
2556.4430915472626
1959.2596032095835
2519.92600677917
1688.8908738579191
1715.6920647857094
1748.3047862404142
3970.61952609484
1923.189713709513
1832.5817259250273
3537.3361449965323
2102.774100877698
1717.9239770737438
2663.0066387026727
2104.2086738063654
1297.5326995046132
1234.1236688875708
3197.1357063870555
8836.568480655322
4533.945193269071
4049.8301904197197
2351.8559411731394
5459.849672888377
5482.474865686954
2294.047688297464
3073.333450896868
4783.626466072292
4637.119496772183
2085.821467300104
4213.025861766476
5280.450094317193
6434.028969600129
627.3758733153488
1794.3651242378075
1145.493319664865
673.9521566938041
7943.849072773154
2626.7422157367223
3413.9548472071665
2259.325201520368
2085.8317899382923
962.837144111194
3375.284537484153
579.3500756402672
4174.765534938876
1881.8490154302235
1847.6262945718395
2468.5880547351226
1686.2214400332934
2529.2038910191636
4416.661447652851
1180.9166983219004
1206.7268594339446
865.5010140669015
1843.2633457938496
1790.364401546619
2059.1280307240054
2157.8203738532343
1574.5396453038466
2325.395513485082
2892.3363062195112
3164.2996089291373
22428.03583537043
2492.3090400657243
4319.093942441234
3161.8835556880754
4745.505293736555
2222.003514554482
2178.3866990222928
2191.58215532288
2200.9782663659926
2997.9385974549814
5437.086902966626
2327.9953808202245
3556.158609218196
1519.038351433504
1689.1793069134355
2045.8106806831188
4811.718133559922
5072.564657356106
1974.6026256715152
3855.1925861681016
410.06360250625147
4072.6872238125493
368.5905061781796
3842.8746649933337
2245.1792723765298
1631.5398841239971
4489.52926508437
5715.692592965763
1392.7561224478104
1347.1292174630319
1530.5449290155675
2216.541549824528
4879.241030161363
4656.9863792238
1095.777902638989
3401.1427235834
4021.7059446289686
1496.689497971112
1283.8486279973945
1164.5318216622748
717.710104910018
1581.7318508694605
2484.3783182749457
2716.148765645761
4603.855873850287
1218.922852847117
1369.2223249674064
688.4924002122656
3170.257534904259
2020.7373236461876
1854.0548158405466
2212.2848173263287
2128.77864756036
1863.0828739760966
2868.1221543942975
1964.5663341220084
570.6881024474059
3633.4803735675387
1109.5803422461518
679.3023479507486
3077.396295159277
3874.3278026838493
8630.201851542768
7419.531313298867
3187.363701580338
2403.491221012191
762.0445412260352
2144.3226485769337
1400.898228084576
1253.8186124134347
1071.9332874508766
2043.0007580839015
1132.1607118891186
885.4134290811445
425.190733942033
22774.00947394515
2847.8388835635983
4722.634656805773
2850.2333372142375
2458.0684081767913
1251.213321043499
3292.1580474274515
2675.258337495902
3584.023481094683
4052.586274373788
2905.8166978995464
4011.736145219567
1767.26364431236
2202.2091805636637
1446.0774297090877
2569.371558637964
2070.7570667618243
1057.7239388722635
1452.02313900335
2219.1949276494042
2198.3679277265614
2249.789405406663
648.6230150773234
1923.712602028898
1753.6719899483762
2059.4063041466834
1180.251459951367
1566.4370528086247
1635.8336479510856
1390.4808908085752
2044.1742021572416
1811.5446445774433
2937.903172397047
614.5161832253676
4368.258507584201
2640.8785262611536
2243.0748452382113
1749.0393902213837
801.5649694314366
1795.9310294838135
2828.545761450052
1475.9159728433465
1880.1017325228927
976.4350985471242
276.9597519819778
3453.062271227565
5044.34833135332
7012.414235932512
2255.950096059088
2606.6996605556164
425.190733942033
88.78718969120825
1547.6577695808483
1270.5615653686405
842.5393431696015
1972.6815419756215
2511.5225083847167
1609.24819698694
1946.5753259914582
1702.7152143724616
2465.520848002693
1738.1533275731413
980.243567902582
2163.7461271047296
1181.592344290316
2838.9115104676243
1455.302885620533
1846.4220533468874
2947.1107580730795
1018.0522493258899
854.9839334971743
1587.209634185973
2219.5385832669913
1250.1642051354213
4822.303687107798
3719.7697250432934
2654.139158191427
9118.40281051365
6179.093221332296
3879.258052184987
2653.601134688874
825.6532121464086
4456.918457040987
1359.3325832069854
4633.829045275505
2657.337702677571
2131.157458119213
2449.8993386307347
609.830007128622
636.3801141249734
569.0033156522957
1056.4369047167954
4139.3588001496455
636.3801141249734
813.2498585860748
944.3352792944125
1235.029075304839
907.6863207871344
1079.714135168931
547.2673046177832
636.3801141249734
907.6863207871344
4452.995937091058
4206.478709681721
1012.6391953718643
810.6153101161146
1736.4694839179979
1852.8023556294165
1965.688606086722
641.2556388401042
2948.1300513925707
1309.0441981162717
4030.023194388496
2079.7970758258593
4073.7224472510925
7115.02968269214
3461.8511182975626
2823.2031602535108
3016.6287488684625
3791.6820737221146
2269.45196564796
1275.9118844057932
2161.965400044291
3485.6285896012932
355.3760516333539
1934.153032067145
2514.8414738184283
1721.5960826564108
2346.536988773777
316.20837639101046
2481.618491336461
1402.6405655464823
1636.013379103702
4840.079100231825
1552.359959513039
1972.569207807655
1621.302310891166
1595.524975526225
926.188945501459
8703.748192821931
3797.1772986074648
2225.6714973178928
4503.488087665591
3232.5313273148863
2399.9623356559496
1466.4778487874978
2376.4896916767884
2426.591790219957
1958.127840192425
2562.339796338772
3031.857819079573
4314.622015290928
2717.4157108783374
966.7288418023786
1728.795295794434
1626.193819983082
4190.838843855659
6050.3587933496465
3309.8411665328804
3327.3138769844386
181.9453116840923
2278.0841946153955
1908.3586833302709
1901.0493691491827
6378.133630573503
1892.5888902414918
1641.3922265352585
1463.382155606892
5280.935744593608
1970.700323767106
1677.7438333909183
3980.556648625616
2232.3061652945375
2595.0075022555034
1920.2616948583402
5243.190962286926
2738.571698456446
982.689137294007
2125.1406822753843
1458.6285647350596
1967.0555541082367
2065.4290810060147
3089.812128948728
2919.232776294786
2038.8027426957876
181.9453116840923
2598.848391994148
1259.2886702414683
2852.6543844569374
762.0445412260352
2162.880414083291
700.3974444839046
2939.320202396328
2281.594226785336
1408.5205091048106
2132.9486078098466
1461.0114366712373
1954.4399758042189
1767.9609274740717
2658.6081731713393
1296.2637782036536
2773.551428614123
1875.709469520547
4727.435497993658
2444.1910297515915
2968.2045056473885
1863.6877008528313
1971.6657064129265
2948.0344190764945
2861.8240865997354
3575.2097147230093
1778.2590157542843
4693.551436613919
1302.8875562612473
3023.3706391533055
1667.368016407281
3340.6673921391066
4128.9378006287
3261.276343314532
3723.1947759156897
2054.6730273735384
2148.4363829214653
2126.0906872227056
1634.8339949791014
5509.244349222779
3114.7459721337073
3968.2690343371078
2066.5069834059573
1567.6986070717219
4840.889632611211
2870.854734987602
1690.6658998147432
1520.6057705363578
1627.7249935307793
2198.15343427479
1538.6288654105185
1509.98951673084
1413.467532664063
1212.687477945833
2403.03766532955
1271.150085953565
1464.234130192171
823.6415967477907
594.7161139094525
786.3253431963916
1308.3962781545513
2166.981785003884
1094.079354940796
4090.7475147914965
2069.5278195090877
1472.946546230032
901.5558509763644
786.6097879224968
3571.3638164776503
181.9453116840923
3362.933334913044
695.1328299457398
4150.370063054102
2814.6203900460278
1893.2029132147943
1454.244939115368
1247.7991918677867
2163.7854592245626
1321.6893839574363
980.9117824328616
1688.2296468298239
1219.7931703092017
1792.0389711886176
694.4144372072099
1059.3574412045405
1141.7023586394403
676.7225397223276
5613.3417047965195
4432.979427176516
1348.3205369015275
1252.923357941784
9122.063710429966
2999.796232093037
2059.610472420678
1871.8396131467505
5210.445477531803
2753.55100880634
2910.82010569586
3677.388466622628
841.1378708467674
780.995238547516
3947.2461519036497
1657.1826679600758
1449.2491951277282
1949.075535607123
1771.2684700924426
1360.5229446007593
3093.4891085159047
1791.5125486998425
2048.330415877234
3418.1386647022455
3578.411381462848
3239.5727807851404
4069.655719926982
1169.8842579342509
1149.4073527985163
1715.4470460765385
980.8266901747015
1453.4330919298343
1782.034730510654
1174.024645722644
1727.51718528614
1634.202560508441
1351.1033960065677
3209.920206360168
2232.9842306686614
4089.174528868861
3281.6362675032788
3545.301504759049
3438.3295864081315
1622.6922821935025
1239.0581019998433
657.1828313922467
499.5002185442161
1673.6493205500667
8300.684530420302
4714.383736133749
1894.0846048003887
3071.664080939271
1161.118819709793
2567.9305399601135
1675.6465017459232
3036.503169523354
2064.09155012768
3344.7551756071607
949.0821680016387
3719.4150259637454
3219.2352390281235
2747.797402107892
5499.351819680772
964.6265247104869
3027.0231093756256
2611.4165041027095
1240.0457740571917
769.999732506324
423.1985853277308
1247.9037794897183
403.0460928123943
518.1943317340434
2485.5527442637213
1854.176536101289
238.4560683651988
876.1511103626643
803.0084517090179
1038.7521929782938
431.0741998736271
2483.53401184487
2811.2948344887955
490.78927261793
438.8772047854965
143.9677266497854
360.13774328811684
920.8862082194568
874.8274103839129
786.178226471203
1736.349360471545
1503.6601323285597
158.24160756073445
497.0465013253455
1554.895417116401
687.5268825759131
2079.31246607312
3204.272942975425
4156.305091613094
3403.8270123783846
3325.2666116733767
3183.1627986744984
4010.3943943428385
3888.69130536843
5351.738736317127
1147.7145835114059
3656.7898953073664
4086.839237743449
4060.0044805371026
3883.6054240587114
4001.811803290124
433.4959822846771
350.17826987164295
2934.600632870963
2199.0298582751398
1883.6647134567609
2082.623032455229
1074.3462114405013
3392.215429449096
1062.3064707008475
2455.5765742671283
743.2667645287949
574.8875628289792
1083.3013043751932
845.9397315885712
648.4530706805817
1245.208886006765
1248.7777162597565
745.8410000530528
288.057747923778
3384.9487346095834
313.88572350354934
1831.9481937853054
1855.1930979429349
305.19870697581865
431.4054555532256
1329.7649790828236
1089.0106940093162
1693.7816872509466
1475.4693905827705
2402.002094080507
2786.468484409562
2355.046430051369
2021.7988915251672
unigram, add-0.8 smoothing, average word perplexity: 1935.222716364053