899.9646070520755
585.3557813741921
2286.8343012467776
980.2024782827395
4602.402389585577
453.7953030932893
1839.3098301209986
399.05213074531787
1559.810172649383
1187.225135464961
1009.5285383988399
678.5585765522296
2854.7382338936054
812.4409484103077
1434.139258227794
1474.4332543137625
2061.6434351692283
1182.9841346961682
1168.6195988099873
3924.7916624761106
4065.310968889843
1869.41688466827
4456.31998462332
2712.53432821665
3087.9722765322763
3246.75801274649
1179.257860021782
1133.4195274852734
2304.870541448276
5313.394808337809
3232.022441452359
392.74862637466964
692.624214562038
1138.5308523976812
957.7101306356667
823.9110968535418
1055.4004022000584
788.7397134446152
2899.074767894802
2170.8922059458823
2098.155290779033
1012.7864917765195
971.2150344024585
687.1990881082593
1543.6982148729628
838.1235402639415
524.5217791470911
982.0623128773365
808.8822285299176
893.5175962215338
539.4790547390933
951.8649152853102
1115.6939433458804
686.9218641208522
989.7746807484389
938.7252342212349
2437.1789987062666
1796.302256358615
2518.0100775249257
1817.818766327885
1277.3031394267505
1902.7791663626388
815.661216996145
2184.636205820291
1321.9366232235213
822.6109385003317
1632.7210234892163
1879.9621776421022
909.7316199045605
1646.2373500819037
1743.985554732679
1217.9656220733539
1654.3688222106896
614.5944435238476
740.6367206121943
1585.1413527277682
2173.74188292045
1676.2046895602284
3449.337195005566
2350.8417284856278
3073.0804639843213
1335.1381991494436
1637.7642078232382
1045.2506417764018
5696.368546632629
3102.4361811517088
2532.660861405233
2121.1318742127537
3506.8088924497956
2087.5455925313
4058.3588601641877
2377.309780559919
4206.690298385014
2139.60951256558
2868.234872642532
1580.770191338455
1577.940196643557
2596.924127577248
4293.017862493335
784.311261811201
3119.5343863844764
764.2802492106446
981.8966974702032
22792.745082188954
1615.7186752332777
3433.6187933130323
3714.0758791073017
2957.4451969379356
2074.605995640967
2569.5801902461626
2777.120605388162
1937.767354136516
1755.035695525499
2734.6571818236885
2471.189676869617
1357.9407569970401
87.89805537970494
4968.872266435558
773.6878472410868
1164.3343152093835
1846.0239980990884
2062.228221265615
1186.466958875013
780.2456687716243
4003.2835771192395
1803.3705301600166
2004.9123991610375
968.3508750261891
297.4412096093471
2144.724747216523
1617.075090607927
2098.33089087012
1621.7268724439236
2212.309360133625
2429.883360740802
2684.5752254462363
2537.385761617251
2098.8741836199415
1627.0838191678836
1178.7127553489258
1224.954043415849
214.10422838773917
1236.171445451643
2562.094634426137
2360.168259450472
2966.9000560328163
1539.8930232958724
2261.8695376778205
1811.9636366274622
1477.1656140926784
1206.5089098273618
4450.696126925827
2459.2068352750593
1949.918609664701
2372.088125809744
2840.4103750285008
1842.317597523382
2165.979605555211
1411.684719856966
698.4439477153636
2180.8249489578066
773.4079951051368
1964.4669423638845
3457.8807631026802
1486.2735212913583
1268.4125665450845
3896.6042423593412
2496.9573101665123
2195.2496133096843
4358.192206538246
908.8852967418039
1001.326685783373
5904.407102644459
4034.8820224638457
1323.6660227044445
2215.5527338591264
1276.2880297262768
1673.4179982063067
103.14874168773235
1119.824715014679
2423.814606657211
1577.972601581342
1656.7714430654144
820.5225056284571
5693.309635897925
2336.020905817699
3873.7589658208044
2795.2869824183267
2808.108594109155
1832.0528028006913
4562.8265357467
1303.7371850190373
6319.327624979944
8864.519960376438
4581.193612321959
3563.7805637323027
843.2300249323356
5125.499142802698
690.5895156287473
2965.2679089030175
2530.2925165760744
1143.4058042284735
1455.4527924272916
2108.726085015358
4273.343208612592
2526.4945143933724
1539.800907825113
2379.8001776203723
249.83649881622918
2084.1869653407957
1362.186125501067
2148.988964619957
1246.3943173648854
1228.2261327476551
6020.8862791946995
860.2970714848863
1381.7866033594037
1484.442073153841
931.551389888851
2662.405086769479
786.372461548278
8603.664215416133
12153.79296565987
3220.543859064954
5045.719796568219
3884.7939804829316
2363.7409636798916
1838.097927612697
1604.0871867890705
2160.426488119061
351.71310278171006
1457.033561397573
1655.3525794518994
1704.131566695769
1347.271763475142
1221.593837903279
3534.129127675596
1158.478195230894
1618.0311586187772
1236.6190530820713
1649.2766950918674
5928.072261909461
677.5812315621343
3372.700611829522
2083.0558316848214
2270.6898025476826
2637.2880662705825
1891.8681586458158
1751.0726451275405
3079.6068458765303
2281.428905314995
3499.616670784902
1380.1546533512528
1501.8178234546515
1837.6217986824013
3412.5082414327367
6047.8205026047835
2072.726648929414
1092.2449569537955
921.7980364044688
495.23134005354075
1447.6987957491797
739.4128781971264
6631.84873072781
3923.96767811464
526.6509026822517
1510.6028296579213
1463.847238802648
2033.8536407924146
2149.1947620776987
2789.1747251860534
680.0529344992393
5420.572420289447
852.5922910962871
344.55253755499035
1377.9090206179187
1266.1077899364586
984.7718300601482
1448.6521814180262
957.4469180640838
704.9137400042302
2369.4419873596494
1154.3112143300593
2487.0697306477173
2902.0956893964276
1704.88729106616
1624.2188578691319
1711.9351258607394
2181.58532637372
9060.492498382871
3015.9543457474515
3689.213848208205
2878.079735888343
3336.940961135948
929.5682050782547
180.173396814094
4796.7902838125365
2221.805586127659
4155.169790331614
3128.155944071695
3995.523068019527
2231.196428711883
1856.1799908224157
13587.630182608074
3108.6849446988476
1737.5705366145978
6069.948366116241
703.3906957314827
2155.964445272311
2676.641333614089
5019.891545392646
2181.1814937434865
2191.231965662347
988.4213918846194
759.5294210864687
1546.4540874461877
1125.631476785641
1920.8353533267361
1769.2984902894361
1556.2583259354155
1617.3631283390391
990.1682522961149
1369.3758487167727
1140.51186959258
2377.4609232446783
1165.1350939273036
1109.1403315392658
3355.1249298546168
2328.060722639355
457.51957493945406
1274.4174295586095
2919.6398515221445
1286.284068900925
1806.3030285897767
1974.8431632126387
3406.071590390765
4819.675033669027
1768.4695601987294
5597.122636333017
2194.7437228475696
7484.8128388508185
2126.404014852313
3251.562513239042
1521.0144365737424
5951.988924750438
3030.765713475482
9186.847669915813
676.6134112869548
2882.102215167673
6489.560701890366
5279.870365300828
4769.35660037207
2824.515574699192
2119.738805122052
3235.8802449236173
6018.880234664492
4511.857336548838
3094.95069817405
3261.713935267207
3772.298857807763
2710.654066780582
3841.190301192447
1718.6004319344675
1109.7120157911597
1179.671315560827
1484.1104829641813
1986.0418655245028
2300.8649418698224
1099.9972523790204
1160.797383566308
1270.196181579839
1565.8783644858343
1530.1204673587317
1816.6195351764554
3619.063600828584
2553.517238016743
1218.193093548059
1340.5023986639058
821.725094803024
1484.044773838166
1500.7558638264652
2213.86792208307
2758.2993425065783
503.346979537958
1701.5533431204537
6151.380460575369
2369.5979899346344
1354.4839174947615
1656.7071145119253
1239.929270649663
1646.535339063431
1710.4038468943693
1632.5237452323593
2928.390267354349
3007.1549846751614
2909.3148342695617
1502.9887043766973
2507.3653098498917
2177.660288371286
2492.304369253232
1182.9609271431766
2419.178072108775
4207.926165799845
1170.1295831942602
2439.0983948534194
1398.8102850160515
6625.424524390414
1951.234287549882
1929.256567611063
1199.3133217990985
2232.6473377382426
4213.544675489693
706.5079309235906
3822.3246645015142
288.3858710427094
2419.8735664470337
3124.285291001167
3010.8835835424948
2929.6487599720544
1255.1365739996452
1290.2158611214695
3671.297785003314
1182.094233777472
1502.581756860808
2173.5445091743213
2111.5082103828468
2286.7789608360627
2400.8312633885034
4733.207318460567
2328.225293230297
2685.8130959814566
1268.634674815527
2638.898175390128
448.4217930471412
5289.550900334576
1551.2595939173002
180.173396814094
3822.1560392330707
1418.7781107833875
1745.136695947309
1235.0767114527844
2702.180448276887
2523.548156145681
2898.962197138655
3262.8420331320094
5493.794062921753
2272.891917066223
2411.692245817525
2632.698340369833
2516.318975425846
1448.4364605365695
1593.7762031360687
1490.2971652016818
1783.2784323243197
2753.286625225518
1336.969843995007
1437.9528630488508
7887.5308827176805
2931.0836368060254
1817.4407657285346
1863.2010981140531
2454.3547172698463
1825.1953051054663
1301.685027307257
1036.6183378354979
1545.45544036359
1612.2174849673129
3600.728805216985
2083.9326538653486
2087.48170428179
1070.0645825785336
1268.831606540492
992.8878547266174
1004.6919002501297
745.1522774745304
1991.1024610061195
2737.018050670708
754.4948335565037
2182.382811531875
2370.48725786719
2177.1431293169835
10964.725720060822
6107.570656473736
2738.8353622730833
5672.0926385178545
2440.1796750393764
3606.1352196708917
2661.572585288071
1810.478795052958
1493.369296322841
2435.8952655730463
3862.8483465735712
2691.7990051624834
2993.0987463081347
3293.421956841145
4335.367981631223
2070.968089591754
902.0802693077193
2322.062023547661
2080.0861575094705
3315.1302818089275
3697.9200478441635
1903.202321107601
2764.7239291169044
3077.9949149705267
2731.346135175815
2343.8836278751687
1274.663277096904
1959.160437466606
1663.0859244368614
2350.3491718365694
3482.2428209641253
3750.782208678581
820.438297346933
2614.8231210012395
1721.4840774131887
3447.587873658046
2047.6477471864425
2187.999143057832
1519.5560880892479
1825.417966328164
3824.505454685228
3589.228415685277
4284.867671483388
3063.442573122189
1974.12428727277
608.4392688974884
431.1738865498205
2908.5679436256582
3576.4952496357573
5393.990679368453
3230.203943046817
2418.513287185697
2279.937068806371
3014.6753196309264
1317.8327037878025
1742.3805782569152
2605.128143565249
3354.8156896469854
2225.289673376082
7039.4421095715015
2391.986552515149
2203.0435236932212
1750.981185704617
812.0642723347282
2126.34035349233
608.0841803388698
2151.565953692806
2207.088131894453
1588.0066025836015
1132.372882653381
2014.942660409644
1108.9780818776323
1299.580319618163
1627.5811684512057
998.6960670867625
2552.3008097687652
2013.1370512546505
3663.751935847898
4272.376167664148
1874.4028905357716
4225.042031345321
3043.4170194951694
1682.3784087876659
1625.3310005492485
3938.924909877583
653.6372931677831
1880.6698957162585
2746.1226600421546
3442.776968012179
1659.008914946098
1391.9172834853218
1604.1397245681098
1521.0881501987412
2643.4553077245505
2305.157019484825
3634.965295798853
2453.017076192662
1345.7824691399617
3142.4268661078845
3272.8576433730564
1245.5602447947324
1471.9451657997092
1558.6587554173307
1954.2001534239673
1062.9659604567266
2574.7153706600952
1231.6670777514369
1491.2528264074485
1969.1800989286978
1180.437425161709
3157.168040154385
2607.0699859358215
1404.9048080282423
1828.9520857410794
2363.9272934113555
4929.9605866058
3014.302802277437
6129.4500629278355
1454.495110163642
1814.7775148027447
1303.482224207368
1605.9138732528188
2244.913944162376
3893.2443232071473
1460.6014382718872
1146.6946983663013
292.78572122565123
1455.11534213419
1081.3230924218606
1696.725266837639
1088.888512205808
1047.9943660314243
920.215018360981
1238.919107892717
869.9732848422954
1360.1549854952998
1306.701778381596
1241.2383099190947
569.5095577384012
2095.05012127477
1281.255361845306
744.8174767255896
1555.9886640714947
1126.2663156416866
3318.324974312008
1471.0630173495686
1267.6034695050519
1564.5082130905685
1611.4253087642498
1234.5697962128347
1398.974565824622
1559.110285455684
2100.9146215131445
1261.3255454499044
1017.6193307815196
1472.1906136051439
656.5626916961604
2269.169774171809
533.6081916816847
869.2122727859706
1613.28370410843
1455.357800361669
1229.2881416095968
1316.9761037303424
1278.8643718559756
2215.668798275712
934.2869369851218
908.8742138584325
1759.180098454433
1362.630832160669
1132.4180086347255
1027.2206882489215
903.0263798846628
1700.2976409899807
739.1464498414199
1511.725367594784
833.2693374467702
8121.8867799240425
3336.0542483910735
3663.72666837227
4338.025245820069
5342.728315788248
3771.0690280708695
4036.723496603274
1348.7493214660583
3219.166312734948
3365.0974566931354
3711.906726207031
6609.597217542108
3742.046534109984
2847.4185690061363
2574.7033977739807
5550.960698319304
3838.219649346922
3469.177845149211
2538.430958244404
2722.2278980811593
1524.0799112774873
1659.6032561358695
87.89805537970494
2877.149310511262
11177.79607473561
1422.1022129703065
1362.3304744482796
1875.0793497831328
1844.0532027423922
1863.3794162301424
1789.8685680178019
5927.623293761262
4052.0250911862004
1480.0398591517019
5857.769686449769
4151.868585115423
5344.005336904168
3270.9298584077474
4376.728472660182
2084.8161330307844
2510.918900655399
1570.6376958995065
1597.4827574153653
4460.09539562478
3985.184007582077
1945.6208914947301
2675.353355148867
3292.4049863246883
4726.35969483199
1305.3397262224307
6825.915832687651
510.6226299415328
2029.023796461925
3425.499050260444
2823.287647935212
3157.8477670035873
3032.025440054258
6317.664966337075
2698.04180773048
3495.6643014297365
2737.5086191734267
2076.3912089848723
87.89805537970494
839.0507494849812
2627.441268244187
3172.5915478939473
4043.1393251603085
2608.437102193986
2125.508324305841
2720.7475962230715
1119.6171721950886
4796.325708260344
1269.6360583620876
5602.398562772201
1590.0610048708397
1890.1124005083261
1623.9858974169003
415.4363271192908
398.9749915064259
1401.9543605880533
3232.7727118003386
657.2339404982735
763.7449100924799
2304.870541448276
900.9612985778144
1598.3396175132793
1173.3432557388362
1484.3384178622566
2037.2644202845047
1710.9608826300746
1697.6565054924347
1209.3908954273297
1768.2568859438234
2711.520727239355
1732.131802449537
1648.3793226319078
2602.960280307984
3312.3212525381273
2115.344587571686
1912.968790028233
2126.6326802098574
1981.1884628395103
1892.56076482763
2477.1287835846288
2705.0558101902
1535.94653161278
1460.2914923993228
1530.1359066517127
1230.1959907814216
499.43725352944773
2275.4613467252943
1366.0155923730479
1569.894943792769
2285.4108421467786
784.1281205459177
1349.816699493219
87.89805537970494
2687.1891037638125
1676.6876337680005
3414.0606369366637
2731.346434122319
1785.3296547903972
3280.7572443641234
3798.4122119390818
1756.7560387736162
190.87428575075947
1654.5393265316075
1805.4188805162605
647.069169460751
1449.323486349589
1504.9678028318933
1784.409419528399
1948.9202559383043
3134.6644911512817
2477.0159482019762
2788.752914301754
14913.85024827995
8758.638830198008
2225.540611231174
2002.6066179076263
2225.540611231174
2002.6066179076263
9141.754219990891
8599.565105021158
2476.090375778463
6999.056822081312
5325.183181882895
6198.018183859218
7023.224980990493
1389.7388990478203
7015.778945494099
2738.56740538419
1733.6833241691086
4159.362219261057
3698.7724226056075
2055.715301308579
2007.4034176943364
2058.3161779118195
4599.339060281878
1712.7317110956965
2197.6006202709937
4436.4849236809605
1515.5904589966574
631.0052461578372
1552.2214381789067
1518.8310594613513
2924.7344366615357
1174.5831357793643
1494.0172226424738
422.1768106263709
1326.5473530443955
1657.757692514168
1472.7989795805856
902.4463627667108
1672.1884009740088
1985.0117518145762
510.6226299415328
3025.3724052837483
2203.976539490492
1800.6154294528405
1643.1923610030474
1751.2746654444616
1910.5193812252926
1610.3191907621976
624.9380431857222
2429.299683521522
1635.0062026903129
2023.2921179019131
5673.75375321989
3678.544373355752
4717.474985373378
2374.5544408791
4722.183925812451
3852.629888799483
8707.586700540754
10471.855438182512
1014.1395931427684
681.1408615739508
2024.3372095688792
2069.901052411183
2104.899329680827
2867.39156455754
3740.0244620158874
613.0897819140645
886.939646771118
2742.525020013369
5968.089168660689
5487.058354791516
7056.361449511851
2714.1873254242655
327.98486390563977
4782.902868527514
4461.963304171733
3213.7066344944906
2370.1665561470395
2233.6079760261805
2309.5986120575158
2562.1685339949254
2041.7165423262009
3377.949376109257
3249.422536091366
2512.0893560885434
3475.456759739401
1417.6905743134923
2258.4288643558584
1444.9055080547118
2913.626288105984
4100.404591341739
1060.7392138711443
3409.087640102955
3032.1385668665016
15698.968285691974
1789.3597601725678
2678.5962660197647
632.3666100780904
1955.8412287519589
3053.8669698472236
954.9110056947932
3019.5913246897867
1226.6701184687388
2902.761095666854
4069.860191977497
1322.1051636674533
87.89805537970494
5114.822038601452
2220.5774063545364
5097.999733276357
4158.506964221892
2207.8848734009257
3140.1188650503263
3203.944214865761
3936.8134784488248
2444.2479219042443
2743.8456825335747
1421.6743414553614
1806.856655058245
6065.217483615711
1030.0219523877654
1324.5258305629022
1332.0223321763306
1416.535121364044
180.173396814094
874.0260205724234
1197.7020704350134
2186.444497405748
7779.823975638241
5298.568378396745
11287.983768011922
3709.7782646996016
557.1872813938661
932.9658432331418
1141.822621130977
832.5981706095235
1508.5310747054693
1136.7972743198889
1115.3033886143298
1668.0186996950408
1871.0717757692216
1691.2701904636192
1477.2610438287925
1795.4976076287212
1366.3984574069705
936.4041700899622
1463.1045550858373
641.8840175936897
740.5749586486282
1190.9054919051564
1158.3720114384578
437.52595280646653
1416.4269585133031
1358.194663165216
1880.7975983098977
1936.7343625766337
1833.4271161754489
1178.7437244313883
2577.7303214592607
2330.8227240147935
1608.8292288031655
1820.542961727158
1009.2467014207126
429.6173248250127
660.2642713266067
652.0363046929646
659.109988668188
1352.429676876406
2566.667621510359
1139.400592749835
5230.856646520565
1418.412685158316
1406.8639957633766
1955.016233494511
1371.0112728792585
2103.4217867351304
3163.104601334844
2792.005235283789
1569.8099770024312
3510.0369268092877
1844.6725754770748
1420.2027021851377
2717.0869539362775
3237.760085630438
1699.1436684972778
1322.3978834598704
1288.2711679815845
7596.56427758757
608.0841803388698
3900.763813021947
3291.4145834138803
3627.6929271128506
4564.095076729625
2269.3817926144566
1976.101121724175
2052.496867828786
1504.941972550177
1432.8272932477248
2588.068710125414
813.1376802750591
1779.1255576288563
667.6372433868099
1187.6973815447213
1339.2102359377532
1510.6028296579213
2568.8597419237663
1390.2795322929353
5395.02948820529
2656.303804576208
1617.0772667123995
2489.2377858135023
1921.1579594544025
4679.434899847006
3610.225302551225
2766.6123703202456
749.0273344732843
3043.406351933261
1536.4374541090606
1114.0455881571213
1157.8992254525708
1496.7728032262576
1836.6272357648174
2264.729023127868
2495.8746849241547
7408.71207605591
3842.3176907368697
2877.881681046651
2515.1736297448733
2074.28218243185
1681.7824003294684
2348.000953519783
2210.523751473292
2698.546886757247
8231.174796217381
2483.7490079973745
1577.9513057833537
4011.5480904361307
4472.250733973324
2890.44494046681
3990.067301163955
2383.571760524921
856.0137679646625
1456.3484774636088
2355.282185240402
2126.012771055919
4040.1106943193213
2357.548404847206
2722.894581886388
1521.6334663874902
1025.9418561304085
1288.3983643695112
1407.5414297100733
1181.6765739962966
1148.5702633383075
2975.9667305385656
1753.2403307365705
3841.933840915192
2682.450183815897
1532.9864512882223
3945.0980094589563
257.4050248864616
4665.821422006358
4812.62406310303
1604.725849678044
1736.5485110586235
1875.1640181459552
1729.2576991744509
3344.5346963577913
1888.808946142872
1020.2276646598099
1047.6805926271875
2367.2715816941313
995.9525336118658
3395.285127838279
1717.0484804023952
571.0879135534356
2309.3486886250757
580.0822024117915
1641.7574013094395
1020.4388843299048
876.935399975088
1029.8151866556318
1132.708123764899
997.4056039504801
1019.2333480792448
2242.8680116485884
3230.919276437491
1937.5281248319766
3740.8661022684946
3282.748454582147
2514.536792943092
2971.033916332519
1704.4361384061688
1514.7562228893557
1761.4065032568903
2194.3662968525146
1804.8261068511156
3134.4615729716165
2165.7234924749514
3423.332290233669
180.173396814094
2766.644896875854
1744.461350256518
3583.612820932778
7729.063217923554
2400.661000119338
2081.6358824754884
4900.195373761395
2684.255349769497
2071.431020906172
2807.1205716712066
4537.315767411179
3027.7700827593044
1954.2836392227944
2869.6817972939725
3680.5231448522773
1706.1328743354513
1839.2444069841415
1276.9360547543545
1161.32392669226
953.009699151282
1307.3517530052402
3390.952855908189
4907.151914057804
2806.053428092545
5040.843264002718
2073.962913817682
3041.8860875402215
1372.4135948147216
3964.2746591795267
2504.5225187594324
2986.170894715658
5180.270146185459
752.3539863428692
2215.1155358882556
2381.383154983268
1936.1655231967154
1593.688662807161
2058.42142282922
3466.528304327237
1726.2829165357198
956.7836455697601
1038.6761645090855
1605.8166825785422
1156.16367522295
1620.992198864138
4299.627977021064
6157.033306594868
3666.2305707652736
5176.952488884202
2988.818534003954
5356.212435368516
1755.4998341684009
2748.1241263744046
754.4948335565037
2009.860057882326
2245.804281708617
1914.7804380906423
5148.100384872993
4301.442039607394
3180.7553014409195
3708.0508399405494
588.230627391582
1743.9518353962949
836.8948488028017
1291.0578478877999
2277.856497139958
1047.692699682101
3291.1079791772513
770.3286383332647
2630.270012075002
3628.2686581751923
1935.2736917437978
1396.2620811234012
1899.3291049807972
3504.9947050938313
2704.1040278635423
2307.7439432711085
950.3151264122474
752.3542238176364
3138.6019877964864
19785.655804951235
2983.353745499901
2235.2830550471117
931.0947290968737
941.2307985131699
1021.4160607910367
2388.0281224246064
1850.9593899750066
2643.854862881474
708.3774701096087
648.2848718219605
1840.9478018377579
1291.2448839342674
6533.274814285381
1574.8392635113278
2697.232962675247
1089.6027106347249
1717.2378003449041
1598.5958180519106
1432.8841086254793
1254.6814228291619
2880.014089718353
2318.51317867461
2657.357098702703
3163.428189924244
6944.798189930209
7831.149157305929
5011.488764385089
1988.3160204337787
2552.109986831709
6041.634286863424
1067.39730823832
1958.2673606767257
3548.107589664079
2727.0663526963813
3297.6091335458136
2884.3430430838525
2280.808818462812
3281.530005276521
710.4860575103376
1349.4234932151667
2172.329917672874
698.4088458464163
1800.0427380363321
1023.8169898614249
3155.057340555472
1665.3520287402991
2241.0526096954122
1929.235420092995
1397.270466568687
2607.9662261241097
573.5409322797248
3459.5663525436416
2308.4315759795427
2778.0584632523996
1018.071938565484
715.7845926995501
3326.81584851453
2103.483719691629
2627.0929874090234
1430.884238803752
1143.3756398302194
1580.927688997498
7216.506592629452
4261.243033551642
2597.8900403953826
6719.914819975423
2255.469023503225
2713.799705893178
465.11029265994773
1956.205862633392
1190.7725852315978
1064.4716030998356
2058.926720366877
1947.5761184941293
3558.8328237981427
2463.297495056114
908.5871565935867
1362.141384054092
1193.2458116416092
1755.101356096993
6337.468554416185
3173.739752756807
2372.2198640978468
1496.1556411653037
2201.627643550809
2061.11279385445
1988.2689265932615
1158.225915804648
1562.3455131272472
4629.233575693798
2424.5646772500663
2386.364635822145
2013.4161673359704
3511.288070716907
1235.2104909736004
1241.9208913452385
3423.3659487144346
2311.104438061989
1699.1668558301892
1908.6341737723117
1704.1469122150788
2441.109590779381
6928.795852222066
2242.419761504666
923.9800279053711
504.6908558839512
927.38964788062
699.8076181396781
2462.8566827681493
950.5800361212545
2265.2492180376444
8667.788841881225
5528.547875488151
1253.6013071766029
1780.6887203820008
2053.2664545862135
1598.7479985537677
989.0491358865438
1562.5224952444125
2090.6580689865
4082.387868871945
1808.4871890716806
2142.8817598188057
3575.3453695669905
1566.2349365676732
1859.5155616838686
2288.634616580281
1180.2654565491107
1519.1530677138355
1939.551692314731
1489.8837730750524
1300.0012710067099
1041.060148112754
672.1787923553715
2064.1439938650315
1896.3936590869375
673.6706363131317
1310.5027027651397
3906.5798353193145
4380.808233254126
2417.7818907616675
2199.7317936093605
5897.760466476947
2461.9465981062276
1548.9940723127706
1593.5325174435338
3412.675498646969
2983.9471483622615
1775.258880607323
1910.5978452611605
1288.7052682031951
2644.3285346880716
2119.573234994444
1283.1061527980548
1109.832318547998
1192.9963989590226
1940.1629744586583
764.463580483396
908.645261450489
1795.5498952208623
2789.976377418383
3200.4166652630447
1827.5556225894181
519.4948723438728
997.2816987791903
925.9540429398098
1152.2113913778187
1387.0554744323674
1672.57931804973
1201.6001852711568
180.173396814094
4092.750906749025
2538.0393319672016
3893.6927479728074
1516.0679168095594
2136.274405941417
1057.717080542881
2701.571207185499
1602.0464154396602
1169.7422627123617
1679.258612219601
2657.894004650695
3554.4150696620018
2078.1968598137264
3389.577766993024
2915.8237080732792
1636.3873155052518
2125.668012927575
7665.779430932846
2430.856193586286
3346.1095511389435
2563.617269395236
1968.2795452952253
1450.1894719174957
2783.1618335793273
950.441026653569
5952.243067536066
3898.06704429523
5949.109829907477
4162.7345266594675
1676.6341020590044
2487.5691332303336
2345.86372165306
3242.8350694757337
1428.4725672461886
1111.8071406735878
887.6581494853481
6096.546325726555
2345.284363362991
2031.3674464901303
2236.437372106643
3316.1855049515066
4201.434029286175
2326.5157844738937
3114.818154944316
3525.4181383709697
4368.553807984125
4796.4571661525315
2543.179346808565
1054.8568794947582
2421.278636205798
3401.065522535441
937.8834922931655
1493.839862112498
4380.634434830646
2574.6978616063643
2740.5996725971054
5119.736071271721
1924.483542418954
984.7740004789935
3654.38019048502
556.6948764106626
3806.951804581409
4006.797591389877
4283.399058868185
3884.97152363619
2310.1649749442777
2119.736698374842
3505.8594129245157
2645.3621379812985
2065.5308093418985
6577.818100269211
2348.5784042812347
1960.42591753904
2215.8580526247797
1460.976377407643
625.0819443232289
1519.7417623664157
1524.9531125730207
2271.19507110756
2705.03688327963
43.33555443332995
3498.837796356277
2076.139081347185
1405.386889391037
3336.2610625050343
3453.410439899001
3324.549476846981
64.90229215429702
2396.4579569351217
3515.272603766058
2008.6221818608633
1638.4818437688114
1472.9596985745172
49.32743935470324
1763.3944183553585
2201.075113131049
1694.1980557787297
2753.5986215466287
2073.193246383964
1582.9484450017007
3355.869223037115
395.6340153312118
3438.0583711562754
3882.758280676681
1400.1583981223307
1683.1189697652949
1480.5240557143768
3396.0127891222946
1318.9007226966282
2671.043407976484
4028.4607294283114
2056.61439781342
3580.044837958227
3591.537288565292
2067.9680302760025
87.89805537970494
2692.953192040201
756.1260361307772
4397.800712419273
624.8159775180194
1434.3298495682761
1301.039189959967
1481.6143935496048
1413.3255052255554
1625.6890054825035
778.5112738841027
1053.8691476117247
1129.302669999492
1267.303910529045
2085.6080497497232
856.6043328753773
1355.0390089710324
2350.7477134446435
1147.9989600383662
1475.6628334494164
5035.612059761976
2189.320014431506
2486.9160809362947
3616.533121469632
1628.1247484472974
3852.841947222761
2759.482745492914
1876.5020250585767
1183.0359939348348
747.5751040234748
799.6376920024087
1195.9373907444078
801.4911073284185
1000.7946410899879
691.0685735772104
1716.7719416401237
1665.5234355931098
1432.2154479913822
87.89805537970494
970.2256810305607
1751.801280358187
1144.072691899272
2557.4122606372994
655.3697459363034
914.7452577865947
2371.867326437789
801.616502551276
2173.97713817021
2984.89028699362
691.6048086986093
1542.8697442083026
1748.5045229056143
1142.342148497313
368.7594722468329
567.1243225769973
931.343787292029
1105.8650688882542
969.480145648014
838.7976058702626
882.6398865809725
881.5014583444178
907.0386069156052
539.8164057754791
689.6061412341985
623.0310465438075
631.9052126323685
926.1373154726606
1167.72981357362
1307.5716296347782
546.8872248200651
1100.9028111680918
655.1038362396187
576.925017068934
991.6758997281078
869.3477840812692
745.732228812852
906.1594097912204
767.5516417111075
1176.2153321032815
707.7226226621317
1635.5856219266143
492.3264849701292
1485.5723602798416
2224.874880803628
638.4660170065843
881.6577434950499
1088.038504664597
900.5521938286101
1814.9690709700665
213.1975524990585
665.0393843226901
1287.1428180297307
1279.865729455013
393.78272441013115
1008.074590442377
907.0812018849564
820.9012087431981
1011.0840721258526
925.1470319628432
910.5686522203124
1047.2916346395111
640.038307843046
660.0794979613534
1466.1637433477033
2242.3181767892556
832.2100522940264
536.9625675373404
1441.1094277808213
1804.2262315287685
1239.416584075175
2206.9116956893777
1813.4438651878622
2376.3479302003343
841.6963341409682
1600.9513880986233
813.8173368155702
1007.2958768987095
1291.1223151343056
1564.7574126931934
1409.783218641968
763.3618612445702
793.8512717001139
1047.5898883666198
6003.443913493889
9186.036537458454
4029.1872223332443
1986.6434193818693
3991.5384385686602
3233.1263012532745
566.6801790919056
3139.163187171866
5227.400574524732
1774.8866178154876
1585.819816900899
1360.5303084740576
1752.474374660249
3128.0832729680747
4091.868013199014
6591.749768557342
2018.3264906468864
3352.9947751694904
3837.12288759313
1714.7293570804952
4534.773381393502
2030.6699880277092
2015.193816059022
1413.8799835430755
1337.9074720966362
2555.648650158948
2233.9037955937347
1579.7013216817636
4698.267327710745
1504.1713157243375
2062.8717064019306
1326.9803756902445
1985.5785365998452
2933.103754630304
2175.9509827056613
1532.5769259625968
2195.702468798457
1291.4982659964703
3437.9686268350097
1654.8866471975268
2326.2422471778964
420.5293502175722
1739.153490964959
1008.4327625869533
3735.5695143808375
1416.9904051079052
1030.5773298385523
809.3112974511712
1289.0056711019456
1285.267025925334
838.934292627623
2453.4346599912515
1042.0967026616036
2061.1828757794574
1578.3027301721054
1160.7008677640326
1637.3328717283298
2243.499177711091
2098.967458279114
1898.5076911057786
3696.61006234499
2406.987178269856
2541.943687735299
3628.4327685500552
2240.1397394446494
2325.0854872661116
2297.4408948358373
2204.0806789571448
1896.7369033921127
1619.3387587009408
1164.2699696234943
1893.7832337567029
732.0743184342364
2202.2320982849624
1762.101339616835
1910.988681219735
1669.5168278914073
1936.089239298808
3047.5666216129425
658.6603646103529
2194.6307105844453
431.5202800155306
2937.6313322230794
2583.4893884073736
245.50801210777917
1544.5658534998292
446.82811973927363
1851.361859723155
2357.6828929368635
1897.2435043380415
1096.2737044963644
3306.2622959120235
2050.41434929353
1998.3917091487322
501.51839401074386
900.6928905015245
1536.5095321651477
943.517042007679
1523.0789886161638
1728.6578426771232
1815.9215939473263
1535.3193768002666
1924.9552331258126
1613.6889004650445
4452.1267970673
1616.5388504238383
2733.0397875174112
503.9349165235689
1692.0809629625164
2896.7478144862416
2660.9522821799897
2115.3621012807457
3635.0425678914885
2079.4266138892235
3119.532209685811
2327.628338372553
1595.637418146073
2320.450218953628
2256.577625052268
3025.396467977765
3219.723505768391
3388.587435851377
2349.59029017862
2223.188200762519
4786.823325659272
4653.196013665981
3826.74284422126
3139.447370244256
3005.0515708426574
1699.2312524752608
1461.4145886698136
2303.576643227088
1037.7607978878705
1180.437425161709
1413.1206153990672
1379.7854834052264
1832.5104341815477
1402.5100667362071
1096.7741596120352
1026.7740176957404
828.7517294107219
1043.669884852361
588.3462630838186
2257.354121319577
2727.962715113788
1695.6794451424182
87.89805537970494
1226.0451365564775
1180.437425161709
649.7355603573602
166.73629057671337
446.93064585244895
1381.8258086811875
274.78569231923854
1422.0406128590603
1058.6767225252422
885.4195605612427
836.1423920848781
1039.906827147206
846.9020992435535
698.9882270209021
213.49739231291113
2163.083081260388
4139.83862206599
2535.8273103790907
3581.3433706826304
3692.281672777627
3091.432583791214
1616.767695637858
2041.6760034017746
2289.9382442806213
2511.653094735107
1568.5847436345143
2692.3430489723205
3073.960388450262
631.7236776577921
3272.805892488186
2009.8985722440157
2480.7345658287722
1092.5158846060588
8519.18889236592
1862.5932706187095
2858.9463664408395
2519.110970021909
2028.0857600125585
1503.5841539557289
2634.4633018109744
754.4948335565037
2002.2093245047788
180.173396814094
1977.0997593378763
1825.6737445876213
1023.6088075996894
1810.2333610558896
1211.2682589948786
1625.9077997743168
1155.0051338249891
1134.8815888677661
1529.7885548543488
1394.073709953121
1497.8371750259428
1508.8054402080818
1409.0038293784423
926.1912279532025
978.1356630355575
1178.8654352162464
1429.409912300681
2157.6838353293256
5129.658987351904
4460.717751788436
3054.06859283913
1140.6179398738311
1777.6078410639973
1113.3740146790576
1232.0748117927794
3106.1838997477394
4067.7794461941476
3556.0960623131336
2795.106104258049
1977.0454211032356
1666.8289564490267
1255.6667786311027
2252.3126094299078
2010.4971810154282
847.8116866704579
694.2787679488781
6090.28953389103
2732.8761184727227
3496.671175545865
1642.918614011007
4304.8775984881695
2526.481370126574
2262.7530000156653
999.5531575968413
1929.9563737232806
2175.889463146324
4271.426995053929
4586.683206772669
1963.9647756084487
1224.636109768685
1524.3514824371596
2178.9308329941746
1290.042699265277
2460.9412833021524
2106.7322431617727
1303.974532112076
1235.36931319679
4692.052319798644
916.8377806780063
1198.8140350896724
3371.1690893268446
1679.947916092803
2043.4864096147153
2020.2578625843353
2148.9699737108544
1781.9804572632495
1672.5204955131578
87.89805537970494
1621.7278239170582
2340.0838918600216
3672.463620905013
2853.584197013848
2944.252776756389
2230.6115658211934
2034.594174151086
1596.1343510671043
1001.2047021059877
1170.480941732009
2887.632301720717
1518.9540212473105
1381.4286172949187
889.0424381942197
2235.8284493687406
766.1964558276113
1641.2752167112305
2458.1321648871017
889.8175561260153
2577.7937806847985
787.0309222255194
2189.4948218103436
1884.5406806754056
3838.7437886192065
1572.3201196783893
3447.7601952937457
1625.5149930506216
2178.7872773546214
1350.1345064838908
1080.248662498489
1340.4425869935667
1251.6182795182149
3616.7153680096603
5149.654114659891
3132.9430917420414
3463.8011087397504
772.3787571155393
4782.963045857501
5466.630549837915
2232.0068868594094
1812.0291005849251
1848.9289595600108
2314.629317207899
2863.927621651533
1585.6027024902578
5031.058833352938
2852.494736235172
1526.8459188283564
1754.6249553065065
2789.1574563644103
2440.969433161834
1300.7651578049529
1875.9536706436006
1793.572017286258
857.5082446309327
1711.7498683498588
4222.177233402748
2236.3261604287345
3911.1273579488297
898.1241105572592
3526.916423284096
3605.3859657147245
2659.0046854838715
10082.37994727141
2501.2635404227285
1613.7986491647425
1393.531772842269
2941.9916399954736
1589.0190215405903
1347.5584473288245
1119.8007637945177
1188.691650741559
180.173396814094
1667.7718663515632
804.6348228862994
2974.8632404399505
2275.6768828363984
1382.998114521827
1570.3284998758688
1160.127046879613
2591.124831638568
2462.899959436864
2716.435435405546
1900.7924515839059
1455.5456545874526
2881.8241356170934
1109.2877120605583
2456.6953640652328
87.89805537970494
2779.5964786212653
2436.678539867786
2327.7817692765625
2050.136731129207
3260.626742246497
3562.4329216625274
2971.4248837428104
8238.397851653312
1171.3964310938225
2384.2470151579205
4168.811654780943
3098.181170819303
1638.5156567531299
2644.3783129768817
2602.3933406602428
5214.7978097601645
3124.342877693863
2138.234588957183
1964.8996916941514
2643.9011779821144
3066.87014383991
2517.3440344678525
2229.154415881912
1321.409610513422
1013.3629949617721
2550.1388419016034
2682.4322548260557
2581.056815820127
2133.264748456066
3970.4942823565693
3058.1014701638665
3349.772380941124
3588.7525052019014
1736.370697859409
2898.1047602365156
87.89805537970494
2719.48825346276
978.573789767715
3565.7016773984437
4551.769724440986
1776.3255042540864
1973.3775946937697
5037.68356874381
2271.2199421455525
4200.63809357703
3827.6232995025866
1182.7380494008135
4140.672253261514
1201.8270277344707
2687.2577044284244
2750.870243852193
1926.7348155001555
2009.49518838431
1959.4044207979402
2183.595107857363
2020.9276847765216
1692.1630702380764
2020.9121708995144
2118.4521933401293
5540.075081389457
1790.2587318745182
1588.7278070837842
1642.7283005109912
6688.139448270535
2562.3434291916233
1222.4012061515232
1559.3696440620977
1047.1656278197822
1675.1540482356197
1167.5033562887184
2438.62200214208
754.4948335565037
2190.067450015566
1820.6001610562191
3401.489759319718
2482.1504904567905
2175.5747169414126
4006.03878455183
1107.4187602875081
4354.218342412639
3513.6142521428355
1797.13779492193
4183.811938429218
1946.9623899583946
2321.6717908522805
3747.905776171095
3631.711210256888
1960.947687577651
10715.023814675156
3604.854229631466
2813.1022122068753
3298.2863213421288
808.6610043349004
2196.301151520448
3519.778755798995
1139.5201136278242
3086.545748645131
1419.2971544525424
2579.8345209346758
7419.104891691255
5011.189585119816
6206.145562274599
1531.1495854460377
1253.9777959158482
2516.710318830562
1082.2135230958195
1219.8583273844265
2270.814096386751
2081.149266742224
3101.9877939807584
2178.093195596061
1294.0753193521812
1649.96461925859
1478.9162902363823
1035.739150567942
1118.9178330778582
745.396160047851
1550.247992328561
1989.0592996314508
1279.9429874190823
1694.651984660045
1694.194979442574
2029.293286052267
2764.6944738876905
703.0398494542111
1641.6766343721974
1564.4244329197431
2055.5327042924046
1029.0880731481298
1188.0350258036406
7963.062341361155
2030.8789978747495
2704.1943588405584
1730.9889840360092
1324.6148729385925
841.2287119079787
1671.2276215030413
1566.7558800996414
2293.65261288369
489.15891137907664
1567.350583944235
1822.4221674660778
3385.516131891633
1337.437493343349
3451.9881721215456
1625.2398948446219
1649.376233576761
2974.031364269488
2039.774998855332
968.831228598318
2250.5550022825264
2050.1791708282462
731.0071084307297
977.2497629420776
1049.5663995092034
5990.236716653954
5073.651763559293
1881.0064686072094
5606.937576497676
2613.592380358171
3071.625792348427
1240.5527996642033
1231.244301991592
868.5666944562904
1736.1685969084497
1421.5489874137554
4874.375296506811
1999.8056986089248
1038.5235266119196
859.6241389066388
1193.994420793836
1739.759565273109
1655.7099021843417
2786.165134452943
4985.526094439253
4567.346544143235
3919.5466105779824
1468.676808431352
2505.2330123080715
1591.0899395712247
2022.0012577707248
3088.8760156254857
1865.9961119997492
3298.3885186952116
3204.1330940419143
2364.882987033126
3931.2044421192436
271.0302012668706
2518.8311688342496
5544.963185851904
2970.1423094845277
3425.365302213656
2177.8706624062975
3451.4595728705544
8980.679740737456
3714.1357226630266
2976.743045560492
3780.1733560471735
7976.349369334829
3446.3977046543337
3163.706205593918
3190.5237010702035
2008.1397010803184
3088.208033023781
3283.9801079580025
2486.724095193957
3146.5319186363686
5277.79122568907
2028.2342837277906
2597.593969217033
1961.3810404751064
2560.634209771541
1678.666337579264
1779.159912884948
1750.6233141972596
3973.573461485429
1923.791219017097
1831.5864322021207
3658.625669754566
2130.8926282910184
1726.689327850694
2695.7811263718654
2151.414807536263
1297.8883720016363
1227.0387574000301
3262.1717725162844
9130.838454592842
4624.963279361567
4267.896813026546
2337.607460241774
5627.729770114437
5854.7572365910355
2325.604575717175
3222.6731042207266
4842.763893403654
4816.40813087892
2078.51270054846
4341.730487806304
5584.801961105337
6755.087041247498
627.9113562045583
1793.8214353105952
1147.4863713254174
672.6282808266963
8360.568940408515
2646.9734902168625
3453.980541980401
2319.439480449269
2107.822207066048
971.420064656086
3548.651804350288
584.6335894050042
4361.083207455741
1879.7716097593172
1846.7038397944882
2502.4140926269847
1675.3817450715574
2629.795248768532
4675.406498532059
1188.2079441710075
1217.8561193478624
867.2057199477638
1907.6129978344509
1944.8214293095632
2202.1108245382734
2186.6653693771827
1591.4916907068318
2378.0923595472195
2966.8605635784484
3245.2200514367814
23409.878224419164
2485.8441081715664
4395.904044024896
3248.1823037130443
4820.8106906321655
2232.3633891018694
2193.935399672932
2200.12917962474
2202.4972982503155
3017.381747235376
5597.535918953486
2366.8499666357447
3704.6009759437184
1517.9518521681312
1713.4568978360994
2109.040985189764
5151.528130304644
5279.810536993806
1988.0085184813224
4022.0636810440346
405.3464415610112
4155.917882412896
363.76508878273995
3960.5224143705254
2307.211338881893
1661.7807620800895
4696.695619283903
5662.580439953513
1379.002199729936
1337.7260423646953
1543.7743333906449
2199.6472126038257
5054.995527971203
4791.287112752938
1083.7747703376901
3561.673226725415
4119.993497121438
1529.3091800792397
1289.0990064039197
1167.1653663987438
709.4249098032765
1564.6648625730343
2510.6613822867575
2745.6289083394536
4883.750092482829
1323.1278302636665
1430.5788671135717
680.4485650360932
3225.85090738181
2029.6487343887275
1920.5656077040892
2265.805951820453
2162.2778282277895
1907.1481272251228
2927.449551761926
2010.5127317547044
563.9690420150606
3678.428814751588
1130.1695413871028
682.1302146551557
3138.8243573559234
4084.8187702526707
9228.134413466856
7979.379979424092
3295.3975130820554
2377.0514211295963
754.4948335565037
2122.8321594574836
1386.0188130011925
1360.980839475185
1057.4186081940159
2045.1300740784118
1119.4707781929333
882.5393110902751
419.9890598451337
23371.400022059915
2861.7431410658764
4919.870527994708
2900.4129305281144
2539.173692088265
1246.126112893223
3370.0973953776684
2763.180425480113
3733.6140418581913
4130.768475798939
3003.8859601673366
4121.638869402066
1772.5902731286997
2232.8990475323153
1432.606037189656
2549.988188749538
2055.2601497816236
1044.412115377745
1456.9192622325759
2211.5888826022983
2177.923667601472
2271.13555536072
641.1645323178687
1906.216498994996
1737.3170687176494
2056.179733813905
1174.9604103050717
1553.3365417935088
1623.3608192487632
1386.0877877790535
2043.9792925333436
1796.2601232261018
2926.6980453425626
625.1816813446165
4547.02065604964
2684.613724286535
2272.5957586135705
1736.2756156628604
797.0006999715285
1787.4599623352644
2877.883297189869
1467.7113375135484
1916.5980197384604
1000.2638778134317
273.69064083319796
3634.8405885838406
5388.093486123131
7567.680640813267
2296.1379682261154
2656.308758679182
419.9890598451337
87.89805537970494
1537.332227432702
1274.992619589448
836.844151282165
1978.1223512795054
2540.7202566378514
1610.4571680032452
1975.6823263931858
1701.755453141515
2470.360133269192
1756.8107565376606
976.2919445182149
2208.6477584220875
1170.768898029597
2820.992522841874
1442.3198780938167
1861.157721552632
3003.6085809928804
1006.0078127186522
849.6105250915281
1603.168932657621
2233.8827706734774
1249.252750833743
4929.413424208902
4020.9797318257797
2742.085704233567
9919.878189783201
6585.954227776146
3927.5369981631634
2654.965940875798
814.5467024196829
4604.08221254334
1370.1122483072013
4794.763965134292
2666.433194844186
2135.5423184402916
2530.6321185483826
661.7688472530776
690.5895156287473
582.9605229654101
1147.3651104700941
4579.555805351676
690.5895156287473
882.6750443767986
947.7787559621759
1270.7829797740308
985.346151521175
1172.7658716323979
608.4392688974884
690.5895156287473
985.346151521175
4696.85551311463
4383.222812784075
1019.4018645152336
865.6754208316994
1770.4277148930444
1877.450110414523
2007.0491824676537
632.738861365664
3009.4094286788845
1296.0270073018971
4405.735380187267
2165.291435807918
4254.366574691794
7357.822861307115
3553.174883008942
2895.6939404440045
3153.6437829147862
4019.7040702950844
2340.4489138516824
1280.8274567929475
2189.538722675993
3608.7031656925137
351.71310278171006
1973.914642165735
2566.832509794818
1734.2801432442416
2387.4505277920002
311.780697683117
2559.5626285354265
1426.8471652561184
1669.9084538850832
5077.236308555952
1603.6413619067043
2029.5169121730091
1626.5645535723072
1593.0178931011658
925.8180828870269
9028.488596510118
3863.2157394280075
2245.5615634296455
4669.699330840819
3334.8624333628045
2475.1494347935322
1489.6769791468548
2403.4505134663
2495.984100440535
1968.3669985383929
2602.739298507544
3194.560163549201
4419.7699504520915
2798.428601308795
975.9390967629175
1746.6335577357002
1766.9515194715257
4359.640469903892
6453.734643048309
3388.5698334055905
3478.8388649328363
180.173396814094
2331.366244578351
1907.2893200853998
1911.0327072756786
6675.03579915085
1907.8671943284198
1625.4261960334998
1458.7254438305113
5237.581467635476
1979.3447484163753
1680.0295092797628
4032.8073331961164
2268.028199192951
2629.6238536435517
1951.9894917421523
5436.377690813903
2896.3295416448054
978.573789767715
2175.529547627507
1479.6212004550575
1966.2365400844394
2061.704062199474
3095.6914831286817
2960.693515495044
2075.0340074106284
180.173396814094
2645.5806016997894
1251.5024570237179
2821.448365768555
754.4948335565037
2141.8794946897483
703.3906957314827
2987.83602480282
2320.791783599762
1411.811201971356
2134.0598761261585
1450.3690723782418
1974.9827381523662
1793.7270210956458
2717.0454179565572
1294.2884568008164
2811.274465933191
1881.5335308557978
4797.112139359284
2495.9052170965324
3027.1120599110104
1876.506307578033
1974.8638497658133
2993.4812675947096
2952.3554029669067
3620.0469577657936
1783.6166494682693
4948.89575647312
1289.4544387699943
3083.32898371178
1693.486174342137
3379.0783142874893
4175.994465937975
3299.037283006635
3798.9873591531127
2081.913793149663
2154.8057060640795
2130.020433114578
1636.4510172911587
5826.354013597407
3268.015003053507
4323.443232740585
2071.627703289826
1552.3996807798096
4810.337962199594
2840.9655630696666
1684.249607690887
1502.9755911922043
1610.5489480556207
2190.690899526334
1524.6840133316593
1498.5895865018472
1402.484180947151
1220.656017084263
2441.0583323007518
1257.7976679215847
1446.6701280749187
813.6410142630209
586.940264186683
778.3614426591498
1294.9892729490125
2156.0966062640277
1117.0470851142418
4428.277157646903
2133.2007899434534
1523.8015167022506
919.1684598687783
785.7748207322172
3707.9671673167213
180.173396814094
3547.8519981348786
691.5541084550474
4375.042571836909
2803.1527484871826
1884.5253478389013
1438.1822284499874
1238.7542140783771
2157.722330841671
1310.2640699522194
968.099594528957
1705.4853823060814
1203.9310482205137
1781.9830237155038
686.9244786610581
1050.7150993453085
1153.6329661596783
672.320238491253
5730.392694234704
4527.051796313492
1340.0597216643837
1254.5753341857694
9919.287210837114
3082.8031289920173
2098.2522605356526
1850.8964335255519
5382.617095806715
2802.3306327121995
2947.714205077438
3763.4902185923675
831.5919972059897
772.3787571155393
3969.057173413212
1657.2665809771256
1436.79808495096
1957.7925946630614
1778.4216658766247
1384.862829100422
3108.248356810179
1780.6887203820008
2043.4560234019445
3531.9295312166328
3681.18559168022
3310.502790808876
4234.63564350759
1157.5261079649956
1138.6691697485278
1727.509912634182
968.922187688942
1444.2987186361488
1825.6311331420964
1176.3843934150948
1784.9366771159498
1727.5192937186011
1338.8393391036748
3202.072094799121
2256.9779836333705
4181.690536216974
3370.6877393831032
3685.9561152063507
3413.068439162575
1604.6270530024358
1225.4354640263014
648.8508630544749
493.0123931267863
1664.2076025246345
8513.052494609723
4859.173998753521
1876.6197381696809
3142.6381379512304
1155.79133196717
2606.1239228415775
1687.9661270139784
3096.082545492521
2068.7937291440853
3422.544309580204
954.1899599933887
3934.1774651302135
3334.374307525959
2831.010284390933
5885.020443421523
978.7981825838643
3150.9099354998825
2648.7610839836993
1229.4932486690216
760.7578933254241
420.4978392325371
1239.4367446280985
399.17634321718856
518.3068793561683
2655.5872435831684
1877.0496438194916
235.65087928791942
868.5389565027799
814.7763039161805
1030.128757402571
436.0242501452321
2533.9604465979637
2794.7260324599106
484.9656282240598
443.0563545992707
142.3415644051288
356.1048912423218
914.2940982858017
882.0191881843672
854.9999915511385
1740.8445199798907
1506.5422985745977
156.4569323261734
524.6581872161312
1580.744960259854
695.7959983368283
2145.2900999622916
3214.54189270795
4411.375426864607
3587.628123905757
3432.463857614407
3336.4584324733396
4115.497695587313
4086.2574839637127
5554.671493623272
1247.0687369056095
3775.999791553571
4286.748537822794
4202.488953190303
4066.1374683288163
4135.183291726645
429.16405172900835
347.6369534295087
2998.604404123108
2207.8419587015774
1892.9400004193244
2085.5113070110892
1063.1424005256974
3652.3297313461762
1111.8830793599893
2493.9855027973003
761.691408355283
570.624622417075
1176.6817046129129
893.1779080606622
653.3895031478397
1322.701006750538
1264.3570779854722
839.3484474722218
298.03799600534893
3723.71082038518
311.2945853623684
1971.7084064258813
1873.7007518869052
326.1229360300597
468.21890805480353
1401.522028664537
1150.89909934489
1797.0508478297772
1506.14187580396
2630.952247037048
2880.8552050416997
2527.5907479264815
2091.393404957867
unigram, add-0.5 smoothing, average word perplexity: 1957.0055072786288