895.9812891213847
580.0720683954262
2282.1330419843634
973.2485614761223
4590.517401340711
451.91041929357505
1824.2583314408828
396.8838566360377
1556.3690198077086
1187.5082652359617
1000.4902261261806
672.3871502992107
2919.10062345883
806.577550953046
1438.309639910476
1466.016864907917
2104.1951832664813
1177.4783035909506
1163.1414446274248
3969.2344797512574
4215.635030352244
1873.8152145815275
4527.5176666330035
2757.199626417362
3223.9803194282927
3488.622919387019
1273.361091165517
1130.1958419583823
2512.8793121045414
5659.0957205792
3359.856164482248
389.3249008040838
686.2657130063203
1134.9102342226074
955.542581638639
816.4144080529117
1053.8838157537007
791.9151549831702
3094.67024496856
2263.595070627003
2110.5175083576223
1006.6575621297533
963.6203566001633
680.9600180814609
1538.9164092362166
831.8823345664118
519.6301677569329
973.9705319632402
801.4705504748198
885.4985674131458
534.435948932119
943.9472837716798
1107.110193424813
681.0660671699073
983.3802323382711
930.8197669736322
2476.0526999574695
1798.443279262445
2580.2550277322243
1819.8916613362678
1271.0509247629402
1944.940673779058
814.9752621371345
2231.0100837543514
1312.0796313872409
822.0388017915773
1629.6961787518908
1899.0277828885212
911.570323543182
1633.882533728973
1773.3922092887788
1223.5814592323911
1666.0338901585114
609.5154004918011
742.3888081731504
1585.2234599039236
2206.7714982262005
1705.463987228588
3446.2628503747833
2338.510860822887
3155.334398639456
1334.1386431759822
1635.7751659280725
1040.1760405092866
5911.616592978522
3114.575028086448
2565.4785087350206
2112.4941237367498
3573.1248185840914
2100.586224033727
4040.915873054016
2388.263553615084
4279.602577900509
2142.3132294018988
2935.032665981937
1577.128121974671
1573.4550728588433
2624.563278380131
4508.362761544542
779.3009210105098
3197.081394577403
758.72968556631
990.392154812229
25738.70476151366
1667.2768990125685
3552.325582848538
3808.627544358987
3040.8975271859804
2114.358904591972
2622.329215085182
2885.156177291989
1930.3712525730202
1774.599160876514
2829.9756720902615
2494.2878546168954
1356.2553419577862
87.30245235049696
5327.326220974055
767.5856266906223
1181.6382284028384
1844.010046452115
2103.9326674540393
1180.2692427703294
773.9900763810082
4310.568697097485
1822.032368292173
2034.1898591822217
963.8225650806111
296.006393114764
2163.6686101891137
1610.4069926101997
2094.642618481972
1614.1200737199265
2199.7317228308116
2463.249820907664
2758.840056826601
2672.1943379229574
2137.9849735765215
1637.3946888174391
1168.8613969906078
1216.649430002431
212.729156862381
1287.8365772518866
2675.9349743706252
2422.0936644085364
3077.886658725805
1563.0841022498626
2312.242895189155
1855.559746136935
1468.9208634131535
1234.0834072862012
4785.148145363019
2498.939530553617
1988.918414530177
2424.1811824430724
2901.20889538512
1881.739641822935
2273.52340449228
1493.3666509505656
692.8456416479842
2172.1190858318605
767.0012558075657
1966.593875083641
3676.547337582505
1586.1224836830465
1303.3112632968712
4105.593834644995
2549.0779402345215
2221.985311561451
4428.319402666679
902.2098604733591
1059.068846122156
6346.375170368895
4051.8826789650557
1330.9106533421932
2363.32749370065
1269.2126769087977
1666.6245292527146
102.32825798372285
1134.3451246369118
2676.281312620453
1661.1986677544385
1647.5152348896763
819.0896359211756
6062.583804679702
2384.0837251489065
4095.5346517862918
2873.2043494064137
2882.652195992728
1846.7247909278644
4731.1157986019025
1300.3349760283043
6598.970750424483
9018.377063038963
4633.760578611266
3631.770905957895
837.0861235672742
6038.4371047848035
758.5707140142359
3054.0032004328473
2615.0433931684715
1163.6679219211835
1449.4000876179414
2196.0569226788434
4421.598946581195
2613.22663938042
1559.2738442661237
2448.6115295768195
248.27189157042906
2112.433995525975
1360.4716661840007
2180.531142996433
1254.2464309365628
1218.1905401271351
6028.115805758909
852.2070562739548
1376.878770818205
1472.7735536806204
922.7232564623299
2695.326771990609
779.0825315022009
8644.686480702425
12714.059108859788
3280.9740734003167
5220.84457207288
3884.6157070149534
2344.659865396647
1826.4577783096727
1598.2500340416038
2174.7781685683904
349.256978681262
1460.2008610210805
1654.4805961610948
1706.825524027036
1352.5203215402064
1211.6989952078834
3645.904989606781
1148.3073191898425
1607.0922301194562
1226.0524373660724
1640.0888538579327
6457.099057029579
683.3122558967198
3437.4792217844174
2084.1166490903606
2332.4113777533753
2704.6182121627326
1895.330020638086
1742.2031560073394
3146.762165416582
2300.38570981129
3485.5058886309002
1369.4100006495632
1510.4610989753085
1847.4618645249045
3687.7585291603673
6454.396378289294
2058.0135451551787
1082.8430706263803
913.705875907512
490.5852301100544
1439.494755422246
733.3598103599212
6861.574386278224
4135.516314884041
522.3087812653409
1573.993550998963
1495.4703812912446
2092.0429224406457
2220.019402535972
2901.073774123253
675.551063232367
5577.203118881876
845.358276160127
343.42536168175127
1371.3659491139235
1257.395100088573
976.0762576995459
1445.3984496900518
953.3444485031348
698.723310912854
2385.2135013965444
1146.6723293434568
2664.7294772789155
2891.3974602141893
1692.0557837031306
1623.6781457373222
1730.7964905665453
2257.37189495801
9150.303354157011
3067.5213067738905
3901.3041884614076
2909.3624096325566
3426.4819695018837
921.9619473731934
178.98575724149336
4972.520431012331
2213.9508159480674
4319.663261798217
3213.5851502113205
4163.564722572357
2293.408537500523
1866.4453355047037
14286.545628987431
3249.8584783632164
1762.891671103428
6292.779300010463
705.8842689182541
2169.5750341224516
2844.894211630937
5318.826244530301
2213.8764818483724
2192.9150119057394
1029.510128367506
756.3039879569418
1565.0942428994279
1136.1425946144195
1968.5947718820453
1778.4859664555474
1591.776261941477
1636.6771318568608
984.3581161477597
1397.3399197301958
1148.1898254561243
2416.7082112897433
1162.2000852465821
1105.5748996815123
3370.900679855095
2339.4700296722185
455.366482204985
1300.7404802456222
2986.054570628902
1282.9878481283588
1841.2783274191704
1977.6796976114124
3443.84895683122
5097.88241169202
1805.2967124743907
5966.533099500328
2225.4389950999093
7989.320994519098
2161.198529812385
3379.7161304287583
1558.8626036396897
6146.254559928263
3192.5997585161936
10069.104539352173
701.6505107675698
2939.8650902792538
6849.590381751346
5630.010688730656
4965.022365649175
2918.8654226171793
2190.4343926411902
3338.645939216389
6286.330540638946
4700.887813026585
3174.203435564325
3370.9056590672667
3964.780437090366
2799.66263871518
3939.435431218814
1729.006587495766
1104.8757998764622
1184.0746982139074
1519.8177069040485
2039.2139851442794
2342.567720884032
1100.1432303228614
1169.1480536153852
1289.0087884376674
1594.586516884231
1545.6023611810417
1854.839659944292
3761.190991797999
2654.679794447777
1232.5469895358237
1337.9401080631105
826.0069502358695
1515.7095551589161
1507.1274310018894
2263.8568372732743
2813.4934522466006
499.2174549341126
1731.4122995507992
6494.637459389994
2490.967877927634
1373.0219874026443
1672.2814140808996
1255.110729248939
1679.1757240267345
1743.70725018635
1642.0638489472346
3007.880903419375
3170.1416070875084
3007.5973266810456
1510.7652322883016
2596.3374962398348
2239.0896418251464
2539.4818758243573
1184.610406539663
2484.5905130634596
4259.968834014389
1175.3467005390555
2456.6007953027042
1403.2591577590533
6962.610766084275
1954.7962477960536
1921.1764174072
1195.945484004043
2255.1677418874083
4334.420924329076
703.0764687222422
3996.244700497415
286.5366346564872
2476.877784192395
3272.667497254977
3137.723393463897
3074.0618850883757
1272.5526515725537
1354.2742001302001
3751.982771521153
1213.9823739327717
1509.913079201527
2210.5425321051
2116.1233680665327
2275.2030208542947
2405.3082933109763
4804.094837286942
2344.473359462702
2889.020544983822
1262.0807455933264
2677.4000647872776
449.987002550851
5679.863882041296
1543.283870950595
178.98575724149336
3893.6217810870103
1501.2376865422798
1743.0302066629558
1253.7113471257758
2720.805717184802
2699.7119976016247
2957.835590042847
3356.004608471528
5674.140319766001
2422.2797844204397
2511.662153826818
2765.6244416386876
2598.1968628591835
1489.4456240903244
1626.0610745863542
1516.7083910217784
1809.6459532726585
2741.3729114037246
1327.2141598112105
1431.960787661417
8317.163331064432
2973.7199233176266
1843.1646479023336
1888.05717920477
2437.5463515742163
1812.0726086735413
1303.02917207817
1027.5664972835937
1569.5603687605894
1628.6909512609773
3628.98768978385
2146.373010077479
2134.400125417904
1060.2396039436214
1257.8331246179582
984.6964076258231
996.7372533948383
742.3431516611037
1978.7551159606621
2719.128435739841
749.4294695290678
2184.4080687803266
2382.766985774539
2165.742634918551
11572.833830645437
6343.017452010089
2753.3108307883617
5668.731042505739
2436.3547873441266
3684.9322938932814
2704.118833799304
1841.3372014212946
1511.0170744858588
2488.153902398051
4035.6619666878273
2737.252807916558
3111.046025902125
3401.8414487119826
4553.511699610256
2099.178702351231
894.8993880572374
2355.868690834567
2124.4952515324976
3483.581205402955
3767.9475639142206
1896.945373871772
2794.248976319563
3269.081813745227
2771.360450504672
2375.104269427817
1276.643158439252
2003.925197316863
1663.9418577725155
2338.200602963058
3581.049681066216
3726.6611667075476
816.2519068686121
2669.110138962608
1734.1576603802566
3552.624691470609
2091.7386006381016
2234.8498509966676
1534.4825424678652
1835.5917084894588
3956.6092046840195
3777.725932289961
4467.277535710656
3178.7445094500545
2060.422079252248
685.9528097525932
431.41048377092244
2952.8402846812164
3728.30960912082
5711.27858000587
3347.818698218426
2453.0741577681365
2309.1792855779045
3167.8175289088663
1338.7664441735817
1754.5597862312188
2635.776394778011
3602.989516683561
2315.2853110660894
7696.049275006287
2401.047001538955
2215.924316504522
1739.1769373473244
806.7298727379859
2147.7508263506024
604.7025814169012
2274.177523307609
2258.6547804057946
1616.8147387199847
1145.1212223611305
2054.5984474484826
1099.4524392033334
1319.222422872842
1629.1602946507364
999.4065176964677
2580.064221890914
2031.1043849212651
3720.5323074978255
4264.868424295769
1888.7210327986097
4438.727496456689
3192.6846586800934
1721.6921215639843
1659.6027110005161
4095.0954733362505
648.6419520694176
1889.096826791339
2803.874661061834
3518.5759840287633
1647.5222637946622
1381.8870964145099
1609.8921349309112
1553.424325739378
2633.07603231218
2312.1013023830697
3710.9769808782507
2454.315151574294
1336.4655831848304
3270.791664925639
3351.0476564149412
1265.548962769178
1481.108582078844
1556.7755560774426
1994.4192357844006
1054.015253582715
2568.6353612343214
1227.251769786914
1479.4662051112518
2034.5403348179432
1184.3460319532646
3158.409254669391
2640.3400351258006
1441.9567250904813
1854.4751188664475
2366.67370401534
4971.41889391376
3119.6402016076977
6176.581625742554
1442.2529112360733
1802.2304659200836
1293.993243387551
1598.5837033361165
2230.225187187848
4062.3351734326816
1450.863579747285
1138.8109041645998
290.90312400771614
1446.4719245377214
1073.2473995845353
1684.6098632661833
1079.3209496780694
1067.2393509239037
916.0989351733202
1252.6821497842152
866.1410064346956
1362.9142064121402
1317.5878551449755
1257.5944273225919
565.495701415748
2108.2420196270064
1278.460123998744
744.4807413061751
1589.6726170087964
1117.217310508608
3469.599825959404
1469.9809975902085
1258.7952116255904
1571.329660006932
1610.9183775972513
1233.3471109202524
1386.8963214147611
1556.3550124721514
2125.5995524720743
1259.3071138550777
1015.8822889940328
1478.728948647687
659.0445616494604
2289.815684885859
533.7363796906116
862.531979448999
1610.8399000460665
1456.3035472652316
1233.4144962908078
1320.625337661088
1271.255118819236
2219.522615678024
927.5536033543335
901.5041762187633
1764.2441041903355
1363.3170278057491
1122.6828300639756
1019.1141267426156
895.7904574087908
1694.6675437822266
733.6122459016356
1507.8786353502041
825.8069542309252
8097.5212807670805
3353.437907908929
3711.259637179728
4355.083425965501
5884.848671601073
3896.0296212950325
4159.474811339927
1340.2361959550449
3318.1503993698234
3531.295580271105
3872.095629873171
6639.3538614859335
3842.455299314298
2965.3928638111074
2628.0749145785917
5559.5689507152565
3885.3161996489525
3579.7663659218642
2589.12773769044
2760.698545675378
1588.8213328133327
1650.5966015936815
87.30245235049696
3045.879726407326
11223.911151620296
1426.4011199324632
1375.7831692933194
1943.7463097823472
1903.6517210452473
1889.2307535601037
1832.5669295759812
6346.151092407219
4225.316858874411
1474.919526585219
5899.877249300101
4202.694359912941
5765.378212274121
3392.6259915806536
4635.310124595087
2108.719996102155
2529.212444175513
1593.7155864562842
1605.4490533855653
4558.333958573054
4183.800327434772
1970.8288620418007
2780.0670643924655
3483.7320134112847
4965.52693955541
1298.3494921123781
7294.019734815854
507.94505006417546
2022.6117985901517
3531.5529609550813
2843.8398152537493
3270.949468939471
3169.322439727322
6815.422639679694
2818.7796749543177
3671.3559679268087
2835.1486626264723
2142.3954080386216
87.30245235049696
833.6208899917077
2615.559751621058
3192.939726949676
4170.837483452654
2634.318425549965
2131.831490175503
2811.431769208712
1124.8129338951444
4870.060484860434
1267.6243077354611
5800.464652249605
1592.6491861722413
1882.3339636703754
1615.6698161607962
413.6133370574918
396.3319504582488
1394.702782321087
3299.320575501806
654.40412570445
838.9531871112039
2512.8793121045414
893.1288984637824
1591.284700095972
1173.3238719393094
1489.1455365676982
2157.4951864502927
1698.8590868046838
1703.9558052807533
1213.2742492904072
1812.629241219374
2699.928776410167
1753.3723744346696
1648.992086502274
2636.1946913527645
3358.230811926973
2119.655166376303
1929.4215899436638
2132.112443033367
1987.3214149007092
1910.9400235184723
2473.713331207672
2829.763812726335
1594.3749250447554
1485.1546789588224
1520.8560915131998
1224.849537526547
495.12620159194176
2285.13961208105
1374.0114965847395
1609.0271188134545
2350.6619644198367
777.1337517734203
1339.4267883057967
87.30245235049696
2678.5711706438515
1684.6726535397904
3417.113534762147
2858.5019483080696
1776.595553842049
3369.8465015723596
3870.079826154508
1748.126904672944
189.65259414161383
1646.2157110625158
1791.9557837207753
644.641614308334
1474.9224903590116
1492.3344115988236
1769.9554861081888
1947.540316231766
3156.4322120876855
2476.8652982122076
2800.1249135831613
14999.192302322874
8794.728184686637
2215.94459641936
1993.3114521278728
2215.94459641936
1993.3114521278728
9918.400350254573
9612.802596904497
2481.6622819775916
7602.427775372433
5860.0817256384225
6474.808180745837
7617.68820169703
1380.2339320542094
7720.465787449457
2950.2777941115432
1768.8305574270132
4404.515042498358
3838.873974493813
2166.4192700807894
2091.494175022684
2084.497903523106
4764.2353586137015
1864.2978093198144
2266.915462581726
4635.7746951635
1558.0974188896323
629.2381136962683
1572.458487842461
1538.4112117936045
3073.5450970316115
1188.5368200269336
1508.006020528239
418.821134326501
1316.8554287575437
1712.905275270287
1482.2318841831186
907.0482257111182
1666.4791796289626
1973.7976608160118
507.94505006417546
3164.56830540172
2275.1914895803034
1802.3783602637639
1633.4467243869449
1799.988778826848
1915.9104215593286
1599.8232547743082
627.1783127953099
2489.5745457299013
1640.3895372010763
2029.936509614114
5774.606297243183
3897.573618495215
4808.92544226883
2382.1993051315735
5059.737143279474
4230.38488677985
9379.122021834168
11878.810342478928
1013.7927051669255
677.8246718810133
2044.0864356124882
2088.0021692476053
2144.1458306344807
2963.1938026267594
3907.9845483122144
625.7103066741975
894.9740606065603
2839.323245372028
6435.030127271675
6034.537478756374
7744.117511664427
2779.786627176588
325.5241279095416
4797.6050682243385
4671.782165708894
3226.9838231378108
2386.1113369359045
2261.690437493646
2326.102481662603
2627.4166888182685
2064.9010844116947
3503.0052213899744
3343.9740540963858
2506.5799765050997
3584.095199817526
1431.5020070091787
2279.752233058077
1464.5033100489152
2979.0962046713
4198.579634428529
1053.8099961321911
3525.825014541857
3080.095030961483
17932.794833071348
1776.3025035878657
2699.3547487073583
631.8621077194782
1977.951393182846
3067.13880457258
947.4943793260893
3092.634716535447
1217.450764272864
3001.021509793654
4216.688759044269
1312.49944736898
87.30245235049696
5459.465691707476
2204.8732116232904
5167.384636701469
4295.422117322408
2240.0688066677417
3234.8763445675886
3329.339369264674
4076.9154427721787
2430.308832788864
2789.784718583169
1420.3083813229964
1828.769073403473
6388.044348405118
1056.2695380452617
1322.169568812015
1330.93499760173
1408.0264293580717
178.98575724149336
875.5229396205715
1223.3664826991408
2311.793219532622
8316.803076529557
5653.227645972176
11359.618745005595
3811.788232999781
552.3093613563036
924.8487825683374
1135.331378011375
825.7983255267384
1504.1272003509332
1132.352295360949
1112.533641486707
1681.673378728764
1854.9875893571034
1676.8600317817672
1466.2464481996099
1798.6600457897646
1354.700245244123
928.6703060390998
1452.8085189292851
635.7539249478102
736.1660721682678
1189.2779335426878
1156.0687933961412
435.7353558079872
1414.3407743772048
1365.2596011578114
1896.1853527477763
1932.8311032009826
1823.174073269755
1193.707319323989
2645.051493016552
2336.7204020138347
1595.008291113725
1810.5956482727265
1005.8835120148499
425.62997215705997
654.8035956587829
647.0767203841053
654.1014816643504
1345.4028039760415
2561.0923279399285
1133.258994981735
5200.905948290647
1408.5835242011763
1402.9402032869093
1939.9745877014661
1362.3312269463347
2106.021507775533
3256.0143730190453
2949.2601242879687
1589.5479904816286
3518.459315428544
1831.2469863664303
1409.5805403163515
2778.0288885517975
3338.060806720955
1693.1530952523958
1312.885021177846
1277.9931957989436
7932.01831901628
604.7025814169012
4100.488833859033
3389.6966229806926
3733.6797224305924
4880.623351780651
2336.1866860873906
2022.6271843473453
2101.316355324347
1531.9141668171112
1458.6519979580964
2605.7040240622578
808.3894358491768
1813.9276445607034
662.9652382987377
1179.24749926001
1444.5924333464263
1573.993550998963
2665.048729205876
1387.219614164734
5818.495250391519
2735.5121544525823
1643.7991685951727
2601.107077521871
1937.4256280965724
4953.2680758622055
3825.9309398878972
2912.007960547212
742.381511926547
3152.1758438266625
1552.2851001370823
1157.247532738793
1184.6097226799814
1519.456094432914
1960.6457757716837
2260.9191100331086
2522.6929345059207
7418.335034934511
3942.5333254861134
2861.3155628801132
2573.806689654851
2091.2908886717146
1712.4236089714545
2555.45730724097
2196.406105780802
2740.834913644013
8351.635357278608
2516.259119377622
1567.1029376193771
4103.160560864121
4794.334549186872
3006.445908897794
4157.731538900596
2378.169310265552
853.9200256921796
1444.973275688047
2384.3838509317984
2110.543552790166
4165.604042397305
2407.894519354601
2723.740808744865
1528.4238475116194
1022.0937354045319
1280.9942158047359
1421.2289795595123
1182.5195373026952
1144.345176355547
3035.280962355442
1778.6522047186634
3966.701587140868
2829.796490861333
1556.6271901455777
4012.4118952698277
255.43104256387036
4907.67490502022
5010.776565225912
1593.1893393869564
1723.1410956659456
1909.7031196840703
1763.8456999835605
3350.00916939341
1883.1007999044673
1020.5185193247713
1049.118114545564
2412.5581169048664
994.4635832547604
3492.0641194719365
1770.5360522002277
566.5683970894389
2339.3954215130652
577.8793955670956
1647.6931441123963
1019.2864816531466
869.779963675432
1027.2627320700515
1125.5225253912236
995.0016462897959
1015.043561292675
2465.9939221351933
3282.268002537881
1965.5545171125536
3934.09643897076
3395.6286652006793
2542.2730275705994
3036.353216359368
1709.3660973143274
1506.3841327194616
1753.7056580243902
2199.853965433946
1830.4404145348976
3185.3709685602257
2161.27412669644
3440.1856210096075
178.98575724149336
2762.0008992594294
1780.2539504788342
3821.1599071754626
7741.174684697498
2446.2704271810558
2099.254476741157
5053.847361794226
2748.1422338130637
2082.421788997099
2830.5620137341884
4793.347708777308
3038.0970054963864
2085.365247044691
2881.7802667428396
3727.021124702479
1697.9468225267133
1830.7606547338576
1266.5967630177759
1159.1801802217972
948.9036488276314
1299.164909265729
3619.0612055919582
5404.681042832573
2833.215879036627
5394.992856414419
2109.477040044616
3108.690254640578
1371.9547945882473
4066.6417019505825
2615.0023598367025
3062.970481453905
5389.322673479087
758.7360586619901
2266.197162385794
2461.1078066217046
1949.4851494225595
1624.7696270342742
2068.9839429698377
3448.6740223357338
1735.558795197011
950.1670905715495
1042.102723969836
1603.3749206881973
1150.451342712918
1671.4020814214946
4282.940874825166
6483.451867724548
3768.4131353425655
5457.838577863431
3081.550072705457
5445.597241417599
1814.7311940747936
2730.2795933021125
749.4294695290678
1996.3113924147556
2237.211766125424
1914.0104766548302
5362.103202379618
4447.536982551551
3241.26634529078
3823.6734567029876
584.5804468524865
1771.3559599421158
884.1197823076703
1282.066728280168
2270.4295828467048
1039.6800100631513
3291.3162824774836
764.357722073381
2630.118005214682
3607.1115222304124
1922.104619500627
1387.0238207220807
1931.7859423797877
3598.355387468004
2753.277122352802
2332.573379302904
943.8486180375942
750.0330110358326
3144.2298322980196
20917.970066436043
3030.1269624089286
2273.4381794232318
922.724097116815
933.2486954561559
1034.674684052372
2370.931473851923
1892.0276975352383
2662.6286737463547
703.1506322940098
644.3337164125666
1882.343992508849
1290.0075591031245
6677.947925762618
1568.5366875755756
2690.478323761331
1086.920257828969
1710.3308684499873
1600.4354145395348
1430.3601070116645
1248.7759156960624
2941.1130097814403
2311.5332771421213
2753.2659408979466
3294.752179708482
7356.225830913286
8359.910002756224
5127.9552333918555
2046.9641779212197
2595.2273185797685
6145.082676021185
1060.4001832146726
1947.110804827754
3533.571074283152
2794.4035319126942
3380.351061121685
2875.2416052784965
2270.641450538684
3265.26208259469
705.2885998850318
1344.088015967101
2158.5981510988217
697.8971120772691
1858.7674056027263
1022.1696867157893
3202.4098249858907
1656.1114955998937
2245.301055391485
1918.7184774085922
1390.8450759123273
2600.3595788730545
568.6165189846549
3516.496018155003
2351.8535823757184
2811.434522593886
1030.821146475133
711.2801908151697
3532.3951528941725
2140.6548018854423
2656.476726518576
1425.0985749712324
1155.586341804755
1588.9760745772385
7597.605308113577
4320.593057105285
2660.303779995878
6773.631771561695
2250.083104815167
2752.235238631772
465.5959933009247
1955.849755935482
1189.2050316195407
1065.4156780482963
2060.871689662007
1957.9665592570261
3546.9286985693866
2468.113725790634
902.0295032439784
1366.443291242008
1186.8264865328565
1752.347650518662
6569.553805842729
3158.7726613741006
2367.3168872317833
1484.889585626245
2190.822990875926
2045.5949879343873
1976.2108431599468
1152.5155913125182
1553.6930048938736
4929.0381899922195
2447.6012424020364
2413.9913379467844
2020.3156794099555
3547.6257059548166
1227.577504294513
1242.8978475048145
3476.376135807281
2423.4964333021
1731.9308024696202
1899.9681027504616
1723.7142549582518
2518.728994831863
7129.221931491572
2274.9814574094794
937.0878046401347
501.6288601202516
950.481446593579
694.3655404082009
2525.9870890068023
949.000284986623
2298.153945146991
8728.356849465872
5688.081910081174
1257.600324937911
1773.534993128606
2079.4011075050794
1596.231180093325
981.0585833341307
1567.103444610614
2095.5648628311455
4097.4957050400635
1794.3938135217313
2163.553600304936
3651.2191597190867
1576.6659338910144
1853.5172674735377
2299.0054946517503
1172.675693333425
1510.6059407455696
1927.850818637802
1486.1659609849703
1304.5070433206931
1032.0549403303637
667.6619296403662
2052.0202877114643
1901.6645058136385
667.7016243826201
1299.552122194596
3992.68792436922
4606.717200688992
2448.123239227916
2258.9308297380694
6250.893172266458
2489.0885413615124
1541.9767207598588
1598.45385567103
3540.7984665002355
2960.7029518977256
1767.0282370827254
1920.3273578254193
1277.4123207762107
2665.675586684098
2153.5294572409603
1282.8747975317976
1102.4592853578433
1183.053389976993
1941.2776164799484
759.2985975855612
900.5653086961447
1788.484254614806
2844.606358283036
3350.125388528375
1870.60981317158
515.4364076099783
997.0677615093432
922.9808179770504
1156.1393316349381
1406.3991965481557
1691.7496736533935
1199.392336565199
178.98575724149336
4392.092375616365
2538.7161506106513
3921.374640293839
1507.8053860573175
2127.4446790665747
1049.1064740987333
2776.488342962108
1607.6580769273814
1161.2892220174986
1706.4886695797109
2738.071731338784
3652.6866196462765
2093.773477788554
3504.157680980747
3052.6455354976474
1649.2203346300741
2226.196133815306
8859.504350593355
2565.9872276182523
3473.660570083971
2657.837655768044
1953.8281537881987
1449.9327098077506
2877.9400109336034
945.3768224044869
6234.4398166096
4021.0550654128906
6165.956714076278
4233.1477413675
1674.1298587669035
2548.0149920702393
2348.1927726531217
3231.380617212162
1419.8743322613864
1116.708646462336
883.8574693155908
6161.733997890325
2376.010890591018
2088.5227970955857
2269.8452620760704
3299.4895372642864
4358.818889847072
2353.200424087314
3293.0949715141514
3559.818627533921
4428.693039835904
5064.455513428674
2669.906541932631
1063.9700064858648
2465.130254086823
3519.293080526051
938.2861030282365
1506.0167237525807
4431.652625556673
2568.8579568296923
2875.0624144038684
5120.657734261978
1923.4622068211977
990.3698508995018
3877.9387253668356
552.8431078378521
4475.58001228857
4107.869626787548
4261.777396429279
4144.02852058433
2346.114087657357
2179.6843645418767
3641.589452237558
2740.943373719379
2091.746530304585
6578.740655506302
2371.655172665065
1945.6958552804633
2250.8347431331686
1454.5651770077864
621.1630279910091
1539.6124482026385
1552.5970798704607
2372.516812151666
2744.509655081472
43.1184401956185
3657.0644821642663
2141.4264037574058
1402.4718428967142
3404.0285854178564
3634.0567178073734
3444.2566153621647
64.5925305779017
2512.2881605088965
3605.649404136044
2039.0631196759393
1648.7980916693157
1488.651827086778
49.08308914048155
1784.5150252865515
2251.463149707399
1698.612698769982
2785.9751172737715
2114.8027890827134
1581.259902460876
3569.3554026565635
392.36617823213186
3609.3382002076287
4136.290256966052
1408.0442738766606
1718.3351185132562
1484.0698554162543
3897.9409185249174
1314.9623340360379
2795.455465798561
4250.684859895256
2108.157367134226
3712.0270810843717
3806.082460428786
2158.7397960580684
87.30245235049696
2799.984872820165
749.3543806358165
4681.579646384095
625.174800401462
1447.7572620096905
1293.7288788409307
1483.7252830648306
1426.2250560639466
1691.6534848622161
784.4257356365011
1066.7554425814137
1138.757203521101
1287.0751697977792
2070.7240137670974
852.971377249183
1360.3615899506653
2423.441347318139
1139.0731452575499
1501.9880155562062
5276.076889977888
2240.3251065970016
2530.788127598497
3634.6912493014243
1627.5716429935947
4050.6033960272407
2761.2081496670726
1889.912101922095
1207.0148300417438
741.6184065964721
816.6935972653296
1197.7159037000188
796.2600790997246
1043.9634061688369
701.7572294029761
1742.5411146918786
1712.4603711281177
1454.6250139282088
87.30245235049696
1048.0929196210334
1814.4208861557252
1177.263917562388
2581.5383976427825
651.7399238528411
912.031529846998
2402.715337492851
797.3372067321146
2164.7303285200983
3025.8109741964336
730.7644877389018
1573.610779346509
1756.890197456947
1150.6106453067619
367.9550964411157
561.7597601024825
924.5138271558694
1104.3246756579165
962.9892998417897
837.478730361381
879.0392126494004
877.6285622173622
904.7998010917174
538.181755828688
684.7729562621333
617.2588001090072
626.5812846499061
918.7033388103251
1160.7312842999863
1303.8907668104052
541.8882313977073
1093.0406776768014
650.1050874579649
571.847712846463
987.6597430721976
862.0744534047749
744.2398580803484
900.6507250698629
760.7947529442434
1167.4497825409655
702.1975526236242
1631.533714154897
487.76436295498434
1490.6053017356667
2228.551709207596
634.675944395632
873.9526227062873
1087.82383643865
897.8355774949644
1823.09535597502
211.52073834365
662.4436036774563
1295.4639649805865
1271.183528276067
390.584571333489
1001.6556813060877
899.110517684767
813.8337338148476
1004.1915745136869
922.0583252772775
909.5262039896683
1046.2706330006545
641.1327327822488
657.2962635913478
1461.101850628604
2246.9914313549157
824.9786970883798
535.2438047029221
1443.4728719633256
1822.2160164257955
1241.0411725285776
2192.5844427747334
1836.1545551176985
2438.7805955812187
835.0729839183608
1635.8345601073968
807.6072351658867
1010.2285302284913
1289.0087225181112
1561.4612742770753
1408.8619370209183
756.8659715112764
786.5701505066614
1039.1459142547865
6480.105582775713
10803.299192342913
4224.496863796977
1971.3660858975704
4161.501862304369
3357.584736227249
604.3310641152168
3409.488809212291
5424.210773903784
1818.9300294232874
1589.0052046805968
1435.6808083322496
1786.377833633258
3190.1825324700417
4292.962348940954
7132.726171172666
2098.468109175165
3447.908660274961
4107.516589237587
1764.1414879864924
4716.58354965682
2079.8735033479447
2103.2466573208258
1486.6272207424347
1386.278296240377
2618.835238546303
2284.3480990539406
1609.2509017320501
4981.568961648466
1572.0100224105624
2126.4619393293497
1344.0821581490789
2033.545615824005
3013.595106949896
2224.702616620009
1525.3900240108392
2216.52358600884
1317.341932364933
3602.5947762242968
1658.9001692953962
2373.0302751546383
420.09010358824895
1786.9361257709704
1019.7350441940803
3905.414314568074
1435.0400908685388
1026.943960838269
817.1267302112974
1305.2325742556222
1299.7530094653532
862.2210822742654
2525.466976364419
1041.2101498076652
2105.747702740043
1595.4802433764241
1192.698913644703
1657.6524490798279
2319.6410468164286
2186.449035945725
1920.2033916006408
3819.2214586059413
2453.7238065872225
2652.1056210306574
3748.3613672274587
2254.3298650220513
2480.5285925001417
2299.808788990747
2211.389391672007
1921.1822015525797
1680.5342267323047
1169.1452640483317
1939.2732824643274
726.6039036896698
2230.406895942819
1773.432899873183
1937.1335854911576
1670.7030947183107
1953.44769492525
3116.4094313012583
654.7172698315612
2239.1244366763813
428.2303462974649
2939.1621109104694
2581.336438594319
243.36078341939302
1558.7482465372932
443.4877102265449
2035.1420860760875
2393.3782882757882
1894.460323142347
1089.4866974971676
3321.757509103581
2194.2494545456266
2136.1342463661717
497.80409415789745
895.3745335415388
1659.3590654274888
939.819087281931
1583.4905464373671
1729.782448342194
1825.0602797687313
1627.799860143014
1950.9990773867503
1632.3994260412176
4589.674509787151
1710.2193239053827
2884.6923874426698
501.62683862763964
1697.944962648817
2889.1649767964595
2650.8959036350757
2148.711832823801
3636.4962597073077
2081.5639357595296
3197.1139910793327
2321.243245663951
1587.3404780347275
2462.527108488396
2387.5726554510356
3214.596997948749
3483.971090649647
3598.20760893933
2405.927099621508
2251.9735832030537
5145.162054166798
4889.05207492017
4012.775409486208
3168.7576539068396
3066.7782288862372
1701.889284532913
1448.7323796536223
2284.19353279037
1032.8011927247528
1184.3460319532646
1404.5423534688177
1385.896446512246
1838.3684225376373
1392.0446075537022
1091.1172191265193
1018.9012858718283
820.9330780212156
1035.9229002237264
583.3129447224912
2262.915186397787
2760.6041959357312
1697.1837860220314
87.30245235049696
1216.8973235285698
1184.3460319532646
646.6300801443944
165.6507805816145
443.8611924292664
1381.4440554863384
272.4343912011086
1433.7391434512133
1050.6467824619683
878.8173067779687
828.2680237884232
1032.2776995737354
839.5166225310095
692.9674264794543
211.6718776198136
2161.8089823141954
4207.458328769718
2564.6616419814773
3609.916361838381
3749.958245544865
3142.536053704831
1634.9194754016348
2071.1069080798593
2335.5332602166377
2554.2789112302917
1596.3342135096314
2711.4736634970523
3233.799644760207
627.3608410230239
3391.0916908589197
2058.807445415896
2551.210647544635
1200.127998309754
9218.939783682994
1900.5752673292695
2988.0924319728347
2501.9520008704403
2017.7758521581986
1494.312683585452
2616.520541896073
749.4294695290678
1994.3920038601466
178.98575724149336
1998.6077464052703
1818.288592319008
1033.2334121368945
1795.3339447851342
1202.6331609385886
1616.1037622582455
1159.8234435875459
1125.4618049102407
1522.7934016305608
1385.8012807247621
1497.1424704282501
1514.1551139203366
1419.9409660409895
919.8218618915985
973.1131140167907
1170.6738916838967
1422.8604800696553
2195.9406855452808
5143.516500722725
4433.851726715822
3072.7040839047854
1131.0724375579784
1769.0443899347517
1104.7059546247099
1234.2729415355552
3167.600924405077
4148.097973014126
3706.729682255929
2833.544351376956
1969.7127118153671
1659.6338299339761
1249.102805020999
2324.7198820102235
2019.0514252850771
840.5686691135899
690.0433423905786
6074.545235715678
2752.065328324546
3513.612335277738
1651.1513830946137
4408.782130779505
2580.72194935821
2271.7296395646845
1004.1820908254049
1918.6701468327315
2180.040180345273
4337.604880101755
4560.1818564492105
1951.3254228958212
1221.327633772048
1524.0522253171744
2205.877514402286
1299.1779616327342
2440.5039270953357
2111.4511401357877
1297.8676253301394
1239.7614149819558
4862.729719652672
910.38949364618
1196.313510326906
3433.3294162194848
1697.9538444482075
2052.092258896173
2063.2498612632876
2184.5227904311623
1800.311370454777
1685.0840175142298
87.30245235049696
1657.9253716122091
2326.194306860568
3740.3261341274397
2875.0147570805707
2998.168386137762
2314.1772499559047
2023.3145603584042
1615.6513911309348
994.7471633096677
1162.7444989260296
2931.9521313378086
1538.0391017299971
1376.7361263203654
881.5956231231003
2220.010173177067
759.2478539512999
1632.620104592503
2497.832377952537
891.2719708446838
2571.8614551716464
782.8624328613647
2215.9902496891586
1929.7837792061473
4023.6344735516504
1597.4988879545226
3576.8121935996414
1632.4191570344856
2163.101081832524
1339.4690318696362
1080.5887885844154
1340.639189991166
1242.656180070357
3742.155213127099
5376.844222469369
3203.688332149758
3528.681677794597
766.6084626852743
4948.7740786225695
5730.843364127592
2264.2699917440573
1849.5606396177222
1848.4843238365895
2469.8538393316894
2889.710768108068
1606.1408743233021
5016.033132973587
2874.703225014746
1535.3986574269281
1762.000487622521
2842.7561931359855
2449.616623682298
1290.786540588199
1865.9234309215683
1784.0234565276385
851.0204562267471
1699.7469027741274
4290.2878381129885
2333.03275816879
4075.640505723275
893.3866614725462
3549.1868667396143
3797.9287300283463
2775.245757340551
10535.36475194721
2544.6183060789986
1621.6622935793416
1388.1749307243117
2937.4159931119943
1596.722692793874
1375.8944385975674
1110.3298162613164
1206.6012743305432
178.98575724149336
1658.862799486398
850.0333300004653
3023.6611550732378
2280.051181370811
1372.7777502920578
1563.0211934934202
1163.9018007449197
2673.9308646397544
2481.8742844959875
2797.0378292964683
1910.9797686503787
1472.0362570211284
2979.326703823493
1108.2428279509668
2519.328298581928
87.30245235049696
2871.9165236849053
2441.9981081751357
2326.4598229985536
2042.6092706842244
3345.270566998659
3622.9742956296323
3154.9031263383717
8629.840774480614
1162.4893795448488
2378.321827499099
4290.032401252807
3081.408412754021
1631.9046020925186
2638.197690579802
2683.150706180967
5565.114250871929
3187.5327736089253
2142.9488681680773
1952.1323119614085
2658.3564394615883
3168.145942525368
2514.811622522646
2272.463517139799
1314.3514332933705
1016.3685543311955
2775.2254690009017
2667.029943841443
2644.154021988504
2174.5098496086634
4032.595021331142
3055.211507299649
3348.866737137782
3721.2958935336433
1752.4814705105348
2990.2411297504723
87.30245235049696
2750.208584219422
975.8727379484594
3694.1210777641872
4782.963467713987
1779.1903220001825
2001.9375702751227
5576.855703672553
2301.3175886527647
4389.844721561659
4006.0432632104144
1195.3196212411406
4139.378681209982
1202.0643818997758
2765.104238936892
2837.1308104790546
1940.1346019276375
2028.928062338804
1985.698030797403
2203.0844107473713
2063.824243163621
1757.4014261127934
2016.5639509660784
2126.105981634624
5927.743325175539
1779.4162088326625
1594.2965718242044
1658.9974239145215
7129.8644432390165
2593.6754424485284
1223.7247045018223
1545.9820631015998
1038.7813814024337
1682.8905794070429
1165.3844336854895
2420.7276229305876
749.4294695290678
2191.442996980828
1812.311145799524
3415.2140386820897
2635.3524473257435
2264.425308165726
4174.3778100761865
1118.071354857307
4617.697326087598
3698.8173708917066
1784.8604474985436
4261.147550904739
1958.9089269454958
2320.171005701304
3925.7391093931337
3805.8262690494066
1988.229775516049
10819.151486543798
3652.5942766132925
2876.657038548932
3379.2067770080175
808.4863322190578
2208.3463193477564
3615.2479127803003
1131.1918766795034
3114.0385677925096
1424.6797898997665
2601.9140731540856
7922.468317506972
5417.965168498814
6234.515823202524
1545.0788398964328
1242.7027847083286
2562.153588621228
1080.204275389348
1220.47717121916
2331.608961542171
2110.6165414571888
3243.534968272672
2162.7504483587454
1284.333781387593
1656.4725156720388
1466.8606856622944
1050.135884523744
1117.940838339457
741.7029809253104
1601.541509726872
1976.2685949143881
1268.9744326766609
1683.7029131495335
1762.8231794757755
2015.4087938329008
2786.2196872110076
696.4242785059675
1671.2525193493032
1564.780853597925
2133.924279378506
1021.8573025688572
1187.8830852642104
8260.38813722165
2084.093595792224
2754.802099731885
1729.7634233077774
1318.0407411775716
837.9910600344774
1658.1807925280743
1556.1282000138597
2342.729002287278
486.1550245566728
1558.9556692547303
1829.5553084929459
3444.1421501624354
1340.8987231042659
3597.283685149111
1646.9705908948158
1664.9988043767175
2987.9477079883636
2025.6623124024977
962.0686453405463
2245.5319053186313
2045.1026067893165
725.0159575499446
972.0972169819555
1042.6728474363215
6247.993609553381
5239.066725006147
1916.8963263602548
5944.239056266158
2594.4542650615713
3274.2239232158513
1259.989749716782
1249.199336042735
891.1078734058003
1768.9356531775825
1475.7846067229184
5028.582775287021
2013.6053159565781
1028.9841142184375
859.0539924989226
1185.6531559417645
1750.6575092852556
1664.7312691564396
2806.253961949823
5181.859905465589
4814.053879108816
3901.574295570871
1496.1998708968804
2542.9647361865404
1610.80227863807
2042.5084899472347
3084.480465280269
1862.1764501134928
3408.307265737066
3248.2307291412462
2470.2058825823487
4213.360858146393
269.42735602104585
2550.748866098462
5736.600109403352
3100.0794496721055
3613.253018528143
2208.3116154682793
3654.76910945961
9910.60223859137
3862.299535833856
3063.8458718851125
4031.6204664540187
8909.837254958293
3635.7696361046396
3197.574204034026
3245.4071302663833
2071.196151591268
3232.709796836666
3422.3451605863643
2580.288860468694
3258.0070700173037
5589.252429254195
2029.3205644002808
2649.305609150522
1971.747818610586
2612.0513614914707
1672.1000392129733
1856.1795813284084
1757.2213038050097
3978.70497418068
1930.0257684865203
1836.967655599112
3801.380826012302
2166.7641852574393
1740.6803777481007
2730.3874681375764
2206.99612625813
1299.426863757907
1222.6807361218634
3338.017221139224
9356.984906041786
4715.598609854629
4515.752161900636
2328.0917148366525
5827.629783605238
6300.60205500278
2349.8522991956884
3397.406318897948
4892.560830920683
5019.053960322071
2073.914550379933
4492.132456440819
5942.978143148392
7120.25340628401
628.5075454581686
1800.5592880960317
1155.045082464004
674.340533736759
8866.014793932574
2675.847859230333
3506.7677594923593
2396.06183156985
2137.5122847393463
986.2944338974014
3695.2367698631983
588.714171513686
4560.1852042695855
1882.3912779566097
1853.350732861468
2541.6861574671657
1668.4611769300318
2748.728778307221
4997.7099412252355
1201.693505697971
1235.7329557394498
873.9688369021023
1990.447841869221
2137.7009658939864
2379.7184194186752
2215.1016171661126
1614.7908536560685
2440.738701544868
3056.9508723232275
3341.05411287839
24431.16397666035
2482.9737996416097
4472.071113539577
3348.42732701137
4911.99808153684
2250.938805478868
2220.9666638753633
2216.0735356833425
2208.632941001229
3043.6950196685657
5746.731529694624
2422.5364049019317
3876.8518749353907
1521.3053940227992
1746.8924460833757
2184.0325359299654
5547.305808779654
5530.278175961842
2009.523165836548
4224.670100654236
402.1885470786957
4253.726534072918
360.54103093102646
4100.224501596169
2381.8230762984726
1701.897431343243
4937.8215487804455
5626.902149565331
1369.8598311739295
1333.2979979780614
1565.050987545017
2188.307130455586
5199.172053652571
4900.993393212212
1075.7949047352
3754.4842418164517
4231.613390094782
1571.512739215757
1300.031946817194
1174.4565778095646
703.8770717258539
1553.2726453834027
2550.2829440328946
2782.7056448731764
5231.908556873126
1453.648732491347
1502.7453903644098
675.0638390501123
3295.01676241268
2044.964195228786
2001.555341775732
2336.017309336549
2207.127089796028
1963.0561908046022
3004.068335340661
2065.915357319684
559.4728633773835
3733.815026926566
1148.098234599875
684.1584075487494
3207.6127748605018
4325.534962557081
9896.210752016998
8608.045157933848
3421.3079053320944
2359.318237910837
749.4294695290678
2108.4804570195993
1376.046684008144
1495.2166876126887
1047.7198962820655
2054.9108359895936
1111.559651327376
882.845775941436
416.50987743459143
23818.5902145065
2882.114449952026
5145.858966850033
2956.1187314428616
2632.3003825603364
1242.900396975911
3454.8787205882345
2869.7139630529873
3915.3536022130756
4221.002119649792
3123.368724604616
4243.160897309953
1785.3526675439964
2276.9663167072276
1423.5660959979148
2537.263690993779
2045.1835407723504
1035.5233036668162
1469.9881605987255
2212.348899318124
2164.328569348316
2304.9902184532984
636.1999760602328
1894.6610103251955
1726.7381634032236
2056.147314483763
1174.257912217696
1544.8196941887559
1615.2710289616489
1384.5274781935027
2053.005197163278
1786.144329511949
2919.6475940364467
633.1850007440103
4749.874702604872
2740.8175969993526
2308.7218957858763
1728.0512089988904
794.0453300097761
1782.2390285017382
2936.0963356607494
1463.3009678485025
1965.4612381204536
1031.9261258413244
271.5036723838324
3852.4739141744108
5792.9464934364
8234.146977082997
2346.856908263782
2719.879437026563
416.50987743459143
87.30245235049696
1530.399761919905
1278.8531973953602
833.0422625398543
1990.6979129922179
2576.965153678312
1617.2330249855984
2017.967912143388
1708.8149466482846
2484.500515865966
1784.8958064132892
974.3854077583613
2267.2476907740056
1163.9149684657693
2809.2205139075236
1433.637576998358
1886.6459082076497
3074.6108628814545
998.0365501966385
848.3529744237119
1624.2620660801863
2258.2993729475725
1254.1978957172516
5056.289987484324
4386.8766241545445
2841.0637839407586
10880.674742682291
7086.800448867303
3966.4832545887075
2658.33905619151
807.1234804269561
4770.332217083485
1389.0643277603306
4978.322634452408
2685.471171841058
2147.827638720441
2628.8552626213727
726.9064237861495
758.5707140142359
594.9505676659767
1261.0001562873663
5080.772070188437
758.5707140142359
969.6745187872685
950.46745612011
1300.7187645022634
1082.5921833481475
1289.0052637047143
685.9528097525932
758.5707140142359
1082.5921833481475
4999.411143586287
4578.033924525625
1032.2730839893584
934.6053392448184
1814.2929153194339
1909.6438045268042
2063.1535999385196
627.0493440256224
3079.207563532557
1287.3261785367727
4864.321950171116
2261.120487598613
4459.984873604969
7611.118793801464
3656.847957522015
2984.486197902501
3316.9809796209006
4291.50678175731
2428.3645778642526
1285.1234519454583
2225.9091341307667
3745.3100664426465
349.256978681262
2021.4746432311047
2631.721118069837
1751.1649076284116
2443.2225520686075
308.82441516351673
2655.3047742338267
1459.0897095759046
1710.176596418448
5358.427019830179
1665.1769689090725
2098.2986730772054
1638.483948059076
1598.3423752334043
930.1914651972105
9398.35389776169
3940.520175089825
2276.009255734426
4872.998637082112
3457.009039774647
2567.5415622634346
1521.2188252386043
2440.2443782085943
2583.649529720067
1985.4680850668426
2657.74992166497
3383.7870261405906
4548.77169615092
2893.476380404083
990.5677078643674
1773.19254774616
1942.5342855145384
4546.474758618587
6909.690336535879
3481.266455479354
3658.164680995121
178.98575724149336
2401.74342081074
1907.4369821914827
1929.7025235367446
7013.780728830709
1930.6440289431744
1614.8694982564632
1459.02861111011
5208.4712408249525
1998.2229673014822
1689.086691369788
4101.946538765392
2315.53730356189
2674.379582669998
1993.2360549319187
5658.828891028784
3092.214596960976
975.8727379484594
2236.136601972983
1509.2431235224308
1971.6029948555977
2066.5159384155704
3113.188686087927
3011.27199183311
2121.7424211064886
178.98575724149336
2705.1176234294235
1246.9283957282576
2800.514521067909
749.4294695290678
2127.889640250944
705.8842689182541
3051.4622966817947
2368.453832803038
1421.2550368822149
2141.857564138173
1443.1951969379113
2001.0910534343507
1826.3657623941315
2786.020975479215
1295.7966647056994
2840.5185884210678
1887.6037375913163
4865.223300491765
2554.3774407843234
3104.960289192931
1898.0146032125524
1984.3397768876655
3055.8608328466485
3063.728746523468
3674.4475976509893
1794.9940150440389
5255.399083966929
1280.543986260744
3158.1093715185843
1713.751650397947
3419.426378168072
4226.7778951470755
3338.8023876662237
3891.0976209934306
2116.296266828151
2166.562463858254
2135.0914080521
1644.8612055549556
6200.989917170014
3447.3293153805157
4746.699420614796
2077.5086086644737
1542.1456559536562
4790.487768340687
2821.0201538035362
1680.9815683419165
1491.2405039445039
1599.1671690542732
2187.022892956551
1515.4855230276296
1491.7433940711585
1395.3073372505567
1235.5802542423808
2492.394269496793
1248.9015843117584
1434.9283216610056
806.9520894515266
581.748047602657
773.2301787051109
1286.1739236733806
2149.302536467157
1146.8378331514443
4840.492238059167
2215.360564430514
1588.7531894299514
943.6191496381873
789.4359854193211
3876.5902283005603
178.98575724149336
3774.24487256295
689.3076780848884
4642.063688598681
2796.7782408224743
1879.4721096215453
1427.4546444692642
1233.3080063046236
2159.527295219816
1302.813357167773
959.5334108996037
1732.3096801608287
1193.323729779651
1775.8584697253718
681.9104944122134
1045.2510715555857
1172.437346175777
669.7855620755088
5829.482328586528
4632.358183961181
1334.9807631433437
1257.4265467134821
10850.234361363218
3185.3850607452296
2143.3462252697727
1836.9021265614815
5572.652888143981
2862.759308556197
2989.690060830339
3865.9316339148963
825.19647890412
766.6084626852743
3997.4064257155273
1663.54731261002
1428.862697840457
1970.7345385416768
1791.4100577508252
1414.9097017209288
3119.0984365160566
1773.534993128606
2041.0260881041468
3658.240950863833
3786.607593591523
3394.523840117433
4417.669920252234
1149.29219597701
1131.8015470447504
1744.6615214597803
960.9560114102288
1439.0303072934905
1878.8687782093264
1184.04074773608
1855.0063052250327
1845.66029592181
1330.8290881271269
3198.536022370318
2290.5410402025777
4258.161840015814
3474.0311723129503
3845.7547331733085
3396.214969611608
1592.543990537803
1216.3548362733754
643.3332272113299
488.679116178613
1660.2069042038272
8748.928311779157
5036.964983098234
1865.5765463524176
3231.401824372384
1152.2605954451772
2650.468577709383
1707.4260876720477
3165.9234784179953
2077.184579441397
3512.850387727244
958.2808184865628
4182.330764217689
3458.2299549357595
2929.4406736128494
6338.12143228137
998.4240875220216
3301.1189675787286
2691.087634303661
1222.5505138156618
754.5717374419575
418.69981504704236
1233.847087106502
396.57983331993637
518.4486384075157
2847.756712351806
1894.869852755127
233.77360548222993
863.449090601899
825.167812426416
1024.3590968133121
439.99859528857434
2577.128176669768
2783.6480805312835
481.0669017313886
446.2676758773643
141.25347532152293
353.4033746573723
909.8642530302129
887.9175936958168
940.5376317577155
1744.266019824509
1509.311504136459
155.2627392097401
559.412530287692
1602.3756954938133
703.1943684657115
2222.52484515844
3224.7193961540165
4709.468106968766
3798.6998669822506
3553.697786701202
3512.9567166928523
4229.476437171292
4314.028717111518
5789.84926637367
1370.9998522908595
3912.7932147670235
4505.006556537273
4360.108752633442
4274.017852129878
4287.802367607691
426.32124735355865
345.9262934861028
3066.946319390193
2219.9987202636935
1907.951970519846
2094.471397411306
1055.6922685188479
3950.6891000294254
1174.7231619737502
2523.32253894752
777.489005385711
567.7671862071371
1293.3236360654241
952.5181059362742
657.4901896725746
1416.4442786135908
1277.7046009106525
948.6781462436632
306.4992715015254
4096.417804594471
309.55690096152074
2128.1834861087946
1888.1334416761797
352.2311267374038
514.3574733176777
1483.4710093990166
1224.1938507403056
1922.7483647233134
1532.7651501918333
2880.6001456196973
2955.964941955764
2719.1059477995345
2147.812435314581
unigram, add-0.3 smoothing, average word perplexity: 1986.6242878983933