909.7839882919046
598.5288770955701
2300.3876940742794
997.7315700238769
4634.273872610364
458.4404793276452
1876.715352847399
404.40790561365395
1579.0345949408033
1198.3271439598288
1032.0322895964273
693.9335294828619
2786.6685135845773
827.7181668851682
1438.639681279089
1495.4387726578314
2019.379725237143
1198.6053713342355
1184.3052132648588
3848.1845902547993
3882.419190152481
1867.461163809462
4318.516401543139
2657.556415094113
2910.3585217217806
2965.3531012318945
1072.3806749882772
1141.9874109987443
2050.7505600162535
4888.777602197328
3085.2701476470693
401.2751305783902
708.4716400202932
1154.4747414122066
968.6385899616629
842.6179260235632
1066.1471187414347
791.7019519459266
2675.6831011848003
2001.0237392288682
2094.9181445255263
1028.9450183292465
990.0852398683073
702.7812291746305
1558.5368211326304
853.8125096260158
536.7205415681957
1002.3143805228246
827.3649775778065
913.490065770293
552.0505216886932
971.5820298956234
1137.1574410777355
701.4980437675096
1006.3314484439006
958.4612549862787
2402.7198082247237
1809.4770168769883
2451.3819096588995
1827.885248550743
1296.6778562442864
1863.5309172951806
825.1395761018304
2135.2121682255333
1346.4057216862477
831.4036311567393
1646.48085341924
1864.7638150521595
915.2606964574773
1676.888639260277
1717.2776749074894
1219.7068332084887
1651.2202203343354
627.2273894838374
745.7848107536802
1596.129064271758
2145.093205195497
1650.0284204114264
3461.2320188986823
2381.347987687311
2964.751570915819
1345.8882597392433
1653.8721320052518
1057.8482587722963
5403.779782829107
3092.980598564733
2502.1727700848473
2142.5458268240423
3437.9987757581926
2084.7283737418647
4101.580232160714
2376.240427907348
4111.295296307046
2135.9842715962654
2791.1736827753357
1592.9473619905646
1595.5205732070501
2570.7664292375566
4028.410124653787
796.7693240823463
3034.0738619285366
778.0804399278758
965.6521485789258
19289.61432611347
1557.9626442100914
3275.566209437737
3594.849169694598
2849.1597867949013
2032.6136620488824
2505.1902332713134
2651.686985431335
1957.3024013730173
1737.7521550354113
2621.690357309786
2449.4966670386775
1362.968699169208
89.37714231857551
4512.348849988073
789.0926455574428
1150.9292756189307
1863.2486909337308
2018.7502265085054
1202.7288850576197
795.9413936965492
3642.373288879522
1791.0522508659074
1979.5803981253325
979.5445338748913
300.98174588113955
2111.896436672684
1636.0038340766764
2111.7867734624665
1642.8096120016498
2243.542090590605
2391.329754841524
2603.066856132121
2382.107433868369
2059.741774020617
1623.0349058004747
1203.219010543622
1246.3268567479658
217.51611834026625
1141.9117050968584
2417.4438994831075
2291.3354518623864
2828.719668222162
1515.738519642268
2205.4690313463534
1761.597049850416
1497.587139422841
1156.0295145904913
4043.097342542559
2403.2304612335606
1902.5845983875563
2314.722280600832
2768.626955699007
1795.2774629489036
2029.796746004039
1318.8834344394265
712.3585075551752
2202.5883492068792
789.3420618987766
1960.7336731022071
3192.2720026256893
1351.6583226046807
1205.6607322503887
3628.1096463942526
2399.0614735654126
2141.891039297265
4215.550095965592
925.4600641174675
935.929360720356
5297.822511805708
4012.9338901316805
1313.2569774536287
2031.0504626038403
1293.9068179901933
1690.7514172595804
105.18986158276185
1093.397848508143
2128.364941876611
1480.5086084271848
1680.0487491028907
824.6780784746131
5224.517655800167
2278.417905763311
3597.733776105396
2699.607275457089
2717.724519476365
1819.2143842676007
4374.350538765927
1312.983486013239
5930.933809335652
8552.158845602295
4463.314739954637
3438.7091351496497
858.4742470356575
4132.249931221559
613.5305593874764
2852.845426924379
2423.6656984563747
1125.8845552185296
1471.8813802963807
2003.4132632705898
4071.088119178081
2417.9649802146755
1520.2925659908608
2293.127937417488
253.70876420063394
2057.4076893733504
1374.6138401650303
2115.0190221183207
1243.8387152743576
1253.1764087106274
6026.342794318394
880.4658567230736
1396.963527338866
1513.5064886709483
953.5631652803779
2621.927340345091
804.5526984369204
8516.88819982106
11346.077837883617
3150.1574777844276
4828.8043406273055
3887.5985329047244
2411.1406466620992
1868.140658737515
1624.541045796406
2154.3534578215113
357.80406601696654
1456.0544906614552
1667.275162865911
1711.8953327348536
1350.4243258320778
1246.1965627590891
3396.4086390443667
1183.8073920496201
1646.7954376903474
1263.0227303652018
1672.974239201467
5254.347813061135
666.6911242094246
3276.624917688021
2085.4773186405932
2195.379175584282
2556.8187017793302
1900.0351670069153
1773.1861405068369
3001.3921377072306
2267.9991453103867
3534.495253333518
1406.9129418261598
1498.5146169824257
1837.5654814051793
3065.903109109369
5533.360035252583
2109.2965198637567
1115.6584501421833
941.957756102905
506.81787980803836
1469.0671236308176
754.485455141673
6370.557780358468
3667.6594311583062
537.4566530909291
1394.851935350718
1429.8099565345078
1964.1970688653018
2060.4960694727515
2652.8104790837
691.2992880772485
5218.46708690271
870.5933452010935
347.3373376975946
1395.6461288483342
1288.1719983856487
1006.4596498296361
1463.5377425875965
971.1885047057781
720.4118773938178
2359.679404733471
1173.6159408329495
2275.5217085721647
2928.9672030862716
1736.8549685920025
1638.1151007983653
1699.6680184048214
2097.3964326379373
8898.251937420255
2959.8437943447725
3449.620592661412
2849.8249095979336
3243.81989599463
948.5485046376517
183.12031846535564
4580.329457100766
2243.1570276539965
3947.012215704384
3030.7391721574863
3779.383649850825
2156.943075623822
1852.0178106912756
12711.488215639176
2948.9563753835937
1714.9309128942123
5791.806551750218
698.8294011262678
2133.4058898566836
2465.3729472582427
4619.326014209569
2136.5945614050947
2189.2251460297366
944.3012012561061
767.7882940729417
1524.5095270450133
1119.8353664603676
1868.3690514608845
1763.082289044417
1519.3530503224547
1602.3556413021972
1004.5942791204981
1333.4606031328715
1140.5757020546664
2327.3498277950507
1175.462587712813
1119.4676540960852
3330.6808832307274
2313.077591125112
462.92681861611516
1245.3852839655121
2822.8503351271784
1297.3798078362477
1771.918932350889
1975.9534636119433
3365.4638681444444
4495.8090729562055
1734.1677456436798
5138.5107720227725
2169.1607527835986
6842.643131755211
2062.9413730093065
3076.7126552100217
1475.3234116344456
5698.9483967455035
2824.3605285302615
8137.8777069504
647.2672562373157
2809.838086175997
6015.377934539969
4849.652125989784
4541.996425213166
2709.5067960033566
2035.5351827403983
3109.179200255262
5676.068025571058
4272.070382321205
2998.096830415384
3122.6570234559917
3540.3065316806487
2603.5602071853154
3725.8533985219383
1714.9149481383909
1122.425295743935
1181.842438596764
1438.1946148660895
1926.6796570668898
2254.0971425752336
1101.7968527518926
1156.2152521562564
1249.1847020714579
1541.3637189023768
1514.9628308566776
1773.5062227268234
3421.5437478652625
2429.319172044577
1203.2232102426385
1353.8099162988772
821.8624662516673
1451.966394614735
1498.577575903307
2162.349316629264
2694.3775808722303
513.643195592834
1669.2054857652324
5709.297601532918
2217.4742716485825
1336.0969510452044
1647.3793686773265
1225.83233271652
1613.2117747433601
1667.1785821771202
1629.25877220572
2836.6241435387074
2805.22344072913
2792.416963254909
1502.018265331375
2393.014696211875
2097.6321301969174
2440.1786894668276
1189.0885139075303
2341.6391056587013
4138.0289485879475
1169.8785580316805
2427.535465804474
1390.5583619433728
6160.899614383463
1946.8913713783354
1949.527552587568
1209.674565220233
2204.8209942685176
4044.356884427476
715.746032583548
3606.131875771422
293.0021350477467
2346.805225482025
2946.1464272610538
2857.930378659446
2761.4748870960852
1243.3439323020957
1219.1501246463758
3571.732777086773
1148.4182025585287
1503.9881031904545
2132.4596750029523
2117.5630620367656
2315.3084207163547
2406.3648288499508
4640.997244751921
2325.543264121233
2436.614852934463
1285.0013591020715
2600.7695910003663
445.57446113651383
4816.059816931946
1572.9337540503645
183.12031846535564
3751.9588715233144
1324.762624829468
1754.3408214761785
1217.365854601168
2695.0871162126896
2316.740838940488
2822.4064845551993
3159.5818541007325
5241.093773996493
2083.739686028734
2289.881482393448
2468.995054129707
2413.554271598707
1406.4353146865735
1557.3763844540551
1464.2904936184848
1755.705731577054
2783.275601121467
1361.3257905166863
1458.0980541438107
7370.482038964674
2891.949442130397
1783.917684379191
1839.7884469642092
2495.998982734688
1857.8262119240567
1310.462823918616
1059.1750340603714
1525.7626749625413
1601.4704230758555
3584.426770758447
2020.456157550847
2036.3532677558712
1094.551993259987
1296.248333390358
1013.3964524015998
1024.648810890696
752.4134333034734
2022.1194076918302
2781.314851644583
767.0458675207605
2192.844433623626
2345.6593202058534
2206.268219714892
10142.0903233326
5826.465039966013
2712.2905365454367
5689.145929340677
2455.720295709153
3510.199228891365
2602.0816137770094
1753.737010093961
1477.8177023286014
2374.491918295348
3655.015592895258
2641.8970244589364
2853.0125048540544
3168.450019306523
4063.9321337487772
2047.590270872791
919.9290401326923
2291.440368263797
2032.0235538281026
3111.12588578546
3611.688249499856
1920.4926575654044
2735.0827858845973
2848.3514613682487
2697.272371103609
2313.686827474597
1272.1101598740431
1910.8297286534637
1664.7038856105337
2382.111369172916
3351.848668170556
3810.4501323684462
830.8141624405996
2562.089561331912
1717.0858604482976
3325.2653471895205
2003.657865808134
2142.9258016254353
1510.9228833670852
1826.1404023899356
3659.0287949416256
3366.8829243743903
4064.4960835794627
2938.912666448674
1879.1497219822938
521.5198816171448
431.6597856195717
2856.2721116100533
3396.2997060352086
4998.699193356021
3081.3747632923714
2380.924344099821
2255.714292378872
2838.0094901501743
1300.80074606472
1733.6638033345396
2576.227299397169
3069.674496802348
2127.4918218628122
6271.374041664833
2390.50694543489
2193.981602534533
1780.5797052370524
825.3008080332203
2111.8916562113272
616.6036417067938
2014.211026378337
2156.001432726902
1561.2685943900058
1123.003783829043
1973.2179061867366
1132.690091593636
1281.8721257257666
1638.3737641828955
1007.1827330579617
2527.038868412757
2001.8273087683083
3601.587574337978
4292.7050377334335
1867.3148261285787
3970.4346188143204
2870.8032829491176
1640.550209424002
1563.9117241759816
3735.407245452244
666.0445157006736
1882.3111001440548
2684.4252257505836
3346.1478371348194
1687.5403024308766
1417.4548947873793
1607.3838086450182
1488.6048054948178
2669.2104909560676
2308.398049719797
3543.897932170454
2455.798476028605
1369.6084722628807
2979.297670885009
3182.69895970634
1229.5835763548944
1466.2593698819717
1568.1186872770081
1893.3378561804016
1085.2872104968228
2594.5814431170156
1244.6160698534338
1520.5270142772893
1896.700561597425
1174.2130520842913
3156.1176057141615
2568.4620999926597
1365.4725903061662
1796.1670858914463
2361.038351063925
4892.336181197479
2881.47239548774
6053.495782731057
1484.9919230432622
1845.9868503461696
1327.3254065391225
1625.4380082195562
2281.571423180872
3683.277327699214
1485.1878504323472
1166.2137191466925
297.4512327842095
1476.9229090510594
1101.669540942602
1727.2006213834818
1112.7113374702353
1031.574440073272
932.3539451611151
1228.6456338610772
880.6711128820345
1365.8398094820634
1296.6221515199716
1229.208184091353
579.6538530201377
2089.1701318160094
1291.3620794850342
751.0938661197068
1520.2533547987946
1148.7843432196657
3038.1433095018933
1486.0163422087323
1289.8462613839129
1567.6733503954079
1622.4568390828094
1245.0292982483534
1429.0311454319226
1575.8127188754477
2085.142794826186
1275.4581056403404
1029.0839956138843
1475.5424952943433
659.923048079377
2233.99163001817
533.4600166806074
886.4487490773183
1624.1542829222685
1462.2377621750704
1229.45543412627
1320.6699879256616
1297.9309612366594
2219.5714549111594
951.207627780069
927.3113721324621
1765.0089599689998
1370.0220064710418
1156.6711859113468
1047.5572211797896
921.0202551341205
1717.076593452669
752.8868886933908
1522.356735960463
851.8582714826066
8183.602358392003
3327.8779460959636
3602.9578149485624
4313.238523107224
4714.540972335803
3598.450014578005
3898.8353830030906
1370.5026275597004
3095.4962307388214
3159.509853530551
3518.994206903863
6552.874198978419
3603.6842169028996
2701.3133331909
2510.9952607688724
5538.624901172452
3786.540187025048
3337.869083648129
2468.0229980486665
2681.2319726366773
1448.9014387800446
1682.426610069422
89.37714231857551
2675.774989330758
11080.710887676638
1428.8976132613975
1356.3442813939732
1786.3428091577475
1776.6521508171077
1835.3621587121015
1747.541779403732
5427.718380500846
3829.3913408427693
1495.2144575510847
5765.232152468544
4094.4776379799323
4835.139983769086
3126.03978969677
4046.3279010034025
2064.8695309011923
2481.9619941018013
1546.340377567212
1593.3643803224224
4318.7086060233705
3736.1208607390076
1921.5779269914103
2543.1322352712587
3029.1014319849482
4421.235695751405
1322.5749477906209
6284.797427020882
517.2835474034674
2047.2791005884128
3302.290447913353
2818.5447643133207
3002.029172857734
2851.9681865977277
5697.628584819303
2561.035143045382
3275.856496145597
2620.213041652725
2000.9598971127994
89.37714231857551
852.5033079015768
2658.0598441888205
3150.319834608732
3885.152610311595
2578.2622666093143
2116.726179996573
2611.8190033958604
1109.3589531502357
4652.61904651776
1274.8505172973626
5352.137345701128
1597.3059751500418
1910.7493062717538
1644.8526730037356
420.00337156837065
405.5290079397222
1420.0969192851874
3158.4414731009238
664.5558002016919
678.4710382171287
2050.7505600162535
920.4799379174342
1620.458919958299
1183.0908073361745
1487.1886524672818
1888.2190020284145
1741.3182358394422
1702.1336202527632
1212.3604216365318
1720.0611507566814
2740.3068029005244
1717.9299252295673
1659.488526940308
2546.0955443914236
3256.0517185421027
2122.6062872613356
1905.3336178130323
2130.2277715203218
1983.686920796332
1877.6316483619878
2487.110787956816
2559.7762970962067
1469.6054712349728
1437.1472297439411
1553.5309159498242
1244.2242640884167
510.1675809660021
2274.5078194516664
1364.434748273066
1530.4708458320092
2210.538010323802
801.5492922164909
1375.7876642420774
89.37714231857551
2708.8702426369173
1678.5318722699712
3411.7542838352797
2587.6376884075867
1807.202169173236
3170.76598265564
3722.6411866455273
1779.7993118636593
193.9033436334624
1675.7820785763865
1839.0494181790386
653.0399531598947
1427.5777618987995
1536.3816729279667
1820.4197243327087
1953.9289809805443
3088.814663504926
2480.362334537144
2763.6644850345174
14739.578043158068
8679.237256164164
2249.5317542261514
2025.8516618550311
2249.5317542261514
2025.8516618550311
8216.855952872886
7351.473231385659
2468.5145525441512
6265.18252855091
4709.579032784272
5822.738256785791
6328.1678662675295
1413.359959458014
6176.281864538896
2493.060153778133
1699.5940062668033
3883.1689936466855
3530.7174738037443
1912.979649737731
1915.9939415769688
2039.816683416214
4401.890812779388
1520.6411673895846
2121.2120754095904
4209.315957564794
1463.86420274406
635.5981720761654
1534.3667735344263
1500.0846167177601
2754.1173156816894
1166.2234141227316
1486.5207982150628
430.519373472661
1351.0685648766819
1595.070202143242
1470.9017393236363
896.4262185434294
1686.2829823388922
2012.8654383214136
517.2835474034674
2856.3523647112092
2125.7645898510923
1810.2078342727777
1667.2740928189025
1698.0848588294868
1915.9354299651325
1636.9034285761832
620.8241706312201
2358.9081053139553
1641.580212660077
2025.8240234754294
5480.617462346348
3384.9215922436297
4551.900650725335
2365.5927051636104
4313.648900011226
3425.6994558513356
7911.5029482482805
8804.404328080742
1015.9243186738512
689.3979731166263
1987.068309564898
2050.5522729243557
2063.785636267389
2750.041027652984
3524.5772937072843
590.6433445000279
874.4403583495257
2634.5694045675646
5436.433431824628
4847.706920642573
6200.932935508155
2635.5158093600644
334.0970084323378
4768.617449280695
4218.269730450581
3206.315821456072
2357.748395456969
2207.6334649178007
2303.6130332641337
2488.316779176703
2021.2898365179954
3233.6942589914493
3140.0588812859123
2528.3312266849503
3341.033638662544
1408.4460323923292
2238.780920111711
1428.4025492206606
2834.398805497555
3992.4082013243033
1077.90266013227
3265.2512749080743
2973.332239977796
13103.489932226887
1821.873656494774
2659.3467902079415
634.4601885613035
1932.9299891929616
3050.2707738337176
973.3892040937054
2932.2836566694427
1249.6753864163563
2786.2075558644424
3868.3953231943888
1346.0857056507389
89.37714231857551
4721.747113370877
2259.4842325407226
5028.690539425143
3985.75398860508
2177.571483675618
3030.6926422861866
3052.428942907936
3784.6071139742858
2478.71768483032
2691.9517493398944
1433.9338734004964
1785.797593098881
5652.012745619102
1000.6689814266716
1338.2767514307038
1344.0808709158212
1439.2258073993917
183.12031846535564
874.3030646659074
1172.998850286507
2036.543881634572
7155.347030073985
4896.257431689441
11162.453992381952
3603.05106248601
569.3343262667437
953.2684939020809
1161.6128283584676
849.6142772391041
1524.488864907433
1151.984631362941
1129.393785696149
1661.5010331237058
1911.0899580886764
1727.1231506437978
1504.9356394742397
1807.9509674317214
1395.495792670397
955.778014117947
1489.0334830237307
657.1730806938788
752.4539481657912
1201.7483324202553
1171.8579232080178
442.0416415058778
1430.9947854592883
1360.0945806731959
1874.6246315455585
1954.1078004184858
1859.1938382021342
1166.913239485918
2501.1246858843583
2320.565200617513
1643.216200173621
1845.9153193150435
1022.583478020731
439.56033718865433
673.9617535412227
664.8451363998439
672.1426569909852
1370.4649391910864
2583.119528514855
1155.2478767250227
5305.021323988352
1443.2520088267254
1423.1302390895394
1992.4194219194972
1392.5451765187227
2099.341398737396
3053.5265908023293
2601.6895076551095
1554.7919832945747
3503.8183749347677
1878.3900533134206
1446.6999909705733
2646.5754500978546
3110.476465623426
1716.0016440097193
1346.1215526277147
1313.806303554091
7101.705591463436
616.6036417067938
3653.0067776053743
3166.096251630746
3509.42347372501
4188.691938714762
2196.849408426025
1927.9038780267545
2005.1474475258967
1481.8233146382133
1409.3200662716276
2571.9851745450183
825.2010207090983
1742.833464516542
679.2246653649787
1209.0368829654299
1220.9200460560776
1394.851935350718
2456.417271974578
1400.7730902265655
4894.332667069009
2564.731255333791
1592.226249779171
2360.0908705720603
1895.0989100888785
4366.119351891422
3358.4336031240728
2596.918805077203
765.5777442340195
2910.6617161257677
1528.8827723975637
1069.046689373634
1133.3541972961564
1479.8571742906029
1694.8924052648197
2279.8704956928404
2472.5520160895976
7396.809268641945
3712.6201004016675
2919.3851618335552
2452.0492192027928
2066.4312984222174
1650.9978215114147
2085.325457546238
2245.797681837045
2641.9813037841204
8006.514431919468
2452.3808218954955
1604.9315671869556
3893.540341428041
4078.811115764814
2750.3822816272664
3782.9332055914256
2399.55102977276
863.7717100486103
1484.7171264237913
2329.1919729947267
2164.5035272044365
3871.0681794681777
2297.683327949632
2725.902992417504
1526.3394689221261
1040.1324972050168
1307.502009958608
1400.3162054148681
1188.7483593871837
1163.365006820468
2902.63049425269
1732.9640950289142
3698.901835353615
2511.8658184737783
1514.937101459442
3858.0800096648195
262.3110533398647
4387.014060209024
4554.32754261664
1633.3949391052965
1769.9301937059954
1839.5630189822139
1689.969766743065
3342.884015974212
1906.3754595023129
1020.1710211206772
1045.4465289578905
2320.197071049482
1000.3738720942592
3274.942610192124
1662.7253161800058
582.3216202509342
2282.422614374589
585.6956304987805
1627.9352863837398
1029.9975076774856
894.7362016088304
1041.5173746150192
1150.9195039852173
1009.2765666163215
1034.2458594080927
1987.9134468847406
3168.803557298027
1906.9554585810868
3505.442943574991
3144.3931465145643
2481.28354853149
2881.26251984666
1698.4452239986495
1535.440705968647
1782.5735278107857
2199.1569661761446
1783.7131746238795
3040.7158233552327
2180.890139584223
3406.419409303738
183.12031846535564
2783.7023125140395
1712.0937387398992
3281.090743414214
7701.245580337459
2356.297151629473
2072.0991857402396
4701.943208311379
2615.167759378883
2069.686278056412
2785.785425623154
4224.683709130504
3027.820425543983
1805.3395144646447
2863.4431934549743
3595.1991405810104
1726.5557564725268
1862.8742110551027
1302.7804596666303
1174.6242632276853
967.6790134000024
1328.3213982856666
3105.538625366856
4330.806697039597
2782.2174160180616
4611.70690397045
2035.3500392091362
2963.5373215869186
1384.047089744253
3845.0161183455043
2372.8586274841537
2897.6739027325675
4913.571475384098
740.216762498807
2161.6190573666895
2286.945994278273
1928.573985191263
1558.8585699492667
2053.0333855027848
3511.0981534320954
1726.1171754776424
973.5421111105968
1041.0898144540538
1620.3516069975765
1174.7092167368482
1555.7195909114027
4341.16708841924
5772.6201007906575
3558.052106921775
4847.365259769387
2885.479248806298
5245.201959878132
1691.85162055277
2792.310591635855
767.0458675207605
2043.6618554651025
2267.487307025128
1925.5643946477655
4866.956318777267
4121.395858835164
3067.361010131858
3557.398953059746
597.3547418630942
1722.8490644915282
784.4989313966854
1313.3444100937572
2298.6916459228196
1067.7743719384227
3295.7762883789483
785.160057138158
2637.655851825661
3680.6678819601184
1968.757238023994
1419.520985824323
1872.423410696603
3411.047511732813
2646.6224111670385
2282.1507764937633
966.9009569289454
762.8505748006568
3131.325881328838
18198.910138354477
2935.299271838582
2195.8781225850744
951.9388599559535
961.1525889717566
1012.991305366648
2430.5553892132593
1766.9546073772296
2640.3603576714863
721.3534139020024
658.0623361306201
1801.6224327822652
1295.8782982712764
6257.650878328874
1591.856241915552
2716.2768416490967
1097.3883394006466
1735.652469320538
1596.5620947823743
1442.5816627983907
1270.0827858458101
2811.0638769522757
2337.0969942944585
2549.9525663875556
3013.909299930328
6408.143652423146
7168.36904904978
4867.347355638555
1922.610140150431
2506.0526849437038
5896.291521014142
1084.815448313576
1986.2675077821018
3585.0697473964374
2660.168454383544
3203.21659615651
2908.266750679091
2306.539332434516
3322.7004699734566
723.415052451793
1363.7308275682951
2206.5347610039066
700.2717561201861
1728.7216022525145
1028.5942721772055
3104.659430192766
1688.5082345998733
2248.417549475696
1956.2700697260766
1413.9573409039951
2628.2038951374666
585.8013120409381
3392.463208061194
2267.3446535193743
2745.2537045185113
1006.3586817234241
726.9373255300164
3081.197150590688
2059.238467949633
2596.5436605888426
1446.3091634972554
1135.527628017999
1578.0147360657295
6734.370521242504
4178.117668591134
2527.5961556901384
6622.979356555289
2273.2007870005004
2673.2062776372627
464.12037434115695
1970.974917773058
1201.6021088863695
1072.6120835957395
2068.328436416675
1944.5126750059678
3593.116921060664
2475.4968355545934
925.2830564103093
1366.9679019199064
1210.6764111924504
1765.6333544000022
6044.729075484798
3211.797707640161
2389.302786625085
1524.2049442082691
2229.3141715994034
2099.7779840563276
2018.4939300029841
1174.2421398877123
1585.4227563279555
4262.231086289562
2412.697313935045
2368.2530528344128
2020.2086686697028
3479.297833256845
1254.765696727278
1252.5029461077554
3361.797310448888
2178.6569733300557
1667.5157422621694
1930.9286231230833
1689.0892709069374
2350.1172351320006
6707.361039242134
2212.009177667321
913.0989247909588
512.5356990370784
906.3019056105194
713.430853099131
2388.6789674734287
955.0093790144964
2231.262229116325
8532.324420822288
5330.672535445983
1254.4880441520486
1798.7825817960706
2028.7474341827744
1612.6927574545093
1009.0403576090956
1567.2159579829531
2088.3460575442214
4065.3122241269207
1843.5663503600742
2124.7008529441205
3487.7481848263687
1564.8630776914185
1877.5805241812836
2270.5481627083486
1200.1024196260357
1541.996826084285
1969.7402178362981
1507.2387881704776
1304.5496893306047
1063.5016263824266
683.4118746587213
2094.36668794431
1904.3519841906034
688.5515758175596
1337.7764351610797
3813.577413968176
4114.364466819222
2388.579285690651
2134.2583286502763
5468.650460876979
2437.593940453774
1568.212412488575
1593.9548662875795
3255.476190074241
3041.6346543481363
1797.9261878167247
1910.6921168082508
1316.807108137694
2630.1372940783567
2076.3175101995807
1286.3993606778477
1128.1238205056143
1217.7185701098724
1944.3852880697252
777.840553979857
928.7685239075228
1813.8695297384304
2718.5177820424087
3020.6913961841606
1781.267045380388
529.5848569408429
1005.5542666210316
937.8147089090419
1155.1812180490901
1372.4988862463404
1656.083269186547
1213.4426745989645
183.12031846535564
3727.1246916273167
2553.806752765045
3848.848373225326
1537.0944016574804
2159.756816235281
1079.1525430688707
2623.121335661987
1609.179064235365
1190.8480277469985
1654.7446188964736
2566.971240891822
3429.0037891803177
2068.520301959864
3259.192449043633
2746.0781905651356
1630.5378874341882
2008.057354903726
6324.899618047691
2276.8160633925695
3184.8641305671663
2450.4988578273633
2004.2628437368633
1452.2974306734025
2672.7862474570907
963.3159948339314
5610.479293517164
3745.423905043695
5634.4623132400875
4031.458750506199
1685.2839962700846
2414.475336153748
2347.4835118364244
3273.7314070298785
1450.5096905088049
1110.859368770864
898.9413277712177
5961.839880303771
2310.2091045212446
1966.8820665416279
2199.0030090093096
3357.6228702135386
3998.449952054088
2302.7425637602446
2900.706023083942
3485.9193896260203
4294.326462088404
4460.726043204711
2402.062557661115
1051.6561942954095
2362.3299890946687
3254.3256387684564
944.289294536271
1486.3764445009406
4331.68122845365
2591.761236371842
2578.1473167089534
5122.602842612723
1932.815800588321
974.784596963112
3375.6847666005224
566.2893716844087
3085.0326474859376
3870.189986935863
4336.796757276772
3592.084517723053
2247.872422636661
2054.721478174285
3341.795433548157
2520.022637955408
2039.1878437246448
6578.893753434892
2330.373852935148
1997.093344401993
2179.8593577254546
1477.3206191262059
634.7951604659675
1500.4200114543717
1493.1281300848618
2155.096026227319
2664.1678665156696
43.87292255290652
3312.62504259715
1999.9152354326254
1414.9848011044005
3258.1906230398336
3241.617582110737
3182.050904227417
65.66801012401751
2261.728116049773
3407.7163591818976
1977.5225925510545
1633.8661415680886
1464.20595833128
49.932038179154745
1745.9906736015378
2150.1485570918408
1698.203717027606
2721.955948823636
2032.6337955418153
1587.9554516959586
3097.5362567720185
403.76502549076815
3230.8180275966884
3577.1018129982713
1397.2648891090657
1646.4098868334008
1477.6579020593467
2841.790547069326
1331.196207261338
2517.490703588014
3748.4729462701102
1996.7337452105128
3413.7916603543435
3321.141033918788
1957.85463087087
89.37714231857551
2547.3888962436768
772.9985159686182
4064.3277129358903
630.9648994402954
1425.62858744273
1320.3977313723408
1488.8466386390558
1384.9939950937212
1549.6543171267554
778.033211365634
1045.9371800323331
1125.7016893100433
1250.8292627494113
2122.539877710684
865.6623473953719
1357.4162926171498
2269.4128945166644
1170.1754833034447
1446.4118482602057
4735.367748154662
2129.9007235890967
2444.114963838924
3587.7880020337757
1630.833266606106
3627.793860169936
2761.6681326480284
1871.4843600500049
1160.269688141197
762.3802370761406
784.7144960359057
1202.4050876847125
814.7565875702065
954.2757114876316
682.7261540041526
1694.7080712234927
1618.1399488848047
1410.9190272244418
89.37714231857551
881.3674817703047
1678.7788395886653
1110.1428821791872
2540.378301836686
664.5141731032003
922.8969539734389
2343.4085852267003
812.3942042892103
2196.8594657949034
2944.489130186001
648.0111249939846
1512.024433944437
1749.8074917323638
1141.3205706651706
371.0700158128688
580.5169463285441
948.5117575259768
1116.0155845518793
985.6248402007112
848.6126764906362
895.2028373693963
894.5043649573522
914.5366533091635
544.1471566759335
701.756615711873
637.4234482570274
645.2289368459624
944.7694134314225
1186.123491643239
1322.3988476871693
559.3749032149229
1120.9041976124074
667.9690518245413
589.5707442955998
1006.2309758844013
887.4818027132777
755.1174979411659
919.8412261557603
784.393137957302
1198.1637394167922
721.5303781803196
1653.317202704938
503.7043170732181
1487.9601343281852
2232.9377945921956
648.7309831676444
900.9142858406585
1096.746321998767
907.553060837002
1816.554431977008
217.36678291002727
673.0256392474223
1286.3900333630827
1301.9904230764848
401.7359771750996
1024.345256414564
926.9608912285682
838.6700172867766
1028.715531585624
936.9852430258579
921.2273350756175
1057.8952997623458
638.0618408022721
669.5552695269425
1483.6843576958017
2232.4358339353284
850.2645418008917
541.4644927374625
1446.7958035070394
1791.6981547823077
1245.7002595178901
2243.1686334295036
1795.5398989436167
2301.9649806717794
858.1562916261016
1529.769694930523
829.4602278361343
1011.9370389755585
1299.4282315482399
1575.6383569777142
1419.3260674616017
779.6155736570337
811.9936598900762
1068.5864818826717
5440.91636552827
7437.366695780824
3792.9265154420373
2024.5713306504747
3784.1231675468425
3100.8478733085817
524.2642575653917
2825.577763797496
4955.518766844177
1727.5481395047007
1593.8064828587783
1274.0798373890225
1721.7226499978544
3057.933022109127
3853.359309737668
5938.2617054709
1927.183650472598
3236.2044892325157
3504.4924300276525
1661.1912928282488
4312.530765594819
1975.3059906984815
1911.768194445476
1323.0465811422373
1281.6750343201984
2485.317957814326
2185.762272345869
1552.7465905774736
4330.13014363148
1428.1089628271866
1991.5696188035502
1313.780355372168
1931.3824643222108
2842.6345199352563
2122.7026190759207
1552.5906494843837
2168.2155252163357
1268.594586396717
3246.691733991864
1650.876489118531
2274.2722425693782
421.68134488413864
1688.561326140297
997.7228350658974
3517.2135345257198
1401.8103589744057
1041.3211394002967
805.4334237485975
1276.063934537173
1275.2310500697802
816.4482010524359
2369.3082674455045
1047.1831688317855
2010.0708271242218
1563.2700883904815
1127.9744792011634
1616.6847200057182
2149.7175254981207
1990.072219159686
1877.956098025513
3535.159317069872
2354.389973299537
2410.1039449536283
3487.4752318073665
2226.6886165183632
2144.469427811529
2298.3540021198996
2194.1948550283714
1870.9632653599301
1549.8655306029739
1153.3659470097932
1844.0158370646393
745.6672046039436
2172.455086940707
1750.6553811892636
1883.899325937709
1672.2541213859802
1906.9462745986636
2921.7843973215163
668.4556323685165
2111.6436654260547
439.69176614845946
2934.4465347326027
2592.240452603926
250.85913033016197
1522.3336809968139
455.12284748129366
1641.6948459535488
2291.867790337746
1905.744115824604
1113.0605650453408
3275.477178992035
1881.083193709637
1825.0676626308182
510.7566792485263
914.1132887122834
1396.7560897931319
952.8223900221222
1456.7968538424957
1728.5453843241833
1798.9597025880487
1426.857221305218
1876.4903663673435
1576.526554503927
4195.620958980269
1509.9393501467507
2548.509277597328
509.6812011425837
1682.4056194574657
2916.2725296123813
2685.7752318690873
2073.650370985529
3634.7770137083617
2080.13849607927
3023.41750647513
2345.8786860582118
1617.974220845761
2150.2587691129593
2098.4940081684745
2795.084951627367
2908.250722300273
3125.463412391538
2267.8698383833685
2191.4046613710802
4343.965457845005
4350.403962077524
3593.357318706994
3102.1114686087967
2926.718174944417
1695.7804077944986
1492.9794945464976
2351.7710579802415
1050.8333941717976
1174.2130520842913
1435.060191743007
1381.789099734323
1830.7187266474582
1428.7351623221207
1111.5715292156565
1046.519740769173
848.2541309364797
1063.0839475482653
601.0104747229018
2256.942085653108
2669.157675527524
1697.2782563992603
89.37714231857551
1248.9976528561294
1174.2130520842913
657.9689582912459
169.42892716520032
454.55231477762374
1385.4845252528075
280.64137881933874
1415.313169769811
1078.82171490435
902.5459223396056
855.7832686973411
1059.0300398149473
865.3467870842493
714.1166803025759
218.0436826002818
2169.218580180764
4000.588931003088
2478.840546262723
3536.35716215202
3630.040625268729
3030.8987420969156
1580.1742954474748
2004.5220774160643
2243.489117431517
2462.076396407927
1538.3053155173375
2679.380458738558
2872.7714881171623
642.5388547576649
3118.783791193291
1958.5653380194237
2398.7697037359276
970.4758213162511
7646.313810829308
1824.4589854078072
2703.620983321715
2561.596448148139
2055.4039656496316
1527.780830006993
2678.905064046409
767.0458675207605
2023.4009589556383
183.12031846535564
1959.1159631627183
1845.0212718473329
1008.3307426535596
1847.2822642051917
1232.6972054435912
1651.2832606333507
1158.090297875818
1158.466308759148
1548.4088661501964
1415.4418103152327
1508.7789069170126
1507.8186073940242
1405.1355504786145
942.8020648366736
991.8513076190014
1199.6272607258684
1447.39086212098
2089.8642414176256
5104.316185683668
4527.260526590716
3036.653812429276
1164.376771748017
1799.966941842204
1135.1107271639617
1240.0021020547554
3038.0265648637255
3977.4536188802977
3378.65426331563
2748.061724465155
1997.9010262884808
1687.6108022911153
1275.6100360767093
2176.054309749309
2015.2237528172104
865.9839110213013
704.8484772051517
6131.864910363765
2726.7610711600573
3481.4928566560834
1643.7103666657672
4178.446998406045
2457.380550712119
2263.6146625695624
1003.3520376104359
1958.4919089077985
2172.050280844773
4187.980295608627
4652.110829249522
1995.3806195054992
1235.1073892353334
1538.6012435737923
2130.6107602360103
1272.619711876102
2511.7382171327818
2117.4268487274844
1323.766453692805
1237.2864826296038
4501.574742537111
932.9198430870897
1206.0366295404135
3304.375678676463
1668.0773232475553
2046.7939443107036
1976.239468275335
2112.3799628059833
1771.579785578379
1666.8238091610967
89.37714231857551
1581.7287806247507
2374.4976666605676
3601.3414160789484
2836.694422411781
2892.504404904684
2139.5618679983995
2063.2207524458745
1579.4434781248406
1018.1964099572865
1190.3317165208982
2843.76048858015
1505.391849267852
1393.9504844912124
907.5671637619986
2275.1744417700847
783.5083364691811
1662.7438921618768
2415.174708034291
888.7303038036877
2592.2444472314232
797.5011785850396
2170.1447121853143
1833.7055448174851
3607.8536901383104
1545.2235262349488
3290.324682830866
1626.5357405830282
2217.6635122697485
1376.7198223127646
1086.4570852980282
1342.0252398156858
1273.8716625113766
3458.960448312429
4855.557976230805
3061.4254255263586
3390.301898109099
786.7139473287832
4569.692769942915
5140.6367443748195
2198.920574129258
1770.890711130462
1863.7974383843357
2138.2832062807656
2845.456195583202
1569.6008831689094
5070.43903116495
2839.7170702637986
1528.4611603409558
1760.546027871935
2734.620309852625
2450.2700534693467
1325.6374901524996
1901.5930221238725
1817.8385868591788
873.708002546961
1741.5980504494971
4092.4086774059956
2114.8330534031315
3697.114045264545
910.3213384803212
3490.404168483566
3360.4376116925273
2520.078450815523
9527.48410064366
2460.167450234422
1613.474681639753
1412.8421449408593
2954.176950263412
1586.4571872537445
1319.1893883228931
1143.4056026779585
1176.140832479333
183.12031846535564
1690.0431712263512
754.2720013777035
2911.92723316532
2268.7021628004354
1408.4692470494003
1589.9201082600052
1165.4287035949296
2499.3311488689633
2447.548626996616
2627.486641300295
1894.7650105345426
1441.4191439168878
2766.792409793773
1120.133913176366
2343.326384530371
89.37714231857551
2677.241984411959
2425.4943812338815
2337.057794248673
2071.9633516588033
3149.1227121642105
3486.8909877765
2764.064965236989
7775.854780423559
1193.6577100326858
2400.0866156198445
4001.807954123829
3140.1790342882146
1655.8179127185076
2663.106199292996
2489.9954151433403
4789.001131889763
3047.6160381729346
2132.944485596512
1996.706799413156
2632.9401193470885
2936.1101142056136
2526.282752665753
2187.337912708441
1339.1237792479888
1018.6008974246145
2265.31672577165
2721.115758751298
2509.2580970758336
2086.729547793374
3877.953854632547
3067.393618914019
3356.4924245967427
3411.796681366826
1724.8591522879067
2787.5304760209965
89.37714231857551
2663.6674797372907
985.470934776431
3408.296053488212
4262.1766694881235
1781.1415496583231
1942.5815356640956
4394.184708342843
2244.5007396372516
3977.457841375291
3611.633524450646
1176.9080145282483
4147.085582801626
1202.1594629778351
2587.161392443565
2645.5773789580408
1914.9202797795415
1991.6976988842555
1935.8805051499342
2162.8875160412913
1974.3572477806047
1622.7249340306105
2035.685630843285
2121.8429040337646
5047.791930482838
1817.4412136778885
1590.3383642930012
1633.4954170569674
6159.157228998869
2524.7594338319873
1229.8520301485148
1592.6814712477071
1068.2118385295855
1675.672261440253
1181.1689688663405
2482.969774173085
767.0458675207605
2201.123416742986
1841.7219721937884
3377.8644782025663
2302.625070652864
2071.8024682556857
3785.190467268705
1090.313440571394
4020.344823482352
3298.7586618380565
1827.5299681662677
4070.0836730497717
1940.6109265585367
2331.0031743124555
3515.824337825263
3413.4050093707815
1934.1836471236518
10489.121021187291
3539.612354286635
2728.485513992529
3191.7567531176796
811.5666524496402
2191.968409480803
3404.909266355711
1160.5372515258975
3062.3044054288703
1422.4611985491222
2557.11097919133
6779.994138960872
4516.076964821955
6153.832537042159
1522.6462793730377
1282.0558471778443
2473.794620154563
1094.335721877499
1221.3537724999728
2199.281784209416
2024.5253320729894
2936.2312767700932
2216.348611772567
1318.2529544511176
1656.0778200354462
1508.9323463264511
1026.7165165525953
1130.0271191126692
755.4677868509225
1491.2554643944804
2021.0016615460381
1307.2678808948413
1721.9954825909215
1616.2452148150692
2064.1426415565375
2755.3838698471254
719.5363277408469
1615.0362448956687
1576.986270045507
1967.8780257256258
1047.0086581926987
1190.2476139487476
7531.166955722567
1963.116541931376
2641.013252290652
1743.4175481275474
1341.7493662910026
849.5068352127691
1703.669451813464
1593.5508102260012
2239.8257256075
496.60043953986866
1588.1603421285358
1810.7616596334121
3316.2054614876456
1341.9773898911244
3275.7045962970005
1607.1329476469118
1637.7110442649155
2946.4513228801047
2074.9260910485473
985.7745464674139
2267.509592571028
2065.06162968291
746.0163320220632
990.2874854950963
1066.9669132436786
5685.985510605493
4872.910680628174
1848.2473839719778
5190.248755073921
2661.049904875667
2837.821181750535
1225.0116764325642
1215.0471647037978
847.7742678929718
1705.577369930364
1364.518624823842
4714.443463381509
1999.0545975373932
1062.2904014478515
868.3357919922347
1215.081119789514
1740.2749544912265
1656.331557148012
2768.47998665031
4737.367730690459
4254.3663729779455
3963.7609996996744
1439.4777037547037
2458.6723447438567
1574.875740286819
2004.10351679516
3102.2784289543056
1877.710737186576
3159.97478529751
3141.5938395981775
2241.6589025904004
3593.615098491284
274.99676663641867
2480.829945379532
5298.529112385807
2811.761503094757
3198.6354043201027
2147.5743920392165
3205.57960266124
7891.301847075016
3517.1982493365053
2877.6107187820753
3466.2722883066986
6881.217334079964
3216.540552465896
3101.4302101623225
3125.0715031866407
1933.3946935891763
2896.2258537181833
3122.884225743166
2382.0696154499688
3009.087554408802
4911.077970734889
2026.7442695425746
2540.078638739455
1961.8688169304407
2504.0077347202778
1695.9254611213744
1688.9433144219247
1749.3886639965483
3971.085834506181
1925.5176656645078
1836.0188671203014
3484.364591423532
2091.961142878499
1715.9635093756192
2648.0537388162643
2083.9450240508468
1298.2698693176028
1239.151635072507
3169.024698556744
8664.71347780144
4489.292676454431
3950.8630923275305
2361.336200469741
5387.443599220083
5320.074931871671
2275.6734636752135
3007.4670680755166
4751.918731273053
4556.025430920726
2090.9373319145993
4156.84613462863
5145.034197897017
6288.548368935214
627.2299764738877
1798.081268656015
1146.965990460156
676.012174821317
7764.1340839188515
2620.511607589178
3399.358013206527
2235.422419282832
2078.2692051419867
961.159994237696
3281.7805442050285
576.3064274617108
4087.187300049939
1885.3877256731996
1851.5918098601926
2454.371466694935
1693.7022887919718
2485.1637886053113
4308.079425485142
1179.9990751303924
1204.0045429294569
866.8621105763242
1817.6856545620371
1724.9331410989953
1998.6188228728756
2143.653566473733
1568.7929433300221
2303.094429864418
2860.9243906668953
3129.550626758663
21953.776448010416
2497.7127653008265
4281.4872897616515
3123.984731807164
4714.605463739852
2220.513148202422
2175.4203822657264
2190.8062312532093
2202.6181531261655
2991.473614882441
5354.717908990535
2315.1853138853307
3490.3774494654726
1521.8442852138485
1680.9293338361895
2018.7048605365098
4658.647217410899
4983.788581632844
1971.4825279742183
3784.038901906572
413.1954228030058
4036.6799575596337
371.80041606361266
3792.1269839095717
2218.718243224273
1620.238172756836
4397.493684662788
5750.834443304306
1401.9464250785943
1354.2611750291426
1527.3845105538583
2227.727970870077
4781.873747510383
4582.420797087979
1103.797184045888
3331.9170120629274
3977.8988830950675
1484.1481272046112
1283.7796522825606
1165.3328311731727
723.2094599563962
1593.0932695739086
2476.7017477891836
2704.837261283966
4486.049876653438
1174.9366677359553
1342.4497168306664
693.8330560052553
3147.8716157156855
2019.2729728592049
1826.0528887172304
2191.822909088199
2116.570423180665
1845.6295036003833
2845.2411883156615
1945.3125019293034
575.1508878464472
3615.643043053949
1098.905867891891
677.5495373665007
3050.127358356691
3779.6000498572557
8354.272660389712
7162.225901106503
3139.7889008781267
2421.0123756386206
767.0458675207605
2158.622312159953
1410.7660058415743
1208.588489942992
1081.587647202447
2045.5125787983086
1140.8643261778225
888.3992360054066
428.64726004300496
22417.095977737335
2843.88462639845
4633.55150834442
2827.5950919090906
2421.5582272505694
1254.752149052864
3256.4781724381646
2637.9228274733005
3520.3135719591096
4018.344983599407
2864.2855637762377
3961.50873603646
1767.8554747416465
2192.1977168341255
1455.00021844824
2582.460089972573
2081.2927646922353
1066.5837524516453
1453.1052889621196
2226.957023643947
2212.022995117018
2244.264301305559
653.6010783155784
1935.465452520391
1764.8088691421622
2063.1231801286594
1185.1281620626764
1575.3484095326373
1644.3327491842524
1394.4153812111913
2048.402853083578
1821.7988481458005
2945.7418523009264
608.1697384657992
4287.510740772738
2624.0704086070373
2231.3525357342246
1757.7842958577696
804.6854768676318
1801.9458396956625
2807.7443394771676
1482.163254048686
1866.6547345945971
967.4582800892452
279.13169259025767
3374.343805701729
4892.112189156942
6769.519451922161
2240.184771810468
2587.41839902883
428.64726004300496
89.37714231857551
1554.4933319985062
1268.3660390364428
846.3303891725052
1973.1781945968924
2500.0380678576253
1611.283914407233
1937.2539201386962
1706.799602870657
2467.2449623527177
1732.7425312534492
983.4277714872334
2146.624339361901
1189.0718886456777
2851.010436990094
1463.9306909181062
1843.5426678310628
2924.6019448021257
1026.1266388913455
859.6074091680366
1581.508597631573
2216.648524569878
1253.3104753447458
4776.538773334311
3589.609983288002
2614.472171967266
8766.766940674928
6005.517094014228
3852.5701834646375
2654.609446060334
833.0388169282973
4390.141682722492
1357.354233532271
4561.499261724798
2657.161172830261
2132.597525410223
2415.81602811448
587.9390263079997
613.5305593874764
561.6413753236385
1017.9527965409047
3938.795729178055
613.5305593874764
783.9613968480616
942.3872947952482
1215.619942291407
874.894773060262
1040.3116340923873
521.5198816171448
613.5305593874764
874.894773060262
4350.459051271797
4124.105663690823
1011.8340292253491
787.5333381949428
1723.414300800598
1843.6217610909412
1950.6524409998965
646.9219112932476
2921.1613489483734
1317.6991609683432
3866.9790708867517
2041.058918901305
3992.092618915822
6998.285177533019
3421.1527474032055
2792.9332981466046
2957.2730127686173
3691.994566116444
2240.1265741917778
1273.4906009760325
2151.7516138920073
3428.837689882744
357.80406601696654
1917.4663240822695
2493.9488536850877
1717.4045636556805
2331.871320414803
319.15570062634157
2449.2291373502026
1393.7673688574766
1621.4899512562595
4736.3105521678735
1530.4854712567137
1948.668906521768
1621.7107193524273
1600.3135596606546
928.5028075173134
8556.672370367092
3769.240137921746
2220.2045257382256
4433.478845239899
3188.7654332525995
2368.4973784729787
1458.2713651501085
2367.314328765561
2398.664557105718
1956.228073651827
2548.0736891772044
2959.330293729859
4271.190996418592
2682.3764548937775
964.4648739255254
1723.5727700062027
1566.49107212067
4112.534048133877
5865.786163948644
3275.9994225202304
3261.264222739412
183.12031846535564
2257.90876171589
1909.8141654904584
1899.8405790320514
6244.31475808562
1888.3642359556388
1652.1083831682317
1468.107382818744
5309.633788191673
1970.778413207999
1679.695656674469
3961.522428738371
2219.362794508091
2581.978526591543
1908.2722680259822
5156.88860765633
2672.133443018979
985.470934776431
2103.9998131880598
1451.7005172012887
1970.4589688407025
2071.189446745905
3092.1094551863803
2902.7114484661283
2024.7811297257474
183.12031846535564
2580.691981070023
1264.9470453467625
2873.3300833609615
767.0458675207605
2176.8855920980927
698.8294011262678
2920.9471254713258
2265.600153881867
1409.5941620809003
2135.593654834156
1468.0287704242144
1946.9321362392118
1758.1759679843044
2633.7971103837754
1299.1496132401458
2751.777923803516
1873.5175599633137
4692.528791687431
2421.0137064510586
2945.974844738337
1861.0431737999972
1972.9596064059256
2932.0504848239643
2824.0516565958383
3556.9466201258374
1778.316816366173
4582.3964536586755
1311.880410243514
2999.234564518953
1652.2927433079312
3322.887446261635
4108.028107730262
3243.8360259487727
3691.923632558465
2044.2481416588187
2148.0240573199185
2125.297050360375
1637.1191428128689
5369.510609513541
3047.1931236738856
3811.9888101365596
2064.934382055205
1577.8438924794962
4861.701215638821
2890.7564820352018
1695.7184193755081
1532.3715351386015
1639.2320747149156
2204.12360660222
1548.0081472574843
1518.139381825593
1420.91519107423
1211.633434232051
2389.2198971507178
1280.0545597393318
1475.9108521533815
830.2869974326111
599.8915812683548
791.7652250293731
1317.4300612239706
2174.6394258946493
1085.23778217791
3945.0961876872857
2044.4355256108915
1452.595919481719
895.3954162357439
789.0419261946348
3514.2680137172783
183.12031846535564
3284.251364313707
697.6412573355093
4052.0850044048952
2823.2998023379682
1899.5857951098435
1464.9334424341964
1254.2684369500519
2170.501466634717
1329.4423933175028
989.428738207278
1683.566384676941
1230.335654288591
1799.219598287125
699.3873374346911
1065.360604959596
1138.6135511806829
679.9507674844358
5550.747706413744
4390.838471605245
1354.1812001475255
1253.126652299321
8765.477722017811
2965.701416752203
2043.0999641927142
1885.7688809169683
5131.334503791032
2733.7349966748056
2895.006882766139
3641.0525843437035
847.470556805402
786.7139473287832
3939.6568319044595
1660.0391030212395
1457.8244887563803
1946.8570423327387
1770.3999593899007
1350.7412783916554
3084.5651851694543
1798.7825817960706
2052.267013199736
3366.0609798846026
3528.617357358927
3209.3794533527794
3992.958587372513
1178.1246432985342
1156.777293362656
1711.7601146195377
988.7334988782072
1460.1353314945952
1764.0210848670458
1175.2332666193881
1703.3610904257323
1595.7929003173836
1359.4195397427013
3216.4529216524197
2224.904163038514
4038.4163291526415
3242.731625292909
3481.9272639496785
3455.151557542295
1634.6961162597004
1248.1385664842303
662.7662135010636
503.81742828728136
1681.100091230953
8203.895771583379
4653.923868419089
1906.1591543655277
3042.9721222778567
1164.6881995559925
2551.70421117432
1672.5928350164434
3011.036900689886
2063.8490687842827
3310.8908040542206
946.2651904834302
3623.307905848174
3165.1970351847845
2711.8277313240146
5328.207431789827
959.7165633576524
2974.0430886071204
2595.3160011423447
1247.1596713393858
776.1363020849016
425.0009357127346
1253.596372576996
405.60949617402065
518.1804120323432
2407.4035966336464
1841.0388595305815
240.31913461003774
881.2105070641469
797.0174574495433
1044.4801497258811
428.32360881843005
2456.8540595366894
2822.305943251417
494.6555832796891
436.4556835261292
145.04790944074088
362.81352025300765
925.24644942622
870.9340835616224
756.8657531114115
1733.7370522094525
1502.4656856904999
159.4270426712572
485.6138462714228
1540.9538644871989
683.3916325980316
2050.5932466787654
3200.0169478538496
4042.8722454111535
3321.073612084142
3277.065314475942
3114.6590431307577
3961.4163489491384
3800.1435597073537
5260.88756354462
1105.5717161096813
3603.5702733785274
3993.512951784729
3994.340084969046
3801.233742442197
3942.348046647419
436.4219257066885
351.85633811561235
2904.684085579731
2196.5151423840393
1881.7304326512665
2084.1077425235485
1081.830779241706
3273.9252714795184
1042.0539548866832
2433.0519061229024
733.5265090007206
577.7141774356562
1043.7564500200212
826.3312414172968
645.8228682472715
1211.606787188817
1240.5901023237911
704.1146967498239
282.70471016383084
3226.480249749253
315.6030297571245
1767.624315677245
1844.5931649251347
296.39136839858344
415.87741392149053
1297.5644710166337
1061.700019895591
1649.272326455589
1459.4968981251739
2295.1850687040837
2732.8071200884156
2274.415424479306
1982.9707147852937
unigram, add-1 smoothing, average word perplexity: 1927.7125235288468